16071.5556
15696.7778
15519.2222
15496.3333
15712.7778
16020.7778
17331.1111
18569.2222
18810.5556
18886.4444
18960.5556
18980.2222
18881.7778
18945.4444
18991.1111
19291.3333
20144.8889
21060
20720.1111
20553.8889
20260.1111
19477.8889
18343.1111
17069.8889
16305.7778
15977.8889
15746.1111
15763.8889
15814.8889
16244.8889
17207.1111
18405.6667
18781.5556
18986.2222
19017.8889
18970.5556
18952.1111
18845.7778
18781.2222
18890.6667
19744.1111
20737.3333
20393.4444
20170.6667
19750.2222
19080.3333
18053.4444
16941.5556
16242.7778
15968.3333
15736.4444
15745.8889
15827.3333
16131.8889
17008.2222
18103.4444
18403.4444
18516.8889
18547.5556
18607.5556
18641.8889
18664.3333
18772
18925.2222
19684.6667
20724.3333
20381.4444
20011.4444
19618.6667
19046.4444
18027.4444
17023.5556
16296.2222
15985.1111
15754.2222
15664.7778
15677.6667
16104.4444
17178.2222
18238.1111
18546
18774.8889
18733.1111
18703.7778
18591.7778
18542.5556
18603.4444
18882.6667
19726.1111
20715.6667
20447.2222
20180.5556
19862.5556
19184.5556
18223.5556
17160.1111
16354.8889
15956.6667
15772.3333
15649.8889
15675.4444
16094.7778
16886.4444
17912.4444
18412.5556
18576.6667
18697.3333
18738.6667
18736.5556
18709.7778
18839.6667
19070.7778
19878.1111
20789.1111
20493.4444
20315.4444
19871.4444
19219.2222
18180.6667
17020.5556
16330.4444
15953.5556
15672.1111
15677.4444
15805.6667
16317.2222
17281.5556
18553.5556
18808.3333
18917.1111
19037
18986.1111
18929.5556
18918.6667
19082.1111
19338.3333
20209.5556
21306.1111
21183.7778
20863.7778
20425.4444
19631.5556
18426.4444
17216.2222
16395.1111
16072.1111
15955.1111
15912.4444
16035.8889
16482.8889
17650.7778
18957.8889
19221.7778
19153.8889
19105.5556
19143.6667
19065.2222
19175.2222
19289.7778
19590.1111
20526.4444
21453
21194.4444
20865.4444
20478.1111
19720.7778
18608.2222
17412.8889
16742.2222
16317.2222
16161.8889
16059.3333
16245.2222
16689.7778
17770.7778
18976
19220.4444
19272.8889
19312.8889
19332.7778
19299.3333
19387.6667
19456.1111
19665.6667
20369.4444
21442.4444
21410
20866
20520.6667
19910.3333
18676.2222
17416.5556
16798.6667
16378.3333
16180.5556
15978
16144.6667
16680.8889
17526.3333
18559.8889
18952.7778
19136
19275.1111
19524.1111
19476
19428.7778
19271.2222
19455.8889
20118.6667
21064.7778
20893.2222
20714
20220.5556
19672.8889
18599.6667
17429.2222
16535.6667
16211.1111
15984.2222
15935.6667
15986
16548.8889
17491.2222
18756.2222
18975.8889
19079.7778
19114.7778
18972
19124.8889
19040.4444
19254.6667
19608.8889
20298.8889
21381.7778
21308.4444
20962.5556
20555.8889
19811.8889
18824
17506.7778
16749.2222
16275.8889
16103.5556
16043.4444
15969.4444
16542.1111
17279.3333
18567.1111
18979.8889
19240.2222
19208.3333
19324.2222
19070
19102.6667
19222.1111
19390.4444
20201.2222
21312.1111
21162
20872.5556
20485.1111
19868.7778
18745.2222
17409.2222
16708.1111
16349.4444
16144.6667
16047.7778
16178.1111
16527.1111
17428.8889
18607.1111
18914.6667
19202.4444
19406.1111
19407.4444
19443.3333
19475.7778
19529.6667
19634.1111
20327.4444
21294.6667
21319.5556
21131.5556
20721.8889
20015.6667
18862.6667
17340.3333
16795.6667
16352.5556
16225.1111
16316.2222
16387.2222
17020.1111
18041.3333
19279.7778
19627.6667
19823
19874.2222
19755
19774.6667
19794.8889
19881.4444
20042.5556
20837.2222
21759.7778
21625.5556
21333.8889
20813.5556
20190.7778
19090.2222
17904.8889
16977.4444
16599.8889
16490.4444
16398.6667
16621.7778
17005.2222
17988.6667
19190
19582.5556
19844.7778
19990.7778
19932.8889
19730.3333
19793
19873.6667
20040.6667
20782.3333
21730.3333
21495.1111
21248.7778
20914.8889
20264
19120.6667
17784.8889
16988.1111
16630.5556
16509
16472.6667
16493.8889
16983.7778
17921.5556
19043
19368.7778
19651
19727
19706.5556
19623.8889
19605.3333
19638
19826.2222
20602.3333
21574.7778
21339.3333
21009.6667
20788.7778
20268.3333
19250.2222
17870.8889
17064.6667
16747.8889
16566.7778
16514.6667
16620.7778
17029.4444
17996
19226.8889
19661.7778
19739.3333
19733.8889
19862.3333
19801.1111
19800.5556
19869
20041.5556
20862.8889
21875.4444
21809.7778
21465.5556
21000.6667
20450.7778
19258
18101.3333
17261.1111
17013.8889
16805.3333
16713
16822.7778
17036.5556
18222.4444
19368.4444
19767
19912.1111
19935.7778
19972
19831.6667
19707.5556
19759.2222
20023.1111
20798.3333
21728.5556
21471.4444
21309.2222
20918.3333
20387.5556
19287.3333
17988.7778
17138.3333
16695.4444
16664.5556
16602.1111
16691.7778
17041.7778
17942.4444
19123.3333
19599.3333
19698
19613.4444
19816.7778
19672.7778
19699.6667
19645.3333
19786.5556
20669
21753.8889
21564.1111
21247.2222
20898.3333
20066.4444
18978.4444
17630.2222
17008.8889
16581.4444
16394.4444
16378.5556
16462
17029.8889
17866.4444
18996.4444
19460.3333
19662.2222
19732.7778
19711.1111
19582.6667
19593.6667
19640.3333
19693.7778
20504.6667
21584.1111
21387.7778
21119
20842.1111
20216.5556
19025.3333
17851.8889
17113.5556
16653.8889
16341.7778
16334.7778
16475.8889
17115.5556
18206
19295
19671.4444
19801.4444
19822.8889
19651
19588.5556
19752.6667
19548.4444
19788
20595.7778
21666.4444
21590.8889
21325.3333
21043
20387.1111
19093.5556
17851.4444
16884.6667
16482.2222
16353.6667
16402.6667
16456.6667
16859.5556
17813.4444
18811.3333
19392.5556
19650.3333
19853.6667
19858.7778
19705.5556
19651.4444
19597.6667
19750.8889
20516.7778
21540.6667
21356.2222
21120.3333
20764.2222
20088.5556
18884.6667
17711.3333
16847.7778
16395.4444
16204.2222
16087.6667
16144.4444
16669.4444
17670.6667
18657.2222
19197.6667
19492.8889
19633.6667
19511.8889
19515.6667
19538.2222
19600.6667
19638.8889
20501
21275.3333
21110.4444
20780.4444
20569.2222
19779.1111
18864
17719
16936
16508.1111
16256.4444
16195.5556
16284.1111
16551.6667
17308
18356.1111
18983.7778
19463.3333
19657
19707.3333
19674.8889
19479.5556
19337.6667
19381.2222
20127.4444
21218.8889
21039.4444
20775.5556
20382.6667
19679.1111
18665.6667
17553.5556
16729.4444
16102
15848.6667
15705.6667
15795.8889
16106.8889
16698.2222
17622.7778
18099.4444
18469.5556
18605.1111
18526.6667
18337.4444
18212.8889
18116.6667
18194.4444
18816.1111
19762.7778
19448.2222
18938.1111
18593.7778
18124.5556
17501.6667
16781.1111
16040.4444
15461.5556
15122.5556
15021.1111
14998.8889
15116.5556
15480.2222
16138.4444
16762.4444
17335.1111
17505.5556
17664.3333
17641.8889
17428.2222
17420.5556
17442.1111
17900.8889
18560.1111
18235.5556
17867.4444
17599.2222
17383.5556
16977.5556
16327
15685
15317.8889
15041.6667
14928
15027.4444
15290.1111
15645.4444
16366.7778
16855.8889
17262
17273.3333
17392.6667
17328.1111
17355.1111
17457.2222
17610.4444
18175.6667
19268.3333
19164.1111
18910.6667
18763.6667
18299.3333
17594.4444
16795.2222
16201.5556
15910.1111
15730.8889
15528.7778
15697.3333
15934.8889
16521.2222
17371.8889
17650.7778
18174
18591.4444
18879.6667
18850
18838.3333
18799.6667
19030.8889
19708.5556
20645.7778
20443.4444
20103.1111
19709.2222
19133.5556
18096.1111
17216.4444
16504.4444
16219.2222
15955.1111
15877.1111
15959.1111
16299.2222
16915.1111
17781.4444
18282.7778
18739.7778
19153.7778
19222.5556
19087.2222
19036.3333
18969.3333
18985.5556
19642.7778
20835.8889
20637.8889
20405.4444
20137.4444
19511.3333
18682.8889
17700.7778
16947.5556
16497.1111
16260.6667
16186.3333
16332.4444
16728.3333
17394.2222
18140.8889
18483.5556
18937
19116.5556
19258.4444
19236.3333
19202.8889
19103.4444
19262.1111
19763.2222
20788.6667
20722.2222
20711.3333
20414.2222
19663.2222
18759.5556
17739.1111
17184.3333
16805.8889
16552.7778
16430.1111
16529.7778
16818.4444
17296.5556
18233.2222
18703.4444
19043.1111
19307.4444
19447.8889
19476.4444
19367.5556
19309.4444
19366.6667
20012.8889
21195.6667
21076
20622
20316.2222
19761.6667
18860.6667
17876.4444
17098.5556
16710
16509.1111
16398.8889
16418.1111
16612.1111
17142.7778
17726.3333
18211.4444
18690.7778
19009.3333
19109.6667
19038
18901.7778
18897.5556
19179
19752.5556
20701.3333
20478.6667
19859.1111
19293.5556
18720.1111
18123.8889
17527.7778