17395.5556
17180.8889
16892.8889
16944.3333
17045.8889
17592.5556
18631.5556
19816.7778
19975.5556
20233.3333
20421
20401.5556
20308.6667
20271.4444
20162.5556
20488.7778
21165
22118.6667
22500.3333
22015.4444
21584
20631.2222
19320.3333
18328.8889
17705.1111
17308.7778
17195
17199.7778
17413.2222
17798.2222
19010.7778
20332.2222
20625.2222
20740.2222
20755.8889
20718.8889
20555.6667
20381.8889
20188.7778
20284.4444
20984.2222
21966
22419
22018.8889
21666.8889
20836.4444
19846.6667
18653.7778
17917.3333
17563.2222
17453.4444
17262.1111
17443.2222
18097
19223.6667
20385
20675.3333
20645.3333
20513.2222
20430.1111
20172.6667
19894.2222
20023.4444
20128.4444
20541.5556
21467.1111
21917.6667
21534.3333
21185.6667
20497.4444
19421.2222
18207.4444
17492.1111
17114.4444
16858.1111
16811.3333
16907.4444
17468.3333
18496.2222
19873
20065.4444
20263.4444
20288.3333
20182.1111
20060.7778
19942.1111
19763.5556
19892.7778
20298.3333
21268.4444
21734.4444
21333
20922.8889
20184.6667
19103
17973.5556
17339.3333
17056.4444
16920.8889
16901.1111
16958.2222
17622.5556
18447.8889
19588.3333
19703
19943.1111
19859.1111
19901.5556
19813.4444
19789.1111
19593.6667
19739.5556
20308
21412.5556
21709.2222
21477.5556
21008
20054
19159.6667
18067.6667
17446.4444
17063.5556
16943.1111
16884.6667
16989.3333
17570.6667
18698.3333
19912.8889
20259.3333
20154.4444
19997.1111
19961.2222
19705.8889
19528.5556
19382.3333
19480
20160.6667
21114.5556
21696.8889
21501.4444
21183.1111
20237.5556
19265.2222
18143.1111
17308.2222
16938.5556
16921.2222
16915.1111
17071.8889
17587.8889
18619.8889
19781.3333
19859.6667
20012.3333
20175.3333
20063.5556
20031.6667
19744.5556
19716.6667
19871.3333
20348.1111
21289.5556
21906.3333
21412.1111
21046.7778
20350.5556
19312.2222
18002.4444
17452.1111
17189.6667
16985.4444
16948.1111
17074.5556
17753.1111
18946.2222
20298.6667
20486.1111
20621.3333
20622.3333
20436.3333
20301.1111
20171.4444
20157
20322.8889
20832.3333
21740
22350
21971.7778
21542.3333
20635.5556
19498.3333
18310.5556
17531.1111
17262
17087.1111
17150.8889
17215.3333
17831
19222.3333
20492.1111
20774.5556
20757.1111
20611.7778
20441.8889
20308.2222
20150.1111
20033.5556
20030.6667
20741
21659.5556
22366.6667
22108
21678.5556
20741.3333
19610.3333
18322.1111
17531
17113.2222
17062.3333
17037.4444
17307.1111
17939.2222
19302.2222
20517.7778
20675.4444
20656.7778
20611.7778
20360.2222
20235.3333
20285.8889
20102.3333
20116.7778
20685.3333
21767.4444
22406
21980.1111
21538.1111
20796.3333
19621.7778
18375.1111
17504.2222
17255.2222
17141.4444
17141.6667
17197.2222
17789.1111
19044.7778
20270.2222
20530.1111
20786.2222
20859.4444
20613.1111
20264
20277.3333
19992.5556
20049.2222
20542.3333
21398.3333
21943.6667
21673.8889
21246.3333
20463.3333
19411.3333
18246.6667
17355.3333
17280.4444
17230.6667
17134.6667
17297.6667
17728.2222
18771.6667
19880.7778
20070.1111
20203.2222
20173.8889
20275.7778
19908.4444
19703.3333
19677.4444
19724.6667
20257.5556
21166.8889
21766.5556
21664.1111
21184.3333
20551.7778
19501.5556
18385.1111
17725.7778
17427.2222
17210.5556
17299.2222
17458.4444
18025.7778
19131.4444
20166.5556
20266.2222
20239.1111
20186.1111
19937.6667
19773.1111
19627.4444
19493.4444
19453.6667
19875.6667
21001.8889
21655.1111
21479.1111
21014
20327.3333
19361
18168.3333
17387.3333
17062.5556
16878.5556
16899.7778
17208.2222
17564
18513.8889
19483.2222
19715
19696.7778
19648
19405.4444
19250.4444
19209.4444
19154.2222
19276.4444
19771.5556
20817.7778
21361.8889
21071.7778
20673
19893.4444
18830.5556
17832.5556
17286.5556
16989
16843.1111
16672.8889
16781.2222
17331.7778
18391.5556
19421.1111
19686.3333
19789.6667
19691.7778
19736.2222
19590.6667
19516.2222
19400.4444
19592.6667
20092
20857.3333
21596.2222
21250.3333
20837.3333
20042.7778
19008.3333
17852.8889
17122.5556
16806.1111
16638.7778
16654.3333
16840.7778
17498.4444
18521.3333
19516.6667
19771.1111
19955.2222
19915.5556
19878.1111
19708.6667
19487.1111
19405.3333
19409.6667
19812.3333
20539.3333
21247.5556
21091.2222
20676.6667
19893.2222
18975.8889
17827.2222
17230.3333
17015.3333
16900.1111
16940.8889
17048.5556
17591.2222
18494
19254.6667
19377
19501.4444
19487.8889
19458
19321
19237.5556
19172.4444
19261.6667
19720.6667
20507.2222
21110.8889
20896.5556
20609.4444
19978.2222
18832.4444
17884
17365.8889
16982.6667
16845.1111
16826.4444
16988.7778
17359.2222
18325.1111
19103.1111
19225.8889
19343.1111
19368.8889
19255.4444
19023.4444
18732.2222
18622.2222
18702.1111
19292.3333
20253.6667
20992.4444
20757.3333
20324.6667
19561.3333
18498.8889
17574.1111
17043.1111
16856.4444
16680.5556
16653.1111
16704.5556
17139.4444
18003.8889
18775.3333
19145.5556
19179.2222
19212.3333
19147.4444
19152.4444
18981.3333
18913.2222
19008.4444
19481.1111
20066.2222
20810.6667
20712.3333
20244.6667
19617.7778
18630.8889
17558.6667
16926.7778
16476.8889
16410
16401
16649.5556
17014.5556
17812.5556
18685.6667
18756.1111
18898.2222
18977.3333
18993.4444
18873.7778
18622.5556
18478.3333
18608.6667
19088.2222
19955.1111
20770.4444
20513.2222
20122.8889
19417.8889
18564.3333
17594.2222
16847.5556
16443.4444
16254.1111
16358.2222
16460.7778
16899.4444
17703
18681.7778
19101.6667
19197.5556
19312.8889
19352.3333
19268.7778
19174.5556
19242.2222
19358
19845.5556
20649.5556
21281.7778
21028.5556
20615.2222
19922.6667
18857.1111
17698.5556
17012.4444
16811.5556
16577.8889
16552.5556
16665.6667
17218.6667
18360.2222
19471.6667
19624.2222
19530.3333
19554.1111
19519.2222
19453.1111
19282.5556
19081.7778
19223.6667
19744.8889
20468.7778
21105
21048
20687.2222
20017.6667
18789.8889
17676.7778
17085.3333
16766.1111
16596.7778
16658
16762
17226
18382.4444
19382.3333
19572.2222
19739.2222
19787.4444
19650.8889
19439.3333
19439.4444
19165.1111
19251.3333
19699.8889
20399
20969
21000.2222
20553.3333
19729.7778
18641.1111
17624.5556
16982.5556
16630.5556
16511
16468.2222
16595.5556
16970.4444
18119.6667
19091.7778
19545
19682.4444
19736
19744.7778
19719.2222
19681.2222
19496.8889
19454.6667
19979.3333
20775.6667
21305.1111
21078.5556
20512.3333
19762.3333
18822.1111
17646.5556
16972.7778
16639.8889
16419.5556
16313
16466.2222
17050.8889
18272
19225.7778
19601.4444
19733.8889
19738.2222
19557.4444
19366.8889
19240.1111
19090.8889
19006.6667
19550.1111
20337.6667
21318.3333
21211.1111
20715.2222
20035.7778
18876.6667
17711.4444
17166.6667
16922.4444
16773.4444
16688
16780.1111
17387
18538.1111
19428.6667
19446.8889
19435.3333
19331.5556
19345.7778
19194.2222
18958.2222
18830.2222
18949.1111
19425.8889
20343
21405.2222
21215.7778
20735.3333
19850.8889
18920.1111
17877
17100
16820.2222
16611.4444
16650.5556
16775.3333
17230.4444
18102
18972.1111
19238
19173.7778
19178.7778
19138.5556
18910.8889
18799.4444
18760.2222
18829.1111
19238.2222
20042.1111
20856.4444
20665.1111
20083.2222
19357.1111
18473
17415.8889
16771.1111
16443.6667
16202.3333
16332.1111
16340.6667
16833.7778
17782.8889
18550.4444
18709.5556
18775.3333
18841
18802
18590.6667
18487
18405
18520
18992
19565.6667
20366.6667
20480.8889
19965.3333
19346.3333
18232.7778
17229.8889