16443.4444
16111.1111
15822.2222
15882.4444
16090.2222
16700.6667
18039.2222
18961
19313
19329.7778
19279.7778
19237.2222
19238.6667
19106.6667
18992.7778
19153.8889
19728.5556
20268
21033.8889
21096.6667
20609.8889
19726.1111
18549.1111
17554.5556
16894.6667
16484.1111
16262.2222
16311.5556
16491.6667
17063.8889
18197
19166.3333
19630.7778
19622.5556
19499.1111
19414
19206.6667
19006.2222
18922.8889
19183.3333
19645.8889
20445
21299.7778
21482.8889
21014.5556
20202.8889
18932.4444
17776.3333
16980.7778
16616.8889
16436.7778
16408.2222
16694.3333
17414.6667
18682.5556
19626
19859.8889
19691.7778
19684.7778
19412.5556
19319.5556
19225.4444
19105.8889
19373
19620.5556
20575.7778
21292.4444
21293
20949.8889
20160.4444
18944.4444
17671.1111
16974.4444
16638
16553.1111
16563.1111
16845.8889
17291.8889
18418.6667
19359.6667
19472.4444
19344.3333
19213
19114.6667
18912.2222
18692.8889
18663.7778
18718
19222.4444
19923.8889
20870.8889
21026.6667
20466.6667
19645.8889
18568.2222
17483.4444
16902.4444
16657.3333
16549
16515.2222
16729.4444
17259.2222
18485.2222
19100.7778
19360.3333
19189.4444
19254.2222
19152.6667
18905
18660.8889
18612.1111
18697.7778
19254.5556
19997
20842.3333
20964.5556
20580.4444
19846.7778
18832.5556
17707.5556
17253.6667
16937.8889
16831.1111
16762.2222
16900.6667
17583.4444
18618.2222
19264.5556
19395.5556
19391.6667
19365.3333
19373.8889
19148.3333
18974.4444
18901.3333
18919.2222
19367.6667
19897.3333
20778.2222
20987.4444
20660.5556
19754
18858.1111
17676.4444
16787.3333
16452.5556
16284.8889
16334.6667
16496.1111
17195.6667
18199.2222
18972.7778
19063.5556
19052.1111
19066.6667
19137
18962.2222
18896
18718.4444
18732.2222
19215
19862.4444
20478.8889
20597.6667
20114.4444
19435.7778
18220.6667
17067.4444
16355.1111
15960.8889
15867.3333
15904.4444
16063.7778
16611.3333
17919.5556
18806.1111
19134.2222
18968.6667
18636.8889
18510.3333
18226.1111
18096.8889
17980.6667
18006.2222
18538.1111
19053.5556
19867.5556
20145.8889
19860.6667
19079.2222
17974.6667
16755.7778
16150.8889
15794.2222
15707.4444
15712.6667
15981
16511.4444
17693.8889
18453
18487
18349.6667
18223.7778
18168.4444
18161.1111
17947.1111
17999.6667
18067.8889
18631.5556
19146.1111
19982.2222
20157.2222
19508.6667
18721.1111
17740.5556
16729
16149.1111
15746.1111
15772.2222
15711.7778
15905.8889
16549.5556
17592.3333
18327.1111
18424.8889
18380
18522.8889
18453.1111
18312.3333
18098.8889
18000.6667
18192.8889
18622.6667
19031.2222
19777
19861.8889
19226.4444
18331.7778
17480.6667
16644
16153.8889
15945
15814.2222
15770.8889
15950.2222
16606.4444
17574.6667
18008.2222
18179.1111
18144.8889
18302.7778
18168.3333
18173.3333
18153.8889
18034
18076.7778
18374.5556
18819.1111
19460.8889
19692.8889
19030.8889
18168.2222
17189.4444
16466.6667
16073.2222
15852.2222
15735.7778
15803.2222
15993.7778
16590.7778
17482.1111
18054.3333
18199.8889
18394.5556
18476.3333
18451.3333
18190.3333
18151.6667
18022.1111
18189.4444
18443.4444
18778.3333
19402.4444
19523.2222
19089.3333
18343.4444
17232.3333
16558.1111
16146.5556
15840.1111
15773.4444
15893.3333
16221.4444
17114.6667
18019.8889
18306.7778
18488.8889
18624.7778
18621
18556.5556
18387.6667
18310.3333
18181.8889
18345
18725.6667
19077.8889
19724.5556
19824
19163.2222
18451.2222
17358.8889
16607.6667
16138.7778
15920.2222
15850.6667
15981
16309.6667
17267.3333
18203.3333
18587
18762.4444
18875.6667
18690
18486.1111
18380.5556
18164.7778
18100.6667
18207.5556
18554.7778
18860.2222
19563.1111
19745.2222
19139.7778
18162.6667
17062
16193.8889
15821.6667
15578
15552.7778
15705.3333
16261.8889
17384.6667
18372.6667
18795.4444
19087.4444
19064.4444
18938.8889
18718.5556
18532.7778
18306.5556
18075.4444
18255.5556
18524
18783.6667
19366
19656.7778
19051.3333
17978
16989.6667
16370.2222
15970.5556
15757.4444
15786.5556
15826.6667
16345.8889
17320.3333
18387.2222
18765.3333
18984.4444
18894.2222
18739.5556
18503.6667
18220.5556
17938.8889
17858.7778
17935.2222
18259.4444
18630.4444
19334
19662.1111
18911.2222
17965.2222
17084
16434.3333
16058.3333
15821.1111
15741.4444
15921.1111
16376
17400.1111
18309.7778
18642.3333
18701.8889
18497.4444
18508.3333
18394.3333
18188.1111
18016.2222
17893.4444
18040.4444
18404.1111
18544.7778
19315.1111
19684.1111
18966
18048.2222
17168.2222
16605.2222
16195.8889
16006.6667
15883.8889
15896.5556
16256.1111
17295.3333
18077.8889
18431.5556
18525.4444
18605.2222
18504
18384.8889
18141.3333
17889.8889
17951.3333
18174.4444
18344
18409.2222
19001.8889
19362.8889
18787.7778
17924.6667
16950.8889
16271.7778
15953.8889
15783.6667
15672.2222
15734.5556
16180.6667
17316.4444
18322
18443.5556
18481.1111
18313.8889
18265.5556
18026.3333
17909.6667
17660.8889
17600.7778
17777.3333
18194.4444
18310.5556
18910.3333
19349.1111
18803.6667
17958
16852.2222
15966.2222
15661.5556
15497.4444
15436.8889
15565.1111
16203.6667
17319.5556
18274.6667
18616.4444
18382
18180.7778
18118.5556
18061.3333
18031.1111
17835.6667
17729.5556
18046.2222
18260.8889
18485.8889
19059
19388.2222
18682.3333
17757
16710.1111
16005.3333
15717.1111
15612.3333
15595.2222
15720.2222
16013.1111
17016.5556
18079.6667
18407.5556
18203.2222
18188.4444
18116.2222
17987.1111
17853.7778
17695.8889
17631.2222
17796.3333
18206.3333
18362.3333
19041.8889
19577.8889
18872.7778
17937.7778
16699.8889
16139.8889
15876.2222
15677.7778
15709.7778
15781.8889
16239
17533.5556
18706.8889
18848.5556
18657.3333
18506.5556
18457.1111
18311.2222
18118.5556
17888.5556
17855.6667
18057.8889
18485.1111
18778.5556
19259.8889
19705.6667
19077.5556
18025.1111
16930.6667
16415.3333
16179.1111
15983.3333
15958.2222
16085
16548.3333
17654.4444
18749.7778
18917.6667
18866.8889
18762.6667
18619.5556
18441.4444
18396.5556
18304.7778
18195.4444
18417
18769.4444
18967
19407.5556
19804.2222
19137
18085.1111
17150.4444
16467.4444
16092.5556
15854.4444
15828.2222
15997.4444
16440.2222
17774.6667
18827
18880.2222
18827.1111
18705.7778
18623.4444
18354.7778
18211.2222
17855
17857.3333
18124.4444
18465.8889
18654.6667
19265.4444
19702.6667
19110
18018.3333
17025.3333
16392.8889
16091.3333
15932
15861.6667
15965.8889
16497.4444
17738.4444
18698.4444
19105.4444
19130.1111
19023.5556
19041.1111
18855.4444
18835.7778
18658.8889
18431.2222
18620.5556
18913.8889
19208.2222
19605.8889
19915.5556
19336.5556
18281
16999.8889
16310.7778
15770.7778
15612.2222
15625
15706.7778
16056.3333
17219.8889
18088.5556
18446
18544.8889
18474
18281.2222
18094.4444
17891
17617
17504.8889
17717.8889
17895.8889
18046
18537.1111
18975.3333
18515.5556
17631
16740
16016.8889
15550.4444
15425.1111
15417
15564.2222
16059.4444
17076.2222
18005.1111
18371.6667
18433.6667
18521.6667
18490
18242.7778
17983.2222
17860.4444
17757.3333
17953.2222
18273.2222
18366.6667
18888.2222
19272.2222
18646.2222
17588.3333
16666.7778
15940
15600.6667
15467.7778
15454.4444
15489.7778
15879.1111
17036.4444
18034.8889
18226.3333
18082.5556
18083.6667
18059.1111
17972.2222
17919.4444
17641.7778
17555.1111
17681.8889
17967.5556
18200.3333
18675.8889
19119.1111
18332.5556
17330.5556
16286.1111
15602.7778
15193.3333
15107.1111
15102.6667
15191.1111
15534.3333
16600
17478.2222
17970.2222
18050.2222
18003
17886.3333
17703.5556
17587.1111
17365.4444
17331.5556
17639.3333
17979.7778
18095.7778
18439.2222
18885.7778
18311.1111
17346.2222
16305
15670.8889
15356.8889
15226.1111
15196.2222
15239.8889
15684.3333
16759
17806
18090.1111
18017.5556
17987.1111
17804.4444
17639.2222
17556.8889
17323
17322.3333
17469.4444
17711.7778
17939
18393.5556
18909.3333
18370.2222
17374
16388.6667
15720.3333
15365.7778
15197.2222
15229.2222
15294.6667
15713.3333
17002
18145.4444
18373.5556
18195.4444
18062.8889
17935.5556
17695.4444
17630.1111
17387.2222
17458.4444
17719.6667
17909.6667
17859.5556
18247.5556
18672.2222
18042.5556
17147.7778
16070.1111
15365