17077
16664.4444
16453
16316.3333
16157
16227.2222
16378.2222
16675.8889
16764.3333
17245.1111
17583.7778
17779.5556
17957
17991.2222
17946.7778
18136.8889
18896.4444
19942.8889
19972.2222
19624
19397.1111
18924.2222
18024.5556
17338.8889
16826
16472.3333
16386.7778
16266.6667
16432.2222
16807.3333
17524
18433.5556
18916.5556
19328.8889
19760
19837.6667
19870.2222
19780
19832.5556
19998.4444
20555.2222
21888.3333
21908.6667
21635.5556
21104
20316
19414.1111
18404.4444
17758.1111
17453.6667
17288
17190.2222
17458.4444
17958.4444
18770
19816.1111
20208.1111
20678.6667
20941.3333
20919.5556
20954.7778
20672.8889
20670.1111
20807
21484.2222
22710.3333
22713.1111
22444.1111
21987.5556
21212.5556
20045.1111
18877.3333
18203
17845.3333
17576.1111
17406
17619.2222
18124.4444
19202.5556
20449.3333
20731.6667
20805
20928.6667
20822.3333
20625.5556
20625
20526.2222
20727.1111
21589.3333
22872.1111
22754
22321.5556
21890.8889
21144.5556
19995.5556
18664.2222
17995.4444
17572.5556
17538.8889
17448.6667
17618.1111
18169.6667
19003.1111
20274.6667
20618.8889
20806.4444
21039.3333
20929.3333
20657.4444
20492.8889
20350.5556
20583.7778
21533.8889
22891.1111
22930.1111
22546.8889
21975.6667
21197.8889
20004.2222
18779.7778
18053.6667
17571.7778
17393.3333
17377
17577.3333
17942.3333
19039.6667
20507.8889
20845.8889
20921.5556
20807.5556
20676.4444
20503.6667
20665
20771.1111
21029.4444
21830.3333
23011.5556
22798.7778
22572.8889
22037.4444
21305.2222
20146.6667
18822.1111
18267.2222
17821.4444
17615.2222
17566.5556
17787.4444
18378.2222
19425.6667
20698.4444
21056.7778
20945.3333
20916.7778
20904.7778
20845.6667
20791.7778
20845.1111
21102.7778
21922.6667
23295
23209.4444
22873.1111
22465.8889
21469.6667
20385.6667
18949.5556
18069.4444
17747.6667
17566.8889
17572
17671.8889
18218.6667
19097.6667
20316.2222
20603.3333
20646.2222
20703.7778
20657.5556
20467.1111
20443.7778
20276.1111
20497.6667
21173.2222
22397.3333
22529.8889
22151.7778
21765.3333
20932.2222
19781.2222
18362.7778
17676.6667
17409.4444
17152
17187.7778
17281.7778
17694
18541.8889
19927.5556
20236.3333
20183.6667
20161.4444
20211.4444
20204.5556
20075.6667
19931
19999.4444
20886.5556
22166.8889
22104.3333
21663.5556
21206.2222
20399.6667
19169.2222
18055
17495.3333
17134.4444
16970.4444
16947.2222
17131.1111
17555.1111
18640.6667
19779.1111
19886.4444
19933.5556
20059.3333
20059.2222
19929.2222
19668.1111
19785.8889
20015
20651.5556
21821
21897.3333
21441.4444
21023.6667
20247
19156
18010.2222
17538.8889
17194.4444
17004.6667
16769.8889
16884.4444
17449.6667
18573.6667
19964
20248.3333
20289.5556
20256.6667
20176.5556
20026.2222
20103.1111
20149.4444
20277.4444
20907.8889
21957.2222
21881.2222
21482.8889
21040.7778
20261.6667
19228.3333
17881.4444
17364.7778
17104.7778
16868.5556
16877.5556
16958.8889
17280.4444
18159.6667
19644
19961.3333
20006.5556
20145.3333
20262.5556
20035
19935
19887.5556
20055
20774.1111
21918.8889
22086.7778
21861.1111
21308.7778
20546.3333
19432.2222
18164.7778
17464.6667
17217.5556
17042.5556
16985.4444
17261.7778
17686.6667
18695.4444
20004.5556
20367.4444
20360.2222
20342.5556
20343.7778
20190.5556
20139.8889
20111.2222
20361.8889
21106.4444
22161.3333
22206.4444
21894.3333
21467.7778
20742.4444
19534.2222
18188.5556
17570.8889
17148
17185.1111
17120.7778
17314.2222
17870.4444
18705
20204
20554.2222
20456.5556
20302.6667
20172.3333
19950.8889
20098.4444
19901.6667
20097.7778
20687.3333
21784.3333
22053.1111
21737.1111
21347.8889
20543.2222
19391.2222
18134
17468.2222
17128.8889
16915.2222
16896.7778
16970.3333
17722.4444
18764.3333
19704.1111
20298.8889
20490.7778
20427.6667
20344.5556
20133.6667
20135.7778
20121.8889
20280.3333
20746
21616
21679
21429.4444
21145.4444
20361.1111
19175.3333
17888.2222
17423.2222
17030.7778
16851
16825.5556
16976.5556
17346.3333
18475.2222
19689.8889
20000.1111
20141
20141.6667
19797.6667
19687.4444
19671.8889
19541.1111
19745.3333
20539
21624.2222
21866.1111
21622.3333
21110.7778
20149
19076.6667
18062.1111
17306.8889
16914.7778
16780.5556
16714.1111
16911.4444
17323.8889
18419.4444
19694.7778
20066.2222
20309.7778
20484.2222
20424.1111
20169.2222
19915.2222
19755.5556
19981.7778
20616.7778
21844.2222
21894.3333
21599.7778
21035.4444
20279.2222
19208.5556
17958.1111
17367.2222
16953.3333
16842.4444
16847.7778
16926.5556
17333.8889
18379
19847
20145.3333
20338.1111
20430.3333
20399
20286.6667
20051.8889
20071
20215.4444
20901.3333
22007.8889
22162.6667
21731.7778
21183.7778
20296.8889
19085.3333
17933.2222
17177.2222
16862.8889
16810
16762.7778
16792.7778
17406.5556
18559.1111
19812.1111
20161.1111
20294.2222
20460.4444
20352.4444
20027.8889
19864.2222
19867.3333
20010.4444
20789.1111
21932.6667
21883.7778
21429.2222
20946.8889
20161.3333
18987.3333
17954
17239
16865.2222
16705.4444
16537.1111
16791
17234.8889
18766.3333
20100.5556
20320.1111
20326.2222
20270.6667
20319
20247.6667
20213.8889
20004.2222
20110
20828.5556
21917.4444
22066.3333
21838.1111
21328.7778
20499.5556
19343.4444
18046.4444
17409.6667
17119.8889
16914.8889
16924.7778
17116
17819.2222
19041
20377.5556
20606.7778
20745.8889
20719.3333
20471.5556
20356.6667
20389.7778
20288.7778
20276.3333
20882.5556
21946.5556
22208.3333
21808.3333
21454.5556
20744
19619.7778
18401.5556
17896.6667
17536
17421.8889
17479.3333
17652.8889
18260.2222
19109.6667
20225.6667
20549.2222
20725.8889
20924.5556
20794.1111
20682.7778
20643.5556
20444.7778
20616.8889
21239.5556
21916.2222
22164
21941.7778
21624.1111
20842.5556
19969
18754
18250.5556
17971.2222
17764
17690.3333
17940
18330.2222
19390.2222
20537.5556
20740.4444
20848.2222
20925.3333
20860.1111
20759.6667
20602.2222
20592.8889
20835.6667
21473.2222
22502.1111
22549.4444
22342.2222
21784.1111
21024.7778
20077.3333
18765.5556
18329.6667
17900.2222
17895.3333
17745.3333
17848.7778
18250.7778
19311.2222
20403.3333
20572.6667
20742.3333
20733.3333
20771.4444
20635.4444
20639.1111
20739.5556
20856.5556
21444.1111
22339.8889
22478.1111
22215.1111
21674.7778
20770.3333
19712
18696.5556
17853.6667
17516.5556
17351.8889
17260.6667
17400.3333
17857.7778
19026.4444
20368.6667
20595.8889
20706.6667
20619.7778
20751
20488.1111
20373.8889
20444
20532.7778
21207.6667
22240.5556
22347.4444
21993.2222
21653.4444
20790.3333
19593.4444
18483.8889
17621.1111
17155.1111
16994.3333
16920.1111
17151.2222
17693.1111
18875
20284.4444
20583
20525.4444
20526.3333
20427.1111
20436.6667
20345.8889
20286.7778
20446.3333
21086.7778
22200.1111
22130.6667
21793.1111
21515.7778
20879.6667
19743
18415.4444
17362.7778
16930.4444
16795.4444
16795.5556
16911.3333
17472.7778
18795.8889
20099.5556
20410.8889
20423.3333
20342
20119.1111
19862.3333
19848.8889
19816.6667
20032.7778
20814.5556
21944
22166.4444
21952.7778
21427.8889
20532.8889
19384.7778
18175.1111
17338
17045.1111
16967.3333
16922.5556
17127.7778
17658.5556
18924.8889
20039
20303
20361.5556
20248
20056.1111
20041.5556
19928.6667
19865.6667
19937.7778
20708.2222
21776
22029.2222
21731.1111
21266.3333
20387.6667
19187.1111
18040.4444
17617
17380.6667
17279.3333
17324.8889
17515
17867.7778
18811.5556
19789.8889
20035
20211.4444
20346.6667
20366.8889
20009.6667
19939.1111
19997.3333
20081.7778
20698.3333
21624.5556
21906.1111
21605.8889
21053.5556
20373.5556
19366
18314.5556
17730
17402.2222
17207.2222
17187.6667
17299.4444
17748.3333
19055.2222
20137.8889
20431.6667
20371.2222
20244.8889
20063.2222
19876.4444
19758.7778
19746.8889
19945.1111
20532.1111
21524
22018.7778
21534.1111
21135.6667
20433.1111
19344.4444
18230.3333
17674.4444
17263.6667
17104.7778
17031.3333
17096.4444
17541
18728.5556
20059.8889
20347.8889
20612.5556
20551.7778
20367.7778
20141.2222
19976.1111
19826.6667
20001.5556
20865.7778
21827.8889
22170.2222
21847.8889
21323.6667
20446.8889
19227.3333
17997.4444