16014.8889
15669.8889
15432.8889
15256.2222
15338.7778
15683.5556
16637.7778
17611.3333
18630
19413.7778
19983.3333
20214.2222
20415.5556
20478.2222
20642.7778
20994.4444
21067.5556
20878.2222
20335.6667
20069.7778
19923
18763.1111
17470.5556
16375.4444
15644.1111
15392.2222
15217.4444
15141.5556
15274
15666.7778
16469
17299.8889
18260.7778
19158
19865.1111
20260.1111
20729.2222
20803.2222
20950.8889
21274
21193.1111
20830.2222
20466
20379
20398.6667
19151.5556
17733.7778
16769.5556
16159.8889
15680.1111
15325
15221.3333
15502.3333
15961.5556
16664.4444
17717.1111
18617.4444
19463.4444
20106.3333
20662.8889
20844.7778
20988.6667
21059
21185.6667
21286
21149
20807
20420.5556
20291
19096.6667
17719.4444
16693.2222
16007.6667
15731.3333
15400.6667
15321.8889
15563.5556
15832.3333
16699
17875.8889
18848.7778
19896.2222
20548.1111
21063.1111
21441.5556
21609.3333
21624.8889
21797.4444
21878.6667
21567.6667
21163
20882.2222
20611.5556
19355.5556
17838.5556
16755.2222
16063.8889
15539.6667
15291.3333
15240.5556
15496.2222
15781.7778
16512.8889
17474.7778
18410.5556
19439.7778
20189.4444
20548.1111
20721
20797.2222
20987.7778
21329.5556
21558.5556
21095.7778
20750.8889
20336.5556
20229.1111
19050.4444
17862.7778
16756.3333
15991.1111
15712.2222
15579.1111
15505.8889
15588.8889
15919.3333
16694
17456.3333
18476
19263.6667
19841.1111
20096.6667
20130.1111
20250.7778
20347.6667
20550
20692.4444
20260.6667
19786.1111
19622.5556
19526.5556
18339.4444
17160.8889
16139.2222
15602.5556
15356.2222
15044.7778
15048.8889
15071.3333
15377.4444
16104.6667
16860.7778
17724.4444
18358
18976.2222
19298.5556
19548.2222
19739.4444
19936.3333
20326.2222
20491.2222
20348.6667
20008.7778
19862.2222
19584
18460.8889
17167.1111
16247.8889
15539.1111
15274.5556
15159.4444
15087.1111
15160.8889
15646.8889
16516
17476.7778
18287.6667
18921.4444
19470.3333
19801.2222
20123.2222
20355.4444
20570.1111
20775.6667
20982.3333
20809.2222
20401.3333
20226.3333
19922.3333
18789.3333
17409.8889
16496.7778
15724.7778
15339.5556
15249.5556
15153
15539.7778
16070.7778
17090.8889
17841.5556
18567.7778
19220.3333
19760.7778
20063.5556
20516
20737
20947.2222
21168.2222
21466.2222
21143.7778
20629.7778
20371.7778
20197.5556
18956.2222
17611.8889
16731.8889
15995.1111
15612.8889
15390.6667
15458.2222
15836.6667
16288.8889
16908.5556
17773.7778
18695.5556
19399
19832.8889
20090.2222
20497.3333
20641.7778
20948.7778
21072.7778
21195.1111
20724.1111
20381.8889
20157.5556
19860
18744.6667
17523
16846.5556
16285
15970.5556
15744.7778
15729.7778
15843.7778
16357.3333
17157.3333
18002.4444
18705.8889
19349
19859.5556
20187.3333
20510.5556
20147.3333
20660.2222
21001.4444
20957.7778
20656.1111
20327.7778
20233.1111
20156.3333
18977.5556
17611.2222
16717.6667
16293.8889
16038.6667
15796
15633
15804.7778
16291.1111
16952.7778
17807.1111
18538.1111
19257.1111
19680.7778
20012.8889
20336.3333
20575.8889
20712.4444
20773.6667
20945.2222
20738
20364
20101.5556
19871.8889
18778.4444
17645
16734.1111
16142.2222
15806.7778
15548.1111
15575.4444
15534.1111
16122.6667
16784.4444
17550.8889
18264
18968.4444
19430.4444
19760.7778
20130
20129.5556
20350
20576.3333
20720.4444
20349.4444
20097.4444
20043.8889
19798.5556
18633.1111
17372.6667
16584.1111
16034.8889
15649.6667
15444.2222
15463.6667
15733.5556
16204.4444
16906
17768
18512.7778
19155.3333
19571
19988.5556
20288.7778
20263.5556
20380.1111
20623.3333
20771.2222
20421.4444
20131.5556
20223.8889
19878.7778
18810.2222
17546.7778
16760.6667
16120.5556
15661.4444
15414.2222
15418.3333
15529.3333
15963.8889
16661.3333
17523.1111
18305.2222
19090.2222
19696.5556
20078.5556
20229.3333
20338.3333
20480.7778
20694.7778
20729.2222
20586.1111
20299.3333
20085.4444
19888.1111
18803.4444
17519.2222
16570.6667
15979.6667
15589.5556
15393.6667
15343.3333
15598.5556
16131.1111
16790.6667
17892.3333
18648.8889
19523.1111
20069
20415.2222
20642
20862.1111
20977.4444
21311.1111
21379.1111
21050.2222
20622.7778
20444.7778
20200.7778
18988.6667
17791.5556
16804
16167
15702.7778
15504.2222
15550.4444
15824.7778
16486.5556
17263.5556
18201.8889
18999.4444
19868.2222
20528.4444
20717.8889
20833.4444
20954.7778
21069.6667
21200.6667
21288.5556
21021.8889
20520.1111
20464
20286.3333
19044.3333
17639.4444
16602.2222
16095
15705
15529.7778
15504.1111
15783.8889
16409.7778
17257.8889
18183.6667
18712.1111
19396.1111
19902.2222
20211.3333
20474.4444
20605.1111
20854
21075
21229.7778
20830.5556
20536
20340.6667
19966.2222
18871.6667
17482.4444
16600.4444
15830.5556
15489.3333
15358
15320
15553.7778
16102.5556
16692.6667
17834.8889
18626.7778
19254.5556
19899.3333
20321.4444
20544.5556
20671.8889
20872.7778
21169.6667
21343.4444
21048.5556
20683.8889
20654
20210.1111
18854.7778
17452.7778
16612.2222
15925.3333
15587.3333
15341.3333
15382.1111
15623.4444
16160.5556
16785
17710.8889
18432.5556
19109.4444
19721.2222
20156.1111
20519.4444
20766.7778
20941.1111
21193.5556
21213.3333
20940.8889
20512.2222
20566.7778
20113.6667
18760.1111
17410
16518.2222
15972.2222
15683.5556
15536.5556
15480.8889
15580.7778
16198.1111
16932.1111
17765.5556
18495.4444
19323
19956
20209.1111
20509.8889
20578.8889
20552
20696.7778
20930.6667
20726.8889
20407.3333
20443
20046
18850.4444
17571.4444
16730.1111
16135.6667
15854.7778
15685.3333
15623.4444
15771.3333
16355.7778
17065.5556
17871.2222
18661.4444
19119.3333
19370.2222
19608.7778
19773.4444
19795.3333
19883.2222
20019.7778
20198.3333
19916.6667
19480.7778
19427.4444
19118.7778
17953.2222
16760.4444
15918.6667
15467.4444
15357.6667
15223.1111
15072.7778
15229.8889
15801.2222
16512.6667
17322.3333
17818.3333
18290
18671.5556
18884.2222
19112.2222
19221.5556
19375.7778
19639.7778
19777.5556
19612.5556
19309.2222
19276.1111
18887.3333
17797.4444
16600
15837.4444
15393
15142.6667
14982
14909.2222
15183.2222
15887.1111
16607.5556
17289
17829.6667
18365.6667
18799.8889
19008.4444
19419.3333
19594.6667
19883.2222
20129.5556
20429.4444
20233.4444
19897.8889
19954.1111
19376.8889
18103
16928.5556
16092.4444
15501.8889
15244.8889
15068.3333
15080.3333
15357.1111
15990.1111
16786.3333
17629.7778
18476
19162.5556
19660.2222
19822.8889
20045.7778
20108.7778
20218.4444
20349
20421
20150.8889
19983.2222
20226.1111
19785.3333
18541.8889
17376.5556
16409.3333
15866.1111
15589.6667
15395.2222
15275.6667
15511.1111
16239.3333
17248.1111
17853.1111
18657.6667
19201.1111
19719.1111
20131.3333
20487.6667
20625.3333
20702.8889
20842.7778
20906.6667
20675.1111
20385.7778
20465.5556
19901.7778
18728.4444
17453
16513.1111
15894.6667
15563.2222
15303.7778
15229.1111
15544.2222
16147
16768.3333
17582.6667
18396.3333
18999.7778
19422.3333
19856.4444
20094.1111
20194.3333
20401.3333
20718.7778
20964.7778
20608
20213.6667
20240.2222
19747.8889
18570.5556
17480.4444
16505.8889
15835.4444
15466.5556
15218.3333
15393.4444
15544.5556
16241.7778
17144.8889
17710.7778
18512.6667
19000.3333
19459.5556
19761.7778
20203.2222
20352.3333
20536.2222
20823.2222
20870.1111
20591
20324.7778
20366.1111
19882.2222
18470
17224
16436.8889
15825.6667
15520.5556
15195
15199
15395.7778
16069.6667
16695.5556
17775.6667
18625.5556
19251.1111
19799.4444
20050.4444
20242.6667
20502
20689.7778
20820.1111
20888.2222
20593
20161.7778
20308.8889
19718.6667
18588.7778
17478.5556
16504.5556
15845.1111
15446.7778
15095
15036.5556
15309.7778
16012.6667
16881.1111
17705.5556
18392
19050
19686.6667
19942.5556
20308.5556
20573.2222
20779.8889
21022.7778
21162.2222
20893
20597.8889
20749.6667
20081.7778
18893.5556
17579.3333
16667
16009.8889
15651.3333
15386.2222
15309.6667
15571.5556
16201
16962.6667
17766.7778
18562
19342.6667
19921.3333
20464.5556
20787.7778
21124.2222
21286.4444
21664.5556
21833.4444
21454.7778
20992.7778
20997.3333
20210.3333
18954.2222
17634.7778
16587.1111