0 277.5 0
0 277.5 0
0 277.5 0
0 277.5 0
0.25 277.5 0.0009
1.25 277.5 0.0045
17.5 277.5 0.0631
56 277.5 0.2018
94.75 277.5 0.3414
135.25 277.5 0.4874
164.25 277.5 0.5919
148.5 277.5 0.5351
151.25 277.5 0.545
142.5 277.5 0.5135
145.75 277.5 0.5252
108.25 277.5 0.3901
90.75 277.5 0.327
52.5 277.5 0.1892
14.75 277.5 0.0532
1.5 277.5 0.0054
0 277.5 0
0 277.5 0
0 277.5 0
0 277.5 0
0 277.5 0
0 277.5 0
0 277.5 0
0 277.5 0
0.25 277.5 0.0009
1 277.5 0.0036
18.75 277.5 0.0676
59 277.5 0.2126
111.5 277.5 0.4018
157 277.5 0.5658
179.5 277.5 0.6468
188.25 277.5 0.6784
197.75 277.5 0.7126
197.5 277.5 0.7117
188.75 277.5 0.6802
157.5 277.5 0.5676
109.75 277.5 0.3955
57.25 277.5 0.2063
20 277.5 0.0721
2 277.5 0.0072
0 277.5 0
0 277.5 0
0 277.5 0
0 277.5 0
0 277.5 0
0 277.5 0
0 277.5 0
0 277.5 0
0.25 277.5 0.0009
1.25 277.5 0.0045
16.25 277.5 0.0586
59.5 277.5 0.2144
103 277.5 0.3712
145 277.5 0.5225
176.75 277.5 0.6369
192.75 277.5 0.6946
208 277.5 0.7495
169 277.5 0.609
170.5 277.5 0.6144
133 277.5 0.4793
106 277.5 0.382
51.75 277.5 0.1865
18.75 277.5 0.0676
2 277.5 0.0072
0 277.5 0
0 277.5 0
0 277.5 0
0 277.5 0
0 277.5 0
0 277.5 0
0 277.5 0
0 277.5 0
0 277.5 0
2 277.5 0.0072
17.5 277.5 0.0631
66 277.5 0.2378
117.25 277.5 0.4225
159.5 277.5 0.5748
164.5 277.5 0.5928
175.75 277.5 0.6333
194.75 277.5 0.7018
192.25 277.5 0.6928
173.75 277.5 0.6261
131.25 277.5 0.473
93.5 277.5 0.3369
53.25 277.5 0.1919
15.75 277.5 0.0568
1.75 277.5 0.0063
0 277.5 0
0 277.5 0
0 277.5 0
0 277.5 0
0 277.5 0
0 277.5 0
0 277.5 0
0 277.5 0
0 277.5 0
1 277.5 0.0036
16.25 277.5 0.0586
70.75 277.5 0.255
119.5 277.5 0.4306
161.5 277.5 0.582
188 277.5 0.6775
202 277.5 0.7279
208.5 277.5 0.7514
187.5 277.5 0.6757
190.25 277.5 0.6856
167 277.5 0.6018
116.75 277.5 0.4207
62 277.5 0.2234
18.75 277.5 0.0676
3.5 277.5 0.0126
0.75 277.5 0.0027
0 277.5 0
0 277.5 0
0 277.5 0
0 277.5 0
0 277.5 0
0 277.5 0
0 277.5 0
0.25 277.5 0.0009
1.75 277.5 0.0063
13.75 277.5 0.0495
67 277.5 0.2414
141.5 277.5 0.5099
180 277.5 0.6486
192 277.5 0.6919
197 277.5 0.7099
213.5 277.5 0.7694
188.25 277.5 0.6784
154.75 277.5 0.5577
121.5 277.5 0.4378
83 277.5 0.2991
36.5 277.5 0.1315
15.25 277.5 0.055
1.75 277.5 0.0063
0.5 277.5 0.0018
0 277.5 0
0 277.5 0
0 277.5 0
0 277.5 0
0 277.5 0
0 277.5 0
0 277.5 0
0.5 277.5 0.0018
2 277.5 0.0072
14 277.5 0.0505
45.5 277.5 0.164
87.75 277.5 0.3162
129.5 277.5 0.4667
156.25 277.5 0.5631
167.75 277.5 0.6045
171.25 277.5 0.6171
168.75 277.5 0.6081
147.5 277.5 0.5315
133 277.5 0.4793
92.25 277.5 0.3324
55 277.5 0.1982
22.75 277.5 0.082
8.25 277.5 0.0297
1.5 277.5 0.0054
0.25 277.5 0.0009
0 277.5 0
0 277.5 0
0 277.5 0
0 277.5 0
0 277.5 0
0 277.5 0
0.25 277.5 0.0009
1 277.5 0.0036
16.75 277.5 0.0604
60.75 277.5 0.2189
107 277.5 0.3856
144 277.5 0.5189
157.5 277.5 0.5676
158 277.5 0.5694
169.5 277.5 0.6108
140.75 277.5 0.5072
152.25 277.5 0.5486
127.25 277.5 0.4586
92 277.5 0.3315
46 277.5 0.1658
14 277.5 0.0505
1 277.5 0.0036
0 277.5 0
0 277.5 0
0 277.5 0
0 277.5 0
0 277.5 0
0 277.5 0
0 277.5 0
0 277.5 0
0.25 277.5 0.0009
0.75 277.5 0.0027
21.5 277.5 0.0775
84 277.5 0.3027
149.75 277.5 0.5396
192.75 277.5 0.6946
210.5 277.5 0.7586
217 277.5 0.782
213.5 277.5 0.7694
215 277.5 0.7748
204.75 277.5 0.7378
168.75 277.5 0.6081
119.25 277.5 0.4297
51.5 277.5 0.1856
16 277.5 0.0577
0.75 277.5 0.0027
0.25 277.5 0.0009
0.25 277.5 0.0009
0.25 277.5 0.0009
0.25 277.5 0.0009
0.25 277.5 0.0009
0.25 277.5 0.0009
0.25 277.5 0.0009
0.25 277.5 0.0009
0.5 277.5 0.0018
2.5 277.5 0.009
22.25 277.5 0.0802
64.75 277.5 0.2333
133.75 277.5 0.482
182 277.5 0.6559
209.75 277.5 0.7559
216.25 277.5 0.7793
225 277.5 0.8108
208.5 277.5 0.7514
189.25 277.5 0.682
154 277.5 0.555
100.25 277.5 0.3613
50.5 277.5 0.182
14.25 277.5 0.0514
0.5 277.5 0.0018
0.25 277.5 0.0009
0 277.5 0
0 277.5 0
0 277.5 0
0 277.5 0
0 277.5 0
0 277.5 0
0 277.5 0
0.25 277.5 0.0009
1 277.5 0.0036
17 277.5 0.0613
66.5 277.5 0.2396
114.5 277.5 0.4126
151.5 277.5 0.5459
176.75 277.5 0.6369
179.25 277.5 0.6459
182.25 277.5 0.6568
181 277.5 0.6523
174 277.5 0.627
133 277.5 0.4793
98.25 277.5 0.3541
53.5 277.5 0.1928
16 277.5 0.0577
0.75 277.5 0.0027
0 277.5 0
0 277.5 0
0 277.5 0
0.25 277.5 0.0009
0 277.5 0
0 277.5 0
0 277.5 0
0 277.5 0
0.75 277.5 0.0027
1.5 277.5 0.0054
19.75 277.5 0.0712
72 277.5 0.2595
137.25 277.5 0.4946
178.75 277.5 0.6441
201.75 277.5 0.727
202.25 277.5 0.7288
209.25 277.5 0.7541
200.75 277.5 0.7234
192.5 277.5 0.6937
154.25 277.5 0.5559
101.25 277.5 0.3649
50.25 277.5 0.1811
13.25 277.5 0.0477
0.75 277.5 0.0027
0.25 277.5 0.0009
0 277.5 0
0 277.5 0
0 277.5 0
0 277.5 0
0.5 277.5 0.0018
0.75 277.5 0.0027
0.75 277.5 0.0027
1 277.5 0.0036
1.75 277.5 0.0063
20.75 277.5 0.0748
76.25 277.5 0.2748
142.25 277.5 0.5126
178.5 277.5 0.6432
197 277.5 0.7099
200.25 277.5 0.7216
205.25 277.5 0.7396
181 277.5 0.6523
166 277.5 0.5982
147.25 277.5 0.5306
100.75 277.5 0.3631
46.25 277.5 0.1667
12.5 277.5 0.045
0.5 277.5 0.0018
0.5 277.5 0.0018
0 277.5 0
0 277.5 0
0 277.5 0
0 277.5 0
0 277.5 0
0 277.5 0
0 277.5 0
0 277.5 0
1.5 277.5 0.0054
12 277.5 0.0432
49.25 277.5 0.1775
91.25 277.5 0.3288
143 277.5 0.5153
169.25 277.5 0.6099
172 277.5 0.6198
191.25 277.5 0.6892
178 277.5 0.6414
161.25 277.5 0.5811
143.5 277.5 0.5171
92.75 277.5 0.3342
42.25 277.5 0.1523
10.5 277.5 0.0378
0.25 277.5 0.0009
0 277.5 0
0 277.5 0
0 277.5 0
0 277.5 0
0 277.5 0
0 277.5 0
0 277.5 0
0 277.5 0
0.5 277.5 0.0018
1 277.5 0.0036
20.25 277.5 0.073
60.75 277.5 0.2189
118 277.5 0.4252
151 277.5 0.5441
176 277.5 0.6342
183 277.5 0.6595
173.75 277.5 0.6261
170.5 277.5 0.6144
158.5 277.5 0.5712
121.25 277.5 0.4369
84 277.5 0.3027
45.75 277.5 0.1649
12.5 277.5 0.045
0.25 277.5 0.0009
0 277.5 0
0 277.5 0
0 277.5 0
0 277.5 0
0 277.5 0
0 277.5 0
0 277.5 0
0 277.5 0
0.25 277.5 0.0009
1 277.5 0.0036
14 277.5 0.0505
63.25 277.5 0.2279
115 277.5 0.4144
156.25 277.5 0.5631
184.75 277.5 0.6658
171.25 277.5 0.6171
218 277.5 0.7856
192.75 277.5 0.6946
165.25 277.5 0.5955
142.75 277.5 0.5144
95.75 277.5 0.345
49.75 277.5 0.1793
10.5 277.5 0.0378
0 277.5 0
0 277.5 0
0 277.5 0
0 277.5 0
0 277.5 0
0 277.5 0
0 277.5 0
0 277.5 0
0 277.5 0
0 277.5 0
0.75 277.5 0.0027
10.75 277.5 0.0387
35.75 277.5 0.1288
68.25 277.5 0.2459
94.5 277.5 0.3405
125.25 277.5 0.4514
136.25 277.5 0.491
130 277.5 0.4685
117.5 277.5 0.4234
105.75 277.5 0.3811
80 277.5 0.2883
57.25 277.5 0.2063
29.25 277.5 0.1054
8.5 277.5 0.0306
0 277.5 0
0 277.5 0
0 277.5 0
0 277.5 0
0 277.5 0
0 277.5 0
0 277.5 0
0 277.5 0
0 277.5 0
0 277.5 0
0 277.5 0
10.75 277.5 0.0387
54.5 277.5 0.1964
110.5 277.5 0.3982
139 277.5 0.5009
158.25 277.5 0.5703
181.25 277.5 0.6532
167 277.5 0.6018
170.5 277.5 0.6144
150.75 277.5 0.5432
121.5 277.5 0.4378
90.5 277.5 0.3261
43.25 277.5 0.1559
9.25 277.5 0.0333
0.25 277.5 0.0009
0 277.5 0
0 277.5 0
0 277.5 0
0 277.5 0
0 277.5 0
0 277.5 0
0 277.5 0
0 277.5 0
0.25 277.5 0.0009
0.5 277.5 0.0018
17.75 277.5 0.064
63.5 277.5 0.2288
131.25 277.5 0.473
169.75 277.5 0.6117
185 277.5 0.6667
189 277.5 0.6811
184.75 277.5 0.6658
175.75 277.5 0.6333
162.75 277.5 0.5865
148 277.5 0.5333
103 277.5 0.3712
49 277.5 0.1766
10.75 277.5 0.0387
0.5 277.5 0.0018
0.25 277.5 0.0009
0.25 277.5 0.0009
0.25 277.5 0.0009
0.25 277.5 0.0009
0 277.5 0
0 277.5 0
0 277.5 0
0 277.5 0
0.25 277.5 0.0009
1 277.5 0.0036
14.5 277.5 0.0523
46.25 277.5 0.1667
122.75 277.5 0.4423
160.25 277.5 0.5775
188.75 277.5 0.6802
197.75 277.5 0.7126
216.25 277.5 0.7793
213.75 277.5 0.7703
197.25 277.5 0.7108
165 277.5 0.5946
101.75 277.5 0.3667
47.25 277.5 0.1703
9.25 277.5 0.0333
0.25 277.5 0.0009
0.25 277.5 0.0009
0.25 277.5 0.0009
0.25 277.5 0.0009
0 277.5 0
0 277.5 0
0 277.5 0
0 277.5 0
0 277.5 0
0 277.5 0
0.25 277.5 0.0009
10.5 277.5 0.0378
43 277.5 0.155
78.25 277.5 0.282
147.25 277.5 0.5306
166 277.5 0.5982
171 277.5 0.6162
173.5 277.5 0.6252
128 277.5 0.4613
142.5 277.5 0.5135
117.75 277.5 0.4243
82 277.5 0.2955
43.25 277.5 0.1559
8.5 277.5 0.0306
0.25 277.5 0.0009
0.25 277.5 0.0009
0 277.5 0
0 277.5 0
0 277.5 0
0 277.5 0
0 277.5 0
0 277.5 0
0 277.5 0
0.25 277.5 0.0009
0.75 277.5 0.0027
9.75 277.5 0.0351
35.75 277.5 0.1288
69.25 277.5 0.2495
118.25 277.5 0.4261
112 277.5 0.4036
106.25 277.5 0.3829
141.75 277.5 0.5108
151 277.5 0.5441
144.75 277.5 0.5216
128.25 277.5 0.4622
83 277.5 0.2991
45.25 277.5 0.1631
11 277.5 0.0396
0.5 277.5 0.0018
0.5 277.5 0.0018
0.25 277.5 0.0009
0 277.5 0
0 277.5 0
0 277.5 0
0 277.5 0
0 277.5 0
0 277.5 0
0.25 277.5 0.0009
0.5 277.5 0.0018
20.75 277.5 0.0748
80.25 277.5 0.2892
151.5 277.5 0.5459
202 277.5 0.7279
206.75 277.5 0.745
200 277.5 0.7207
183.25 277.5 0.6604
175 277.5 0.6306
179.5 277.5 0.6468
144 277.5 0.5189
99.75 277.5 0.3595
49.5 277.5 0.1784
8.25 277.5 0.0297
0 277.5 0
0 277.5 0
0 277.5 0
0 277.5 0
0 277.5 0
0 277.5 0
0 277.5 0
0 277.5 0
0 277.5 0
0 277.5 0
0 277.5 0
17.75 277.5 0.064
76.5 277.5 0.2757
145.25 277.5 0.5234
193.75 277.5 0.6982
206.5 277.5 0.7441
194.5 277.5 0.7009
193 277.5 0.6955
180 277.5 0.6486
159.75 277.5 0.5757
121.25 277.5 0.4369
85.75 277.5 0.309
34.5 277.5 0.1243
6.75 277.5 0.0243
0 277.5 0
0 277.5 0
0 277.5 0
0 277.5 0
0 277.5 0
0 277.5 0
0 277.5 0
0 277.5 0
0 277.5 0
0.5 277.5 0.0018
1.5 277.5 0.0054
15.75 277.5 0.0568
64.5 277.5 0.2324
131 277.5 0.4721
182.5 277.5 0.6577
198.75 277.5 0.7162
186.25 277.5 0.6712
184 277.5 0.6631
183 277.5 0.6595
163.75 277.5 0.5901
130 277.5 0.4685
77.75 277.5 0.2802
36.25 277.5 0.1306
5.75 277.5 0.0207
0 277.5 0
0 277.5 0
0 277.5 0
0 277.5 0
0 277.5 0
0 277.5 0
0 277.5 0
0 277.5 0
0 277.5 0
0 277.5 0
1 277.5 0.0036
5.5 277.5 0.0198
36.25 277.5 0.1306
87.25 277.5 0.3144
141.5 277.5 0.5099
161.75 277.5 0.5829
164.75 277.5 0.5937
186.5 277.5 0.6721
193.5 277.5 0.6973
172.25 277.5 0.6207
141 277.5 0.5081
90.5 277.5 0.3261
39.5 277.5 0.1423
7 277.5 0.0252
0 277.5 0
0 277.5 0
0 277.5 0
0 277.5 0
0 277.5 0
0 277.5 0
0 277.5 0
0 277.5 0
0 277.5 0
0 277.5 0
0.5 277.5 0.0018
7.5 277.5 0.027
47.5 277.5 0.1712
109.25 277.5 0.3937
150.25 277.5 0.5414
149.25 277.5 0.5378
169.5 277.5 0.6108
157.5 277.5 0.5676
166.25 277.5 0.5991
162 277.5 0.5838
133 277.5 0.4793
92 277.5 0.3315
40.25 277.5 0.145
5.5 277.5 0.0198
0 277.5 0
0 277.5 0
0 277.5 0
0 277.5 0
0 277.5 0
0 277.5 0
0 277.5 0
0 277.5 0
0 277.5 0
0 277.5 0
0.75 277.5 0.0027
12.5 277.5 0.045
60.25 277.5 0.2171
111 277.5 0.4
167.5 277.5 0.6036
192 277.5 0.6919
185.25 277.5 0.6676
204.25 277.5 0.736
194 277.5 0.6991
175 277.5 0.6306
139.75 277.5 0.5036
87.5 277.5 0.3153
32 277.5 0.1153
4.75 277.5 0.0171
0 277.5 0
0 277.5 0
0 277.5 0
0 277.5 0
0 277.5 0
0 277.5 0
0 277.5 0
0 277.5 0
0 277.5 0
0 277.5 0
0 277.5 0
6.5 277.5 0.0234
46.75 277.5 0.1685
94.25 277.5 0.3396
140.75 277.5 0.5072
172.25 277.5 0.6207
175.25 277.5 0.6315
178.75 277.5 0.6441
150.75 277.5 0.5432
130.5 277.5 0.4703
103 277.5 0.3712
68.75 277.5 0.2477
25.5 277.5 0.0919
4.75 277.5 0.0171
0 277.5 0
0 277.5 0
0 277.5 0
0 277.5 0
0 277.5 0
0 277.5 0
0 277.5 0
0 277.5 0
0 277.5 0
0 277.5 0
0.25 277.5 0.0009
12.5 277.5 0.045
61 277.5 0.2198
125 277.5 0.4505
160.5 277.5 0.5784
185.25 277.5 0.6676
180.5 277.5 0.6505
199.5 277.5 0.7189
163.5 277.5 0.5892
176.75 277.5 0.6369
140.25 277.5 0.5054
99.5 277.5 0.3586
42.75 277.5 0.1541
6 277.5 0.0216
0 277.5 0
0 277.5 0
0 277.5 0
0 277.5 0
0 277.5 0
0 277.5 0
0 277.5 0
0 277.5 0
0 277.5 0
0 277.5 0
0.25 277.5 0.0009
13.5 277.5 0.0486
64.5 277.5 0.2324
121 277.5 0.436
159 277.5 0.573
181.25 277.5 0.6532
197.75 277.5 0.7126
214 277.5 0.7712
208.25 277.5 0.7505
184 277.5 0.6631
159 277.5 0.573
89 277.5 0.3207
34.5 277.5 0.1243
5.25 277.5 0.0189
0 277.5 0
0 277.5 0
0 277.5 0
0 277.5 0
0 277.5 0