0 277.5 0
0 277.5 0
0 277.5 0
0 277.5 0
0 277.5 0
0 277.5 0
0 277.5 0
1 277.5 0.0036
22.25 277.5 0.0802
59 277.5 0.2126
95.75 277.5 0.345
110.25 277.5 0.3973
83.75 277.5 0.3018
56.25 277.5 0.2027
46 277.5 0.1658
12.5 277.5 0.045
2 277.5 0.0072
0 277.5 0
0 277.5 0
0 277.5 0
0 277.5 0
0 277.5 0
0 277.5 0
0 277.5 0
0 277.5 0
0 277.5 0
0 277.5 0
0 277.5 0
0 277.5 0
0 277.5 0
0 277.5 0
0.25 277.5 0.0009
8.25 277.5 0.0297
27.75 277.5 0.1
54 277.5 0.1946
75 277.5 0.2703
58.5 277.5 0.2108
48.5 277.5 0.1748
63.75 277.5 0.2297
36.75 277.5 0.1324
1.75 277.5 0.0063
0 277.5 0
0 277.5 0
0 277.5 0
0 277.5 0
0 277.5 0
0 277.5 0
0 277.5 0
0 277.5 0
0 277.5 0
0 277.5 0
0 277.5 0
0 277.5 0
0 277.5 0
0 277.5 0
0.75 277.5 0.0027
11 277.5 0.0396
49.25 277.5 0.1775
84.25 277.5 0.3036
91.5 277.5 0.3297
82 277.5 0.2955
63.5 277.5 0.2288
51.5 277.5 0.1856
21.25 277.5 0.0766
2.25 277.5 0.0081
0 277.5 0
0 277.5 0
0 277.5 0
0 277.5 0
0 277.5 0
0 277.5 0
0 277.5 0
0 277.5 0
0 277.5 0
0 277.5 0
0 277.5 0
0 277.5 0
0 277.5 0
0.25 277.5 0.0009
0.75 277.5 0.0027
10.75 277.5 0.0387
31 277.5 0.1117
50.75 277.5 0.1829
81.25 277.5 0.2928
96.5 277.5 0.3477
89.25 277.5 0.3216
65.75 277.5 0.2369
26.5 277.5 0.0955
2.25 277.5 0.0081
0 277.5 0
0 277.5 0
0 277.5 0
0 277.5 0
0 277.5 0
0 277.5 0
0 277.5 0
0 277.5 0
0 277.5 0
0 277.5 0
0 277.5 0
0 277.5 0
0 277.5 0
0.25 277.5 0.0009
0.75 277.5 0.0027
9.25 277.5 0.0333
35.75 277.5 0.1288
67 277.5 0.2414
79.5 277.5 0.2865
74 277.5 0.2667
58.5 277.5 0.2108
37 277.5 0.1333
13.75 277.5 0.0495
1.5 277.5 0.0054
0 277.5 0
0 277.5 0
0 277.5 0
0 277.5 0
0 277.5 0
0 277.5 0
0 277.5 0
0 277.5 0
0 277.5 0
0 277.5 0
0 277.5 0
0 277.5 0
0 277.5 0
0 277.5 0
0.25 277.5 0.0009
16.75 277.5 0.0604
41 277.5 0.1477
59.5 277.5 0.2144
82.25 277.5 0.2964
92.25 277.5 0.3324
69.5 277.5 0.2505
41 277.5 0.1477
20 277.5 0.0721
2 277.5 0.0072
0 277.5 0
0 277.5 0
0 277.5 0
0 277.5 0
0 277.5 0
0 277.5 0
0 277.5 0
0 277.5 0
0 277.5 0
0 277.5 0
0 277.5 0
0 277.5 0
0 277.5 0
0.25 277.5 0.0009
0.75 277.5 0.0027
13.25 277.5 0.0477
44.25 277.5 0.1595
65 277.5 0.2342
96.75 277.5 0.3486
123 277.5 0.4432
85.25 277.5 0.3072
61.5 277.5 0.2216
21 277.5 0.0757
1.5 277.5 0.0054
0 277.5 0
0 277.5 0
0 277.5 0
0 277.5 0
0 277.5 0
0 277.5 0
0 277.5 0
0 277.5 0
0 277.5 0
0 277.5 0
0 277.5 0
0 277.5 0
0 277.5 0
0 277.5 0
0.5 277.5 0.0018
9.5 277.5 0.0342
40.25 277.5 0.145
70.5 277.5 0.2541
74 277.5 0.2667
80.75 277.5 0.291
67.75 277.5 0.2441
43.75 277.5 0.1577
23 277.5 0.0829
3 277.5 0.0108
0 277.5 0
0 277.5 0
0 277.5 0
0 277.5 0
0 277.5 0
0 277.5 0
0 277.5 0
0 277.5 0
0 277.5 0
0 277.5 0
0 277.5 0
0 277.5 0
0 277.5 0
0.25 277.5 0.0009
0.25 277.5 0.0009
16.5 277.5 0.0595
46.25 277.5 0.1667
81.25 277.5 0.2928
95.5 277.5 0.3441
101.25 277.5 0.3649
85.25 277.5 0.3072
61.25 277.5 0.2207
25 277.5 0.0901
2.25 277.5 0.0081
0 277.5 0
0 277.5 0
0 277.5 0
0 277.5 0
0 277.5 0
0 277.5 0
0 277.5 0
0 277.5 0
0 277.5 0
0 277.5 0
0 277.5 0
0 277.5 0
0 277.5 0
0 277.5 0
0 277.5 0
14.25 277.5 0.0514
38.25 277.5 0.1378
68 277.5 0.245
68.25 277.5 0.2459
79.5 277.5 0.2865
59.75 277.5 0.2153
27.75 277.5 0.1
12.25 277.5 0.0441
0.75 277.5 0.0027
0 277.5 0
0 277.5 0
0 277.5 0
0 277.5 0
0 277.5 0
0 277.5 0
0 277.5 0
0 277.5 0
0 277.5 0
0 277.5 0
0 277.5 0
0 277.5 0
0 277.5 0
0 277.5 0
1 277.5 0.0036
18.25 277.5 0.0658
52.75 277.5 0.1901
96.5 277.5 0.3477
101.25 277.5 0.3649
107.5 277.5 0.3874
92.25 277.5 0.3324
54.25 277.5 0.1955
16.25 277.5 0.0586
0.75 277.5 0.0027
0 277.5 0
0 277.5 0
0 277.5 0
0 277.5 0
0 277.5 0
0 277.5 0
0 277.5 0
0 277.5 0
0 277.5 0
0 277.5 0
0 277.5 0
0 277.5 0
0 277.5 0
0.25 277.5 0.0009
1 277.5 0.0036
6.5 277.5 0.0234
15.75 277.5 0.0568
34.5 277.5 0.1243
39 277.5 0.1405
42.75 277.5 0.1541
44.5 277.5 0.1604
21.5 277.5 0.0775
12.5 277.5 0.045
0.75 277.5 0.0027
0 277.5 0
0 277.5 0
0 277.5 0
0 277.5 0
0 277.5 0
0 277.5 0
0 277.5 0
0 277.5 0
0 277.5 0
0 277.5 0
0 277.5 0
0 277.5 0
0 277.5 0
0 277.5 0
0.5 277.5 0.0018
6.25 277.5 0.0225
24.25 277.5 0.0874
45.25 277.5 0.1631
60.5 277.5 0.218
55.5 277.5 0.2
37 277.5 0.1333
28.5 277.5 0.1027
12.5 277.5 0.045
1 277.5 0.0036
0 277.5 0
0 277.5 0
0 277.5 0
0 277.5 0
0 277.5 0
0 277.5 0
0 277.5 0
0 277.5 0
0 277.5 0
0 277.5 0
0 277.5 0
0 277.5 0
0 277.5 0
0 277.5 0
0.25 277.5 0.0009
5 277.5 0.018
23.25 277.5 0.0838
35.5 277.5 0.1279
32 277.5 0.1153
41.75 277.5 0.1505
39.75 277.5 0.1432
22 277.5 0.0793
8 277.5 0.0288
1 277.5 0.0036
0 277.5 0
0 277.5 0
0 277.5 0
0 277.5 0
0 277.5 0
0 277.5 0
0 277.5 0
0 277.5 0
0 277.5 0
0 277.5 0
0 277.5 0
0 277.5 0
0 277.5 0
0.5 277.5 0.0018
0.75 277.5 0.0027
13.25 277.5 0.0477
38.25 277.5 0.1378
56 277.5 0.2018
75.5 277.5 0.2721
71 277.5 0.2559
53.5 277.5 0.1928
29 277.5 0.1045
11.5 277.5 0.0414
0 277.5 0
0 277.5 0
0 277.5 0
0 277.5 0
0 277.5 0
0 277.5 0
0 277.5 0
0 277.5 0
0 277.5 0
0 277.5 0
0 277.5 0
0 277.5 0
0 277.5 0
0 277.5 0
0.25 277.5 0.0009
0.25 277.5 0.0009
15 277.5 0.0541
58.5 277.5 0.2108
75.75 277.5 0.273
83.75 277.5 0.3018
94.25 277.5 0.3396
81.75 277.5 0.2946
69.75 277.5 0.2514
31.25 277.5 0.1126
4.25 277.5 0.0153
0.5 277.5 0.0018
0.5 277.5 0.0018
0.5 277.5 0.0018
0.5 277.5 0.0018
0.5 277.5 0.0018
0.5 277.5 0.0018
0.5 277.5 0.0018
0.5 277.5 0.0018
0 277.5 0
0 277.5 0
0 277.5 0
0 277.5 0
0 277.5 0
0.25 277.5 0.0009
0.75 277.5 0.0027
11.5 277.5 0.0414
35.25 277.5 0.127
45.5 277.5 0.164
56.5 277.5 0.2036
50.25 277.5 0.1811
49.5 277.5 0.1784
29 277.5 0.1045
10.75 277.5 0.0387
1.5 277.5 0.0054
1 277.5 0.0036
1 277.5 0.0036
1 277.5 0.0036
1 277.5 0.0036
1 277.5 0.0036
1 277.5 0.0036
1 277.5 0.0036
1 277.5 0.0036
1 277.5 0.0036
1 277.5 0.0036
1 277.5 0.0036
1 277.5 0.0036
1 277.5 0.0036
1 277.5 0.0036
1 277.5 0.0036
9.25 277.5 0.0333
32.5 277.5 0.1171
66 277.5 0.2378
101 277.5 0.364
92 277.5 0.3315
81.5 277.5 0.2937
58.5 277.5 0.2108
29.5 277.5 0.1063
3 277.5 0.0108
0 277.5 0
0 277.5 0
0 277.5 0
0 277.5 0
0 277.5 0
0 277.5 0
0 277.5 0
0 277.5 0
0 277.5 0
0 277.5 0
0 277.5 0
0 277.5 0
0 277.5 0
0 277.5 0
0.25 277.5 0.0009
15.75 277.5 0.0568
50.5 277.5 0.182
83 277.5 0.2991
112.5 277.5 0.4054
96.25 277.5 0.3468
84.25 277.5 0.3036
58.5 277.5 0.2108
33.75 277.5 0.1216
4.75 277.5 0.0171
0 277.5 0
0 277.5 0
0 277.5 0
0 277.5 0
0 277.5 0
0 277.5 0
0 277.5 0
0 277.5 0
0 277.5 0
0 277.5 0
0 277.5 0
0 277.5 0
0 277.5 0
0 277.5 0
0.5 277.5 0.0018
14.25 277.5 0.0514
38 277.5 0.1369
64.75 277.5 0.2333
82.5 277.5 0.2973
92.25 277.5 0.3324
68.25 277.5 0.2459
43.5 277.5 0.1568
15 277.5 0.0541
1.25 277.5 0.0045
0 277.5 0
0 277.5 0
0 277.5 0
0 277.5 0
0 277.5 0
0 277.5 0
0 277.5 0
0 277.5 0
0 277.5 0
0 277.5 0
0 277.5 0
0 277.5 0
0 277.5 0
0 277.5 0
0.25 277.5 0.0009
10.25 277.5 0.0369
37 277.5 0.1333
48.25 277.5 0.1739
49.75 277.5 0.1793
48.25 277.5 0.1739
38.5 277.5 0.1387
27.5 277.5 0.0991
17.25 277.5 0.0622
1.75 277.5 0.0063
0 277.5 0
0 277.5 0
0 277.5 0
0 277.5 0
0 277.5 0
0 277.5 0
0 277.5 0
0 277.5 0
0 277.5 0
0 277.5 0
0 277.5 0
0 277.5 0
0 277.5 0
0 277.5 0
0 277.5 0
4 277.5 0.0144
14 277.5 0.0505
24.25 277.5 0.0874
33.75 277.5 0.1216
43.75 277.5 0.1577
45.5 277.5 0.164
27.5 277.5 0.0991
10 277.5 0.036
0.25 277.5 0.0009
0 277.5 0
0 277.5 0
0 277.5 0
0 277.5 0
0 277.5 0
0 277.5 0
0 277.5 0
0 277.5 0
0 277.5 0
0 277.5 0
0 277.5 0
0 277.5 0
0 277.5 0
0 277.5 0
0.25 277.5 0.0009
2 277.5 0.0072
10.25 277.5 0.0369
16.75 277.5 0.0604
25.75 277.5 0.0928
26.75 277.5 0.0964
31 277.5 0.1117
29 277.5 0.1045
14 277.5 0.0505
1.5 277.5 0.0054
0 277.5 0
0 277.5 0
0 277.5 0
0 277.5 0
0 277.5 0
0 277.5 0
0 277.5 0
0 277.5 0
0 277.5 0
0 277.5 0
0 277.5 0
0 277.5 0
0 277.5 0
0 277.5 0
0.25 277.5 0.0009
7.25 277.5 0.0261
37.5 277.5 0.1351
72.75 277.5 0.2622
87.75 277.5 0.3162
89 277.5 0.3207
81.5 277.5 0.2937
58.5 277.5 0.2108
25.25 277.5 0.091
2 277.5 0.0072
0 277.5 0
0 277.5 0
0 277.5 0
0 277.5 0
0 277.5 0
0 277.5 0
0 277.5 0
0 277.5 0
0 277.5 0
0 277.5 0
0 277.5 0
0 277.5 0
0 277.5 0
0 277.5 0
0.75 277.5 0.0027
2.25 277.5 0.0081
12.75 277.5 0.0459
34 277.5 0.1225
38.25 277.5 0.1378
45.5 277.5 0.164
44.5 277.5 0.1604
27.25 277.5 0.0982
12.75 277.5 0.0459
1.5 277.5 0.0054
0 277.5 0
0 277.5 0
0 277.5 0
0 277.5 0
0 277.5 0
0 277.5 0
0 277.5 0
0 277.5 0
0 277.5 0
0 277.5 0
0 277.5 0
0 277.5 0
0 277.5 0
0 277.5 0
0.25 277.5 0.0009
10.5 277.5 0.0378
39 277.5 0.1405
66.5 277.5 0.2396
82 277.5 0.2955
88.5 277.5 0.3189
77.75 277.5 0.2802
50.75 277.5 0.1829
20.5 277.5 0.0739
1.5 277.5 0.0054
0.25 277.5 0.0009
0.25 277.5 0.0009
0 277.5 0
0 277.5 0
0 277.5 0
0 277.5 0
0 277.5 0
0 277.5 0
0 277.5 0
0 277.5 0
0 277.5 0
0 277.5 0
0 277.5 0
0 277.5 0
0.25 277.5 0.0009
5.5 277.5 0.0198
22.75 277.5 0.082
32.5 277.5 0.1171
44.25 277.5 0.1595
50.75 277.5 0.1829
41.25 277.5 0.1486
28.75 277.5 0.1036
15 277.5 0.0541
3 277.5 0.0108
0 277.5 0
0 277.5 0
0 277.5 0
0 277.5 0
0 277.5 0
0 277.5 0
0 277.5 0
0 277.5 0
0 277.5 0
0 277.5 0
0 277.5 0
0 277.5 0
0 277.5 0
0 277.5 0
0.5 277.5 0.0018
6.25 277.5 0.0225
26.25 277.5 0.0946
46.25 277.5 0.1667
51 277.5 0.1838
47.5 277.5 0.1712
42.5 277.5 0.1532
32.75 277.5 0.118
20.5 277.5 0.0739
3.25 277.5 0.0117
0 277.5 0
0 277.5 0
0 277.5 0
0 277.5 0
0 277.5 0
0 277.5 0
0 277.5 0
0 277.5 0
0 277.5 0
0 277.5 0
0 277.5 0
0 277.5 0
0 277.5 0
0 277.5 0
0.25 277.5 0.0009
2.5 277.5 0.009
17 277.5 0.0613
35.5 277.5 0.1279
42.25 277.5 0.1523
39.75 277.5 0.1432
49.25 277.5 0.1775
40.5 277.5 0.1459
20.5 277.5 0.0739
1.75 277.5 0.0063
0 277.5 0
0 277.5 0
0 277.5 0
0 277.5 0
0 277.5 0
0 277.5 0
0 277.5 0
0 277.5 0
0 277.5 0
0 277.5 0
0 277.5 0
0 277.5 0
0 277.5 0
0 277.5 0
0 277.5 0
0.5 277.5 0.0018
4.5 277.5 0.0162
14.75 277.5 0.0532
25.25 277.5 0.091
27.5 277.5 0.0991
31.25 277.5 0.1126
25.75 277.5 0.0928
15 277.5 0.0541
4 277.5 0.0144
0 277.5 0
0 277.5 0
0 277.5 0
0 277.5 0
0 277.5 0
0 277.5 0
0 277.5 0
0 277.5 0
0 277.5 0
0 277.5 0
0 277.5 0
0 277.5 0
0 277.5 0
0 277.5 0
0.5 277.5 0.0018
2.75 277.5 0.0099
11.5 277.5 0.0414
22.5 277.5 0.0811
35.25 277.5 0.127
40 277.5 0.1441
38 277.5 0.1369
28 277.5 0.1009
10.75 277.5 0.0387
1.5 277.5 0.0054
0 277.5 0
0 277.5 0
0 277.5 0
0 277.5 0
0 277.5 0
0 277.5 0
0 277.5 0