0 277.5 0
0 277.5 0
0 277.5 0
0 277.5 0
0 277.5 0
0.75 277.5 0.0027
4.25 277.5 0.0153
31.75 277.5 0.1144
57.75 277.5 0.2081
106.25 277.5 0.3829
106 277.5 0.382
149.25 277.5 0.5378
152.25 277.5 0.5486
142.75 277.5 0.5144
116.75 277.5 0.4207
103 277.5 0.3712
51.25 277.5 0.1847
11 277.5 0.0396
0 277.5 0
0 277.5 0
0 277.5 0
0 277.5 0
0 277.5 0
0 277.5 0
0 277.5 0
0 277.5 0
0 277.5 0
0 277.5 0
0 277.5 0
0.25 277.5 0.0009
3.5 277.5 0.0126
32.75 277.5 0.118
78.25 277.5 0.282
106 277.5 0.382
125.25 277.5 0.4514
131.75 277.5 0.4748
136.25 277.5 0.491
127.25 277.5 0.4586
112.5 277.5 0.4054
82 277.5 0.2955
43.5 277.5 0.1568
7.5 277.5 0.027
0 277.5 0
0 277.5 0
0 277.5 0
0 277.5 0
0 277.5 0
0 277.5 0
0 277.5 0
0 277.5 0
0 277.5 0
0 277.5 0
0 277.5 0
0 277.5 0
3 277.5 0.0108
31.25 277.5 0.1126
69 277.5 0.2486
98.75 277.5 0.3559
125 277.5 0.4505
122.75 277.5 0.4423
130.75 277.5 0.4712
132.25 277.5 0.4766
122.5 277.5 0.4414
88.5 277.5 0.3189
41.75 277.5 0.1505
8 277.5 0.0288
0 277.5 0
0 277.5 0
0 277.5 0
0 277.5 0
0 277.5 0
0 277.5 0
0 277.5 0
0 277.5 0
0 277.5 0
0 277.5 0
0 277.5 0
0.5 277.5 0.0018
2.25 277.5 0.0081
21.5 277.5 0.0775
51 277.5 0.1838
80.75 277.5 0.291
106.5 277.5 0.3838
107.5 277.5 0.3874
123 277.5 0.4432
134.5 277.5 0.4847
115.5 277.5 0.4162
87.5 277.5 0.3153
44.5 277.5 0.1604
8.25 277.5 0.0297
0 277.5 0
0 277.5 0
0 277.5 0
0 277.5 0
0 277.5 0
0 277.5 0
0 277.5 0
0 277.5 0
0 277.5 0
0 277.5 0
0 277.5 0
0.25 277.5 0.0009
5.5 277.5 0.0198
51.5 277.5 0.1856
105 277.5 0.3784
127.25 277.5 0.4586
147 277.5 0.5297
158 277.5 0.5694
158.25 277.5 0.5703
156.75 277.5 0.5649
125.75 277.5 0.4532
93 277.5 0.3351
49.75 277.5 0.1793
7.5 277.5 0.027
0 277.5 0
0 277.5 0
0 277.5 0
0 277.5 0
0 277.5 0
0 277.5 0
0 277.5 0
0 277.5 0
0 277.5 0
0 277.5 0
0 277.5 0
0 277.5 0
1.25 277.5 0.0045
20 277.5 0.0721
43 277.5 0.155
72.5 277.5 0.2613
96.75 277.5 0.3486
100 277.5 0.3604
107.75 277.5 0.3883
115.25 277.5 0.4153
103.75 277.5 0.3739
60.75 277.5 0.2189
28 277.5 0.1009
3.25 277.5 0.0117
0 277.5 0
0.25 277.5 0.0009
0 277.5 0
0 277.5 0
0 277.5 0
0 277.5 0
0 277.5 0
0 277.5 0
0 277.5 0
0 277.5 0
0 277.5 0
0.25 277.5 0.0009
2.5 277.5 0.009
19.5 277.5 0.0703
48.5 277.5 0.1748
89 277.5 0.3207
119.25 277.5 0.4297
153.25 277.5 0.5523
153 277.5 0.5514
131 277.5 0.4721
103.5 277.5 0.373
78.75 277.5 0.2838
42.5 277.5 0.1532
6 277.5 0.0216
0 277.5 0
0 277.5 0
0 277.5 0
0 277.5 0
0 277.5 0
0 277.5 0
0 277.5 0
0 277.5 0
0 277.5 0
0 277.5 0
0 277.5 0
0.5 277.5 0.0018
2.25 277.5 0.0081
31.5 277.5 0.1135
74 277.5 0.2667
108.25 277.5 0.3901
122.25 277.5 0.4405
127.75 277.5 0.4604
135.5 277.5 0.4883
149.25 277.5 0.5378
124.25 277.5 0.4477
91 277.5 0.3279
40.5 277.5 0.1459
5.75 277.5 0.0207
0 277.5 0
0 277.5 0
0 277.5 0
0 277.5 0
0 277.5 0
0 277.5 0
0 277.5 0
0 277.5 0
0 277.5 0
0 277.5 0
0 277.5 0
0.75 277.5 0.0027
2.25 277.5 0.0081
20.75 277.5 0.0748
57 277.5 0.2054
88.75 277.5 0.3198
108.5 277.5 0.391
133.25 277.5 0.4802
150.5 277.5 0.5423
154.25 277.5 0.5559
120.25 277.5 0.4333
76.25 277.5 0.2748
33.75 277.5 0.1216
5.25 277.5 0.0189
0 277.5 0
0 277.5 0
0 277.5 0
0 277.5 0
0 277.5 0
0 277.5 0
0 277.5 0
0 277.5 0
0 277.5 0
0 277.5 0
0 277.5 0
0 277.5 0
13.75 277.5 0.0495
39 277.5 0.1405
99 277.5 0.3568
166 277.5 0.5982
182 277.5 0.6559
166 277.5 0.5982
164.25 277.5 0.5919
158.25 277.5 0.5703
151.75 277.5 0.5468
89.25 277.5 0.3216
40.5 277.5 0.1459
4 277.5 0.0144
0 277.5 0
0 277.5 0
0 277.5 0
0 277.5 0
0 277.5 0
0 277.5 0
0 277.5 0
0 277.5 0
0 277.5 0
0 277.5 0
0 277.5 0
0 277.5 0
2 277.5 0.0072
30.75 277.5 0.1108
50.75 277.5 0.1829
96.25 277.5 0.3468
97.75 277.5 0.3523
134.5 277.5 0.4847
138.5 277.5 0.4991
138.5 277.5 0.4991
115 277.5 0.4144
79.25 277.5 0.2856
36.5 277.5 0.1315
4.25 277.5 0.0153
0 277.5 0
0 277.5 0
0 277.5 0
0 277.5 0
0 277.5 0
0 277.5 0
0 277.5 0
0 277.5 0
0 277.5 0
0 277.5 0
0 277.5 0
0 277.5 0
4 277.5 0.0144
44.25 277.5 0.1595
99.25 277.5 0.3577
129.75 277.5 0.4676
153.25 277.5 0.5523
146.5 277.5 0.5279
148.25 277.5 0.5342
136.5 277.5 0.4919
97 277.5 0.3495
62.5 277.5 0.2252
24.25 277.5 0.0874
1.5 277.5 0.0054
0 277.5 0
0 277.5 0
0 277.5 0
0.25 277.5 0.0009
0 277.5 0
0 277.5 0
0 277.5 0
0 277.5 0
0 277.5 0
0 277.5 0
0 277.5 0
0.25 277.5 0.0009
1.75 277.5 0.0063
20.5 277.5 0.0739
60.75 277.5 0.2189
107.75 277.5 0.3883
139.75 277.5 0.5036
146.5 277.5 0.5279
132.5 277.5 0.4775
134.5 277.5 0.4847
102.75 277.5 0.3703
72 277.5 0.2595
28.75 277.5 0.1036
2.5 277.5 0.009
0 277.5 0
0 277.5 0
0 277.5 0
0 277.5 0
0 277.5 0
0 277.5 0
0 277.5 0
0 277.5 0
0 277.5 0
0 277.5 0
0 277.5 0
0.25 277.5 0.0009
1.25 277.5 0.0045
17.25 277.5 0.0622
53.75 277.5 0.1937
79.25 277.5 0.2856
98.5 277.5 0.355
128.5 277.5 0.4631
144.5 277.5 0.5207
132 277.5 0.4757
117 277.5 0.4216
87.75 277.5 0.3162
35 277.5 0.1261
3.25 277.5 0.0117
0.25 277.5 0.0009
0 277.5 0
0 277.5 0
0 277.5 0
0 277.5 0
0 277.5 0
0 277.5 0
0 277.5 0
0 277.5 0
0 277.5 0
0 277.5 0
0.25 277.5 0.0009
2.5 277.5 0.009
23.25 277.5 0.0838
51.5 277.5 0.1856
83.75 277.5 0.3018
95.5 277.5 0.3441
101.5 277.5 0.3658
101 277.5 0.364
94.25 277.5 0.3396
82 277.5 0.2955
50.5 277.5 0.182
26.25 277.5 0.0946
2.75 277.5 0.0099
0 277.5 0
0 277.5 0
0 277.5 0
0 277.5 0
0 277.5 0
0 277.5 0
0 277.5 0
0 277.5 0
0 277.5 0
0 277.5 0
0 277.5 0
0 277.5 0
2.75 277.5 0.0099
45.75 277.5 0.1649
108 277.5 0.3892
135 277.5 0.4865
172.5 277.5 0.6216
166 277.5 0.5982
159 277.5 0.573
165.5 277.5 0.5964
137.5 277.5 0.4955
92.75 277.5 0.3342
42 277.5 0.1514
2.5 277.5 0.009
0 277.5 0
0.25 277.5 0.0009
0 277.5 0
0 277.5 0
0 277.5 0
0 277.5 0
0 277.5 0
0 277.5 0
0 277.5 0
0 277.5 0
0 277.5 0
0 277.5 0
1.25 277.5 0.0045
26.5 277.5 0.0955
73.5 277.5 0.2649
121 277.5 0.436
139.5 277.5 0.5027
115.75 277.5 0.4171
137.75 277.5 0.4964
117.75 277.5 0.4243
89.25 277.5 0.3216
61.5 277.5 0.2216
29.5 277.5 0.1063
1.75 277.5 0.0063
0 277.5 0
0 277.5 0
0 277.5 0
0 277.5 0
0 277.5 0
0 277.5 0
0 277.5 0
0 277.5 0
0 277.5 0
0 277.5 0
0 277.5 0
0 277.5 0
2 277.5 0.0072
37.75 277.5 0.136
91 277.5 0.3279
138.25 277.5 0.4982
173.75 277.5 0.6261
163.75 277.5 0.5901
157.5 277.5 0.5676
144.5 277.5 0.5207
140.25 277.5 0.5054
114.5 277.5 0.4126
49.5 277.5 0.1784
3 277.5 0.0108
0 277.5 0
0 277.5 0
0 277.5 0
0 277.5 0
0 277.5 0
0 277.5 0
0 277.5 0
0 277.5 0
0 277.5 0
0 277.5 0
0 277.5 0
0 277.5 0
0.75 277.5 0.0027
37.75 277.5 0.136
93.75 277.5 0.3378
145.75 277.5 0.5252
170.25 277.5 0.6135
170 277.5 0.6126
141.25 277.5 0.509
114 277.5 0.4108
78.75 277.5 0.2838
55 277.5 0.1982
17.25 277.5 0.0622
1.25 277.5 0.0045
0 277.5 0
0 277.5 0
0 277.5 0
0 277.5 0
0 277.5 0
0 277.5 0
0 277.5 0
0 277.5 0
0 277.5 0
0 277.5 0
0 277.5 0
0.25 277.5 0.0009
1.25 277.5 0.0045
40.25 277.5 0.145
98.5 277.5 0.355
136.5 277.5 0.4919
186 277.5 0.6703
167.25 277.5 0.6027
172.25 277.5 0.6207
158 277.5 0.5694
114 277.5 0.4108
80.25 277.5 0.2892
30.25 277.5 0.109
0.75 277.5 0.0027
0 277.5 0
0 277.5 0
0 277.5 0
0 277.5 0
0 277.5 0
0 277.5 0
0 277.5 0
0 277.5 0
0 277.5 0
0 277.5 0
0 277.5 0
0 277.5 0
0.5 277.5 0.0018
21.25 277.5 0.0766
62.75 277.5 0.2261
101.5 277.5 0.3658
112 277.5 0.4036
109.25 277.5 0.3937
108.75 277.5 0.3919
83.25 277.5 0.3
69.25 277.5 0.2495
45.5 277.5 0.164
15.5 277.5 0.0559
0.75 277.5 0.0027
0.25 277.5 0.0009
0.25 277.5 0.0009
0.25 277.5 0.0009
0.25 277.5 0.0009
0.25 277.5 0.0009
0.25 277.5 0.0009
0.25 277.5 0.0009
0.25 277.5 0.0009
0.25 277.5 0.0009
0.25 277.5 0.0009
0.25 277.5 0.0009
0.25 277.5 0.0009
0.5 277.5 0.0018
18.25 277.5 0.0658
55.25 277.5 0.1991
95.75 277.5 0.345
122.5 277.5 0.4414
127.5 277.5 0.4595
129.5 277.5 0.4667
122 277.5 0.4396
104 277.5 0.3748
66.5 277.5 0.2396
22.25 277.5 0.0802
1.75 277.5 0.0063
0 277.5 0
0 277.5 0
0 277.5 0
0 277.5 0
0 277.5 0
0 277.5 0
0 277.5 0
0 277.5 0
0 277.5 0
0 277.5 0
0 277.5 0
0 277.5 0
0.25 277.5 0.0009
19.25 277.5 0.0694
62.25 277.5 0.2243
87 277.5 0.3135
96.75 277.5 0.3486
118.75 277.5 0.4279
96.75 277.5 0.3486
98.5 277.5 0.355
80.5 277.5 0.2901
50 277.5 0.1802
19.25 277.5 0.0694
0.25 277.5 0.0009
0 277.5 0
0 277.5 0
0 277.5 0
0 277.5 0
0 277.5 0
0 277.5 0
0 277.5 0
0 277.5 0
0 277.5 0
0 277.5 0
0 277.5 0
0 277.5 0
1 277.5 0.0036
22 277.5 0.0793
67.25 277.5 0.2423
112 277.5 0.4036
114.25 277.5 0.4117
118.25 277.5 0.4261
107.75 277.5 0.3883
88.5 277.5 0.3189
63.75 277.5 0.2297
52.5 277.5 0.1892
16.5 277.5 0.0595
0.25 277.5 0.0009
0 277.5 0
0 277.5 0
0 277.5 0
0 277.5 0
0 277.5 0
0 277.5 0
0 277.5 0
0 277.5 0
0 277.5 0
0 277.5 0
0 277.5 0
0 277.5 0
0.75 277.5 0.0027
15.25 277.5 0.055
59.5 277.5 0.2144
83.5 277.5 0.3009
112 277.5 0.4036
138.25 277.5 0.4982
127.5 277.5 0.4595
132.5 277.5 0.4775
108.75 277.5 0.3919
79.25 277.5 0.2856
22.75 277.5 0.082
0.5 277.5 0.0018
0 277.5 0
0 277.5 0
0 277.5 0
0 277.5 0
0 277.5 0
0 277.5 0
0 277.5 0
0 277.5 0
0 277.5 0
0 277.5 0
0 277.5 0
0.25 277.5 0.0009
0.75 277.5 0.0027
27.75 277.5 0.1
85.25 277.5 0.3072
143.75 277.5 0.518
157.5 277.5 0.5676
133 277.5 0.4793
125 277.5 0.4505
116.25 277.5 0.4189
93.5 277.5 0.3369
62.75 277.5 0.2261
19.5 277.5 0.0703
0 277.5 0
0 277.5 0
0.25 277.5 0.0009
0 277.5 0
0 277.5 0
0 277.5 0
0 277.5 0
0 277.5 0
0 277.5 0
0 277.5 0
0 277.5 0
0 277.5 0
0 277.5 0
0.75 277.5 0.0027
19.25 277.5 0.0694
55.75 277.5 0.2009
84.5 277.5 0.3045
95.5 277.5 0.3441
107.25 277.5 0.3865
109.5 277.5 0.3946
100.5 277.5 0.3622
74.5 277.5 0.2685
38.75 277.5 0.1396
10.25 277.5 0.0369
0 277.5 0
0 277.5 0
0 277.5 0
0 277.5 0
0 277.5 0
0 277.5 0
0 277.5 0
0 277.5 0
0 277.5 0
0 277.5 0
0 277.5 0
0 277.5 0
0 277.5 0
1 277.5 0.0036
6.25 277.5 0.0225
24.75 277.5 0.0892
35.5 277.5 0.1279
52.25 277.5 0.1883
51.75 277.5 0.1865
42.5 277.5 0.1532
36.5 277.5 0.1315
34.25 277.5 0.1234
17 277.5 0.0613
3.75 277.5 0.0135
0 277.5 0
0 277.5 0
0 277.5 0
0 277.5 0
0 277.5 0
0 277.5 0
0 277.5 0
0 277.5 0
0 277.5 0
0 277.5 0
0 277.5 0
0 277.5 0
0 277.5 0
0.75 277.5 0.0027
7.25 277.5 0.0261
32.75 277.5 0.118
54.5 277.5 0.1964
63.25 277.5 0.2279
69.5 277.5 0.2505
78.5 277.5 0.2829
84.5 277.5 0.3045
72.75 277.5 0.2622
46.25 277.5 0.1667
17.25 277.5 0.0622
0 277.5 0
0 277.5 0
0 277.5 0
0 277.5 0
0 277.5 0
0 277.5 0
0 277.5 0
0 277.5 0
0 277.5 0
0 277.5 0
0 277.5 0
0 277.5 0
0.25 277.5 0.0009
0.5 277.5 0.0018
15.75 277.5 0.0568
62.75 277.5 0.2261
84.75 277.5 0.3054
113.5 277.5 0.409
109.5 277.5 0.3946
104.25 277.5 0.3757
102.5 277.5 0.3694
79.25 277.5 0.2856
49.25 277.5 0.1775
11.5 277.5 0.0414
0.25 277.5 0.0009
0.25 277.5 0.0009
0.25 277.5 0.0009
0.25 277.5 0.0009
0.25 277.5 0.0009
0.25 277.5 0.0009
0.25 277.5 0.0009
0.25 277.5 0.0009
0.25 277.5 0.0009
0.25 277.5 0.0009
0.25 277.5 0.0009
0.25 277.5 0.0009
0.25 277.5 0.0009
0.5 277.5 0.0018
5.5 277.5 0.0198
40.5 277.5 0.1459
56.5 277.5 0.2036
50.25 277.5 0.1811
43.75 277.5 0.1577
46 277.5 0.1658
58.25 277.5 0.2099
46.75 277.5 0.1685
31.5 277.5 0.1135
5.75 277.5 0.0207
0 277.5 0
0 277.5 0
0 277.5 0
0 277.5 0
0 277.5 0
0 277.5 0
0 277.5 0