0 277.5 0
0 277.5 0
0 277.5 0
0 277.5 0
0.25 277.5 0.0009
3 277.5 0.0108
23.25 277.5 0.0838
52.25 277.5 0.1883
99 277.5 0.3568
124.5 277.5 0.4486
135.75 277.5 0.4892
166.75 277.5 0.6009
151.5 277.5 0.5459
123 277.5 0.4432
104.5 277.5 0.3766
95 277.5 0.3423
80.5 277.5 0.2901
35.5 277.5 0.1279
9 277.5 0.0324
0 277.5 0
0 277.5 0
0 277.5 0
0 277.5 0
0 277.5 0
0 277.5 0
0 277.5 0
0 277.5 0
0 277.5 0
0.25 277.5 0.0009
2 277.5 0.0072
16.75 277.5 0.0604
49.75 277.5 0.1793
83.75 277.5 0.3018
113.75 277.5 0.4099
118.75 277.5 0.4279
127.5 277.5 0.4595
138.25 277.5 0.4982
115.75 277.5 0.4171
106.5 277.5 0.3838
82.25 277.5 0.2964
53.5 277.5 0.1928
25.75 277.5 0.0928
7 277.5 0.0252
0 277.5 0
0 277.5 0
0 277.5 0
0 277.5 0
0 277.5 0
0 277.5 0
0 277.5 0
0 277.5 0
0 277.5 0
0.5 277.5 0.0018
1.75 277.5 0.0063
17.75 277.5 0.064
59 277.5 0.2126
94.75 277.5 0.3414
124.25 277.5 0.4477
142.75 277.5 0.5144
148.75 277.5 0.536
156.75 277.5 0.5649
136.75 277.5 0.4928
145 277.5 0.5225
128.5 277.5 0.4631
92.75 277.5 0.3342
46.5 277.5 0.1676
9.75 277.5 0.0351
0.25 277.5 0.0009
0 277.5 0
0 277.5 0
0 277.5 0
0 277.5 0
0 277.5 0
0 277.5 0
0 277.5 0
0 277.5 0
0 277.5 0
2.75 277.5 0.0099
14 277.5 0.0505
56 277.5 0.2018
65.25 277.5 0.2351
86 277.5 0.3099
111 277.5 0.4
115.75 277.5 0.4171
125.75 277.5 0.4532
115 277.5 0.4144
84 277.5 0.3027
87.75 277.5 0.3162
50.5 277.5 0.182
20.5 277.5 0.0739
6.5 277.5 0.0234
0.25 277.5 0.0009
0 277.5 0
0 277.5 0
0 277.5 0
0 277.5 0
0 277.5 0
0 277.5 0
0 277.5 0
0 277.5 0
0 277.5 0
2 277.5 0.0072
17.5 277.5 0.0631
50.5 277.5 0.182
89.25 277.5 0.3216
99.75 277.5 0.3595
105.25 277.5 0.3793
109.25 277.5 0.3937
116.75 277.5 0.4207
114 277.5 0.4108
103.25 277.5 0.3721
104.75 277.5 0.3775
71.25 277.5 0.2568
37.75 277.5 0.136
11.25 277.5 0.0405
0.25 277.5 0.0009
0 277.5 0
0 277.5 0
0 277.5 0
0 277.5 0
0 277.5 0
0 277.5 0
0 277.5 0
0 277.5 0
0 277.5 0
2.75 277.5 0.0099
22 277.5 0.0793
63 277.5 0.227
113.5 277.5 0.409
148.5 277.5 0.5351
163.25 277.5 0.5883
168.5 277.5 0.6072
169.75 277.5 0.6117
163 277.5 0.5874
140 277.5 0.5045
123.5 277.5 0.445
93 277.5 0.3351
42.75 277.5 0.1541
7 277.5 0.0252
0.25 277.5 0.0009
0 277.5 0
0 277.5 0
0 277.5 0
0 277.5 0
0 277.5 0
0 277.5 0
0 277.5 0
0 277.5 0
0 277.5 0
2.75 277.5 0.0099
29.25 277.5 0.1054
79.5 277.5 0.2865
133.5 277.5 0.4811
164.25 277.5 0.5919
181.75 277.5 0.655
220.25 277.5 0.7937
210.25 277.5 0.7577
199.5 277.5 0.7189
194.75 277.5 0.7018
160.75 277.5 0.5793
113.75 277.5 0.4099
55.25 277.5 0.1991
13.5 277.5 0.0486
0.5 277.5 0.0018
0 277.5 0
0 277.5 0
0 277.5 0
0 277.5 0
0 277.5 0
0 277.5 0
0 277.5 0
0 277.5 0
0 277.5 0
3.75 277.5 0.0135
24.5 277.5 0.0883
87.25 277.5 0.3144
151.5 277.5 0.5459
168 277.5 0.6054
174 277.5 0.627
186.5 277.5 0.6721
169.5 277.5 0.6108
190.75 277.5 0.6874
163 277.5 0.5874
156.5 277.5 0.564
110.5 277.5 0.3982
49.5 277.5 0.1784
11.25 277.5 0.0405
0.25 277.5 0.0009
0 277.5 0
0 277.5 0
0 277.5 0
0 277.5 0
0 277.5 0
0 277.5 0
0 277.5 0
0 277.5 0
0.25 277.5 0.0009
3.75 277.5 0.0135
29.5 277.5 0.1063
85.25 277.5 0.3072
134 277.5 0.4829
177.5 277.5 0.6396
187 277.5 0.6739
180 277.5 0.6486
179.75 277.5 0.6477
165.75 277.5 0.5973
153.5 277.5 0.5532
115 277.5 0.4144
72.75 277.5 0.2622
32.25 277.5 0.1162
10 277.5 0.036
0.5 277.5 0.0018
0 277.5 0
0 277.5 0
0 277.5 0
0 277.5 0
0 277.5 0
0 277.5 0
0 277.5 0
0 277.5 0
0.25 277.5 0.0009
4 277.5 0.0144
26.25 277.5 0.0946
70.75 277.5 0.255
120 277.5 0.4324
115 277.5 0.4144
161 277.5 0.5802
141.5 277.5 0.5099
129.5 277.5 0.4667
108.75 277.5 0.3919
124.25 277.5 0.4477
145 277.5 0.5225
105.25 277.5 0.3793
44.5 277.5 0.1604
14.25 277.5 0.0514
0.75 277.5 0.0027
0 277.5 0
0 277.5 0
0 277.5 0
0 277.5 0
0 277.5 0
0 277.5 0
0 277.5 0
0 277.5 0
0.25 277.5 0.0009
5.75 277.5 0.0207
35.75 277.5 0.1288
88.5 277.5 0.3189
141.5 277.5 0.5099
149.75 277.5 0.5396
161.5 277.5 0.582
185.75 277.5 0.6694
197.5 277.5 0.7117
195.5 277.5 0.7045
179.75 277.5 0.6477
123.75 277.5 0.4459
91.75 277.5 0.3306
52.5 277.5 0.1892
12.25 277.5 0.0441
0.75 277.5 0.0027
0 277.5 0
0 277.5 0
0 277.5 0
0 277.5 0
0 277.5 0
0 277.5 0
0 277.5 0
0 277.5 0
0.25 277.5 0.0009
5.5 277.5 0.0198
35.75 277.5 0.1288
86.5 277.5 0.3117
141.25 277.5 0.509
173.25 277.5 0.6243
183.5 277.5 0.6613
167.5 277.5 0.6036
158.75 277.5 0.5721
138.5 277.5 0.4991
112.25 277.5 0.4045
98.75 277.5 0.3559
91 277.5 0.3279
46.75 277.5 0.1685
11.5 277.5 0.0414
0.5 277.5 0.0018
0 277.5 0
0 277.5 0
0 277.5 0
0 277.5 0
0 277.5 0
0 277.5 0
0 277.5 0
0 277.5 0
0 277.5 0
5.5 277.5 0.0198
27.5 277.5 0.0991
78.75 277.5 0.2838
130 277.5 0.4685
162.75 277.5 0.5865
132.5 277.5 0.4775
161.25 277.5 0.5811
177.75 277.5 0.6405
163 277.5 0.5874
153.25 277.5 0.5523
136.25 277.5 0.491
91.5 277.5 0.3297
45.25 277.5 0.1631
13.75 277.5 0.0495
0.5 277.5 0.0018
0 277.5 0
0 277.5 0
0 277.5 0
0 277.5 0
0 277.5 0
0 277.5 0
0 277.5 0
0 277.5 0
0.75 277.5 0.0027
4.25 277.5 0.0153
25.25 277.5 0.091
71.25 277.5 0.2568
113.5 277.5 0.409
151 277.5 0.5441
157.75 277.5 0.5685
146 277.5 0.5261
138.5 277.5 0.4991
131 277.5 0.4721
142 277.5 0.5117
114.5 277.5 0.4126
89.25 277.5 0.3216
48.5 277.5 0.1748
12.75 277.5 0.0459
0.5 277.5 0.0018
0 277.5 0
0 277.5 0
0 277.5 0
0 277.5 0
0 277.5 0
0 277.5 0
0 277.5 0
0 277.5 0
0.5 277.5 0.0018
2.75 277.5 0.0099
21.75 277.5 0.0784
63.5 277.5 0.2288
90.25 277.5 0.3252
96.25 277.5 0.3468
141 277.5 0.5081
151.5 277.5 0.5459
135.5 277.5 0.4883
149.25 277.5 0.5378
142 277.5 0.5117
160.25 277.5 0.5775
116 277.5 0.418
56.75 277.5 0.2045
13.25 277.5 0.0477
1 277.5 0.0036
0 277.5 0
0 277.5 0
0 277.5 0
0 277.5 0
0 277.5 0
0 277.5 0
0 277.5 0
0 277.5 0
0.5 277.5 0.0018
5 277.5 0.018
23.25 277.5 0.0838
61 277.5 0.2198
113.25 277.5 0.4081
157.25 277.5 0.5667
174.25 277.5 0.6279
172.75 277.5 0.6225
172.75 277.5 0.6225
188 277.5 0.6775
179.75 277.5 0.6477
135.5 277.5 0.4883
98 277.5 0.3532
51 277.5 0.1838
15.5 277.5 0.0559
1.75 277.5 0.0063
0 277.5 0
0 277.5 0
0 277.5 0
0 277.5 0
0 277.5 0
0 277.5 0
0 277.5 0
0 277.5 0
0.5 277.5 0.0018
5.5 277.5 0.0198
31.75 277.5 0.1144
89.25 277.5 0.3216
149.75 277.5 0.5396
192.25 277.5 0.6928
225 277.5 0.8108
233.5 277.5 0.8414
234.5 277.5 0.845
206.75 277.5 0.745
207 277.5 0.7459
165.25 277.5 0.5955
118.25 277.5 0.4261
58.5 277.5 0.2108
16.5 277.5 0.0595
1.75 277.5 0.0063
0 277.5 0
0 277.5 0
0 277.5 0
0 277.5 0
0 277.5 0
0 277.5 0
0 277.5 0
0 277.5 0
0.5 277.5 0.0018
4.25 277.5 0.0153
33.25 277.5 0.1198
76.75 277.5 0.2766
129 277.5 0.4649
173 277.5 0.6234
212.75 277.5 0.7667
217 277.5 0.782
218 277.5 0.7856
208.25 277.5 0.7505
202 277.5 0.7279
165.75 277.5 0.5973
106.25 277.5 0.3829
57.5 277.5 0.2072
14.75 277.5 0.0532
1.5 277.5 0.0054
0 277.5 0
0 277.5 0
0 277.5 0
0 277.5 0
0 277.5 0
0 277.5 0
0 277.5 0
0 277.5 0
0.5 277.5 0.0018
4.75 277.5 0.0171
26.75 277.5 0.0964
65 277.5 0.2342
105.25 277.5 0.3793
139.75 277.5 0.5036
155.5 277.5 0.5604
157.25 277.5 0.5667
145.5 277.5 0.5243
129 277.5 0.4649
103.5 277.5 0.373
95 277.5 0.3423
74 277.5 0.2667
43.25 277.5 0.1559
12.75 277.5 0.0459
1.25 277.5 0.0045
0 277.5 0
0 277.5 0
0 277.5 0
0 277.5 0
0 277.5 0
0 277.5 0
0 277.5 0
0.25 277.5 0.0009
0.25 277.5 0.0009
4 277.5 0.0144
28.75 277.5 0.1036
71.5 277.5 0.2577
157.25 277.5 0.5667
185.75 277.5 0.6694
203 277.5 0.7315
212.25 277.5 0.7649
221.75 277.5 0.7991
203.75 277.5 0.7342
183.25 277.5 0.6604
148.75 277.5 0.536
112.25 277.5 0.4045
59 277.5 0.2126
17.25 277.5 0.0622
2 277.5 0.0072
0 277.5 0
0 277.5 0
0 277.5 0
0 277.5 0
0 277.5 0
0 277.5 0
0 277.5 0
0 277.5 0
1 277.5 0.0036
6.75 277.5 0.0243
30.75 277.5 0.1108
58.5 277.5 0.2108
113.75 277.5 0.4099
181.5 277.5 0.6541
185 277.5 0.6667
179.25 277.5 0.6459
151.75 277.5 0.5468
133.75 277.5 0.482
137.75 277.5 0.4964
102.5 277.5 0.3694
74 277.5 0.2667
35.75 277.5 0.1288
11.75 277.5 0.0423
1 277.5 0.0036
0 277.5 0
0 277.5 0
0 277.5 0
0 277.5 0
0 277.5 0
0 277.5 0
0 277.5 0
0 277.5 0
0.25 277.5 0.0009
2.5 277.5 0.009
13.25 277.5 0.0477
38.5 277.5 0.1387
75.5 277.5 0.2721
95.25 277.5 0.3432
116 277.5 0.418
103.25 277.5 0.3721
105 277.5 0.3784
101.25 277.5 0.3649
100.25 277.5 0.3613
85.5 277.5 0.3081
64 277.5 0.2306
44 277.5 0.1586
17.25 277.5 0.0622
1.75 277.5 0.0063
0 277.5 0
0 277.5 0
0 277.5 0
0 277.5 0
0 277.5 0
0 277.5 0
0 277.5 0
0.25 277.5 0.0009
0.25 277.5 0.0009
7.5 277.5 0.027
40.5 277.5 0.1459
102.25 277.5 0.3685
161.75 277.5 0.5829
195 277.5 0.7027
229.5 277.5 0.827
228.25 277.5 0.8225
227 277.5 0.818
215.75 277.5 0.7775
213.5 277.5 0.7694
173 277.5 0.6234
115.5 277.5 0.4162
53 277.5 0.191
18 277.5 0.0649
2.75 277.5 0.0099
0 277.5 0
0 277.5 0
0 277.5 0
0 277.5 0
0 277.5 0
0 277.5 0
0 277.5 0
0 277.5 0
0.5 277.5 0.0018
6 277.5 0.0216
36.25 277.5 0.1306
92 277.5 0.3315
150.5 277.5 0.5423
187.25 277.5 0.6748
216.75 277.5 0.7811
218.25 277.5 0.7865
209.75 277.5 0.7559
201 277.5 0.7243
186.5 277.5 0.6721
154.25 277.5 0.5559
106.25 277.5 0.3829
54 277.5 0.1946
16.75 277.5 0.0604
1.75 277.5 0.0063
0 277.5 0
0 277.5 0
0 277.5 0
0 277.5 0
0 277.5 0
0 277.5 0
0 277.5 0
0 277.5 0
0.25 277.5 0.0009
5.5 277.5 0.0198
30.5 277.5 0.1099
76.25 277.5 0.2748
115 277.5 0.4144
138.25 277.5 0.4982
145 277.5 0.5225
163.25 277.5 0.5883
142 277.5 0.5117
114.75 277.5 0.4135
139.25 277.5 0.5018
125 277.5 0.4505
82.75 277.5 0.2982
44.25 277.5 0.1595
14 277.5 0.0505
1.5 277.5 0.0054
0 277.5 0
0 277.5 0
0 277.5 0
0 277.5 0
0 277.5 0
0 277.5 0
0 277.5 0
0 277.5 0
0.75 277.5 0.0027
5.75 277.5 0.0207
33.25 277.5 0.1198
69.75 277.5 0.2514
114.75 277.5 0.4135
143.75 277.5 0.518
156.5 277.5 0.564
159.5 277.5 0.5748
161.25 277.5 0.5811
162.25 277.5 0.5847
128.75 277.5 0.464
111.75 277.5 0.4027
86.25 277.5 0.3108
47.5 277.5 0.1712
14.25 277.5 0.0514
1.25 277.5 0.0045
0 277.5 0
0 277.5 0
0 277.5 0
0 277.5 0
0 277.5 0
0 277.5 0
0 277.5 0
0 277.5 0
0.75 277.5 0.0027
3 277.5 0.0108
29.75 277.5 0.1072
70 277.5 0.2523
129.25 277.5 0.4658
170 277.5 0.6126
203.75 277.5 0.7342
197.5 277.5 0.7117
186.5 277.5 0.6721
186.75 277.5 0.673
183.75 277.5 0.6622
155.25 277.5 0.5595
102 277.5 0.3676
52 277.5 0.1874
15.25 277.5 0.055
2.25 277.5 0.0081
0 277.5 0
0 277.5 0
0 277.5 0
0 277.5 0
0 277.5 0
0 277.5 0
0 277.5 0
0 277.5 0
0 277.5 0
6.25 277.5 0.0225
31.5 277.5 0.1135
94.25 277.5 0.3396
139.5 277.5 0.5027
142.75 277.5 0.5144
167 277.5 0.6018
187.25 277.5 0.6748
217.5 277.5 0.7838
215.25 277.5 0.7757
215 277.5 0.7748
169.5 277.5 0.6108
114.75 277.5 0.4135
59.5 277.5 0.2144
18.25 277.5 0.0658
2.5 277.5 0.009
0 277.5 0
0 277.5 0
0 277.5 0
0 277.5 0
0 277.5 0
0 277.5 0
0 277.5 0
0 277.5 0
0 277.5 0
2.5 277.5 0.009
27 277.5 0.0973
75.5 277.5 0.2721
129 277.5 0.4649
176 277.5 0.6342
195.25 277.5 0.7036
173.75 277.5 0.6261
167.25 277.5 0.6027
155.5 277.5 0.5604
148.75 277.5 0.536
126.25 277.5 0.455
109.25 277.5 0.3937
55.5 277.5 0.2
17.75 277.5 0.064
3.25 277.5 0.0117
0.5 277.5 0.0018
0.5 277.5 0.0018
0.5 277.5 0.0018
0.5 277.5 0.0018
0.5 277.5 0.0018
0.5 277.5 0.0018
0.5 277.5 0.0018
0.5 277.5 0.0018
0.75 277.5 0.0027
4 277.5 0.0144
29.25 277.5 0.1054
82.5 277.5 0.2973
111.5 277.5 0.4018
154 277.5 0.555
177.75 277.5 0.6405
204.25 277.5 0.736
158.25 277.5 0.5703
172 277.5 0.6198
175 277.5 0.6306
144 277.5 0.5189
89.25 277.5 0.3216
40.5 277.5 0.1459
14.75 277.5 0.0532
2.75 277.5 0.0099
0 277.5 0
0 277.5 0
0 277.5 0
0 277.5 0
0 277.5 0
0 277.5 0
0 277.5 0
0 277.5 0
0 277.5 0
3.5 277.5 0.0126
30 277.5 0.1081
64.5 277.5 0.2324
90.5 277.5 0.3261
141.5 277.5 0.5099
154 277.5 0.555
157.5 277.5 0.5676
118.25 277.5 0.4261
115.5 277.5 0.4162
112.25 277.5 0.4045
110.5 277.5 0.3982
85 277.5 0.3063
47.75 277.5 0.1721
16.5 277.5 0.0595
3 277.5 0.0108
0.25 277.5 0.0009
0 277.5 0
0 277.5 0
0 277.5 0