9970.8889 12628.7778 0.7895
9929.8889 12628.7778 0.7863
9850 12628.7778 0.78
9790.6667 12628.7778 0.7753
9801.3333 12628.7778 0.7761
9848.2222 12628.7778 0.7798
9943.4444 12628.7778 0.7874
10013.1111 12628.7778 0.7929
10014.5556 12628.7778 0.793
9997 12628.7778 0.7916
10000.3333 12628.7778 0.7919
10008.2222 12628.7778 0.7925
10005.1111 12628.7778 0.7922
10005.8889 12628.7778 0.7923
10015.1111 12628.7778 0.793
10022.7778 12628.7778 0.7936
10028.7778 12628.7778 0.7941
10022.6667 12628.7778 0.7936
10043.6667 12628.7778 0.7953
10046.2222 12628.7778 0.7955
10041.8889 12628.7778 0.7952
10033.2222 12628.7778 0.7945
10036.1111 12628.7778 0.7947
10060.1111 12628.7778 0.7966
10051.5556 12628.7778 0.7959
10041.6667 12628.7778 0.7951
10048.6667 12628.7778 0.7957
10052 12628.7778 0.796
10046.7778 12628.7778 0.7955
10042.2222 12628.7778 0.7952
10048.4444 12628.7778 0.7957
10053.3333 12628.7778 0.7961
10078.2222 12628.7778 0.798
10084.6667 12628.7778 0.7985
10067.1111 12628.7778 0.7972
10087.8889 12628.7778 0.7988
10095.4444 12628.7778 0.7994
10089.6667 12628.7778 0.7989
10053.6667 12628.7778 0.7961
10063.4444 12628.7778 0.7969
10077 12628.7778 0.7979
10087.5556 12628.7778 0.7988
10093.2222 12628.7778 0.7992
10102.3333 12628.7778 0.7999
10099.7778 12628.7778 0.7997
10101 12628.7778 0.7998
10137.3333 12628.7778 0.8027
10155.5556 12628.7778 0.8042
10160.6667 12628.7778 0.8046
10154.2222 12628.7778 0.8041
10161 12628.7778 0.8046
10160.8889 12628.7778 0.8046
10158.4444 12628.7778 0.8044
10169.4444 12628.7778 0.8053
10179.3333 12628.7778 0.806
10181.3333 12628.7778 0.8062
10180.4444 12628.7778 0.8061
10178.5556 12628.7778 0.806
10179.2222 12628.7778 0.806
10194.1111 12628.7778 0.8072
10218.4444 12628.7778 0.8091
10209.6667 12628.7778 0.8084
10205.7778 12628.7778 0.8081
10195.7778 12628.7778 0.8073
10157 12628.7778 0.8043
10149.4444 12628.7778 0.8037
10153.1111 12628.7778 0.804
10151.7778 12628.7778 0.8039
10125.3333 12628.7778 0.8018
10130.4444 12628.7778 0.8022
10076.2222 12628.7778 0.7979
10070 12628.7778 0.7974
10066.2222 12628.7778 0.7971
10050.4444 12628.7778 0.7958
9975.8889 12628.7778 0.7899
9982.4444 12628.7778 0.7905
9981.4444 12628.7778 0.7904
9998.4444 12628.7778 0.7917
10071.2222 12628.7778 0.7975
10106.3333 12628.7778 0.8003
10107.1111 12628.7778 0.8003
10108 12628.7778 0.8004
10106.8889 12628.7778 0.8003
10108.6667 12628.7778 0.8004
10123.4444 12628.7778 0.8016
10094.7778 12628.7778 0.7993
10067.4444 12628.7778 0.7972
10058.5556 12628.7778 0.7965
10082 12628.7778 0.7983
10091.4444 12628.7778 0.7991
10085 12628.7778 0.7986
10063.7778 12628.7778 0.7969
10027.8889 12628.7778 0.7941
10017.4444 12628.7778 0.7932
10027.8889 12628.7778 0.7941
10034.5556 12628.7778 0.7946
9946.1111 12628.7778 0.7876
9935.4444 12628.7778 0.7867
9934.4444 12628.7778 0.7867
9938.4444 12628.7778 0.787
9940.7778 12628.7778 0.7872
9942.6667 12628.7778 0.7873
9945 12628.7778 0.7875
9945.5556 12628.7778 0.7875
9943 12628.7778 0.7873
9932.5556 12628.7778 0.7865
9940.1111 12628.7778 0.7871
9942.6667 12628.7778 0.7873
9945.3333 12628.7778 0.7875
9946.8889 12628.7778 0.7876
9947.4444 12628.7778 0.7877
9943.8889 12628.7778 0.7874
9951 12628.7778 0.788
9958.5556 12628.7778 0.7886
9961.2222 12628.7778 0.7888
9962.5556 12628.7778 0.7889
9958.4444 12628.7778 0.7886
9957.8889 12628.7778 0.7885
9954.3333 12628.7778 0.7882
9955.4444 12628.7778 0.7883
9958.8889 12628.7778 0.7886
9961.3333 12628.7778 0.7888
9955.1111 12628.7778 0.7883
9959 12628.7778 0.7886
9961 12628.7778 0.7888
9962.2222 12628.7778 0.7889
9962.8889 12628.7778 0.7889
9969.3333 12628.7778 0.7894
9967.5556 12628.7778 0.7893
9968.6667 12628.7778 0.7894
9971.5556 12628.7778 0.7896
9968.1111 12628.7778 0.7893
9964.5556 12628.7778 0.789
9965 12628.7778 0.7891
9988.3333 12628.7778 0.7909
9984.7778 12628.7778 0.7906
9988.6667 12628.7778 0.7909
9992 12628.7778 0.7912
10023.8889 12628.7778 0.7937
10035.1111 12628.7778 0.7946
10030.5556 12628.7778 0.7943
10029.2222 12628.7778 0.7942
10037.1111 12628.7778 0.7948
10044.5556 12628.7778 0.7954
10049 12628.7778 0.7957
10052.8889 12628.7778 0.796
10047.5556 12628.7778 0.7956
10054.3333 12628.7778 0.7961
10057.1111 12628.7778 0.7964
10057.1111 12628.7778 0.7964
10058.6667 12628.7778 0.7965
10073.3333 12628.7778 0.7976
10073.4444 12628.7778 0.7977
10079.4444 12628.7778 0.7981
10083.4444 12628.7778 0.7984
10089.4444 12628.7778 0.7989
10087.6667 12628.7778 0.7988
10054.1111 12628.7778 0.7961
10023 12628.7778 0.7937
10026.7778 12628.7778 0.794
10044.4444 12628.7778 0.7954
10050 12628.7778 0.7958
10048.4444 12628.7778 0.7957
10060.1111 12628.7778 0.7966
10067 12628.7778 0.7971
10062.7778 12628.7778 0.7968
10009.2222 12628.7778 0.7926
10007.1111 12628.7778 0.7924
10008 12628.7778 0.7925
10003.8889 12628.7778 0.7922
9998.6667 12628.7778 0.7917
10010.5556 12628.7778 0.7927
9986.8889 12628.7778 0.7908
10002.4444 12628.7778 0.792
10065.7778 12628.7778 0.7971
10083.6667 12628.7778 0.7985
10084.4444 12628.7778 0.7985
10084.3333 12628.7778 0.7985
10084.4444 12628.7778 0.7985
10089.2222 12628.7778 0.7989
10097.7778 12628.7778 0.7996
10067.8889 12628.7778 0.7972
10076.4444 12628.7778 0.7979
10105.4444 12628.7778 0.8002
10112.2222 12628.7778 0.8007
10117.2222 12628.7778 0.8011
10123.2222 12628.7778 0.8016
10126.1111 12628.7778 0.8018
10120.4444 12628.7778 0.8014
10122.7778 12628.7778 0.8016
10118.4444 12628.7778 0.8012
10124.5556 12628.7778 0.8017
10101.6667 12628.7778 0.7999
10089.8889 12628.7778 0.799
10045.3333 12628.7778 0.7954
10022.6667 12628.7778 0.7936
10027.3333 12628.7778 0.794
10089.2222 12628.7778 0.7989
10163.1111 12628.7778 0.8048
10163.2222 12628.7778 0.8048
10165 12628.7778 0.8049
10164.8889 12628.7778 0.8049
10167 12628.7778 0.8051
10167.7778 12628.7778 0.8051
10167.2222 12628.7778 0.8051
10163.5556 12628.7778 0.8048
10153.6667 12628.7778 0.804
10153.3333 12628.7778 0.804
10161.3333 12628.7778 0.8046
10180.7778 12628.7778 0.8062
10190.3333 12628.7778 0.8069
10190 12628.7778 0.8069
10199.7778 12628.7778 0.8077
10206.1111 12628.7778 0.8082
10199.2222 12628.7778 0.8076
10166 12628.7778 0.805
10109.2222 12628.7778 0.8005
10018.6667 12628.7778 0.7933
9998.2222 12628.7778 0.7917
9995.3333 12628.7778 0.7915
9998.4444 12628.7778 0.7917
10045.5556 12628.7778 0.7954
10125.5556 12628.7778 0.8018
10186.2222 12628.7778 0.8066
10186.3333 12628.7778 0.8066
10162.4444 12628.7778 0.8047
10134 12628.7778 0.8025
10181.5556 12628.7778 0.8062
10189.8889 12628.7778 0.8069
10186.2222 12628.7778 0.8066
10182.3333 12628.7778 0.8063
10190.4444 12628.7778 0.8069
10185.7778 12628.7778 0.8066
10168.5556 12628.7778 0.8052
10168.6667 12628.7778 0.8052
10168.2222 12628.7778 0.8052
10164.8889 12628.7778 0.8049
10160.3333 12628.7778 0.8045
10142.7778 12628.7778 0.8031
10046.6667 12628.7778 0.7955
9982.7778 12628.7778 0.7905
9954.1111 12628.7778 0.7882
9914 12628.7778 0.785
9896.5556 12628.7778 0.7837
9901 12628.7778 0.784
9978.5556 12628.7778 0.7901
10095.8889 12628.7778 0.7994
10139 12628.7778 0.8028
10188.2222 12628.7778 0.8067
10180.1111 12628.7778 0.8061
10189.7778 12628.7778 0.8069
10189.1111 12628.7778 0.8068
10187.3333 12628.7778 0.8067
10180.2222 12628.7778 0.8061
10169.2222 12628.7778 0.8052
10166.2222 12628.7778 0.805
10173.3333 12628.7778 0.8056
10189.5556 12628.7778 0.8069
10192 12628.7778 0.807
10199 12628.7778 0.8076
10191.3333 12628.7778 0.807
10104.2222 12628.7778 0.8001
10041.7778 12628.7778 0.7952
10049.4444 12628.7778 0.7958
9165.7778 12628.7778 0.7258
9117.1111 12628.7778 0.7219
9074.3333 12628.7778 0.7185
9065.6667 12628.7778 0.7179
9068.1111 12628.7778 0.7181
9089.3333 12628.7778 0.7197
9108.5556 12628.7778 0.7213
9136.3333 12628.7778 0.7235
9106.6667 12628.7778 0.7211
9090.2222 12628.7778 0.7198
9111.7778 12628.7778 0.7215
9145.7778 12628.7778 0.7242
9168.6667 12628.7778 0.726
9166.4444 12628.7778 0.7258
9081.4444 12628.7778 0.7191
9085.1111 12628.7778 0.7194
9098.3333 12628.7778 0.7204
9032.8889 12628.7778 0.7153
9026.8889 12628.7778 0.7148
9029.4444 12628.7778 0.715
9029.3333 12628.7778 0.715
9033.2222 12628.7778 0.7153
9034.2222 12628.7778 0.7154
9036.8889 12628.7778 0.7156
9992.6667 12628.7778 0.7913
9974.6667 12628.7778 0.7898
9973.3333 12628.7778 0.7897
9950.3333 12628.7778 0.7879
9940.4444 12628.7778 0.7871
9961.4444 12628.7778 0.7888
9981.6667 12628.7778 0.7904
9986.5556 12628.7778 0.7908
9990 12628.7778 0.7911
9995.1111 12628.7778 0.7915
10002.1111 12628.7778 0.792
10002.1111 12628.7778 0.792
10003.5556 12628.7778 0.7921
10003.8889 12628.7778 0.7922
10003.5556 12628.7778 0.7921
10001.3333 12628.7778 0.7919
10006.3333 12628.7778 0.7923
10037.1111 12628.7778 0.7948
10041.1111 12628.7778 0.7951
10051.4444 12628.7778 0.7959
10059.4444 12628.7778 0.7965
10057 12628.7778 0.7964
10076 12628.7778 0.7979
10018.3333 12628.7778 0.7933
9910.5556 12628.7778 0.7848
9887.6667 12628.7778 0.7829
9856.7778 12628.7778 0.7805
9823.2222 12628.7778 0.7778
9815.7778 12628.7778 0.7773
9812 12628.7778 0.777
9845.7778 12628.7778 0.7796
9865.6667 12628.7778 0.7812
9935.6667 12628.7778 0.7867
9981 12628.7778 0.7903
9983.3333 12628.7778 0.7905
9983.1111 12628.7778 0.7905
9956.2222 12628.7778 0.7884
9977.4444 12628.7778 0.7901
9980.5556 12628.7778 0.7903
10004.7778 12628.7778 0.7922
10042.1111 12628.7778 0.7952
10049 12628.7778 0.7957
10064.8889 12628.7778 0.797
10068.1111 12628.7778 0.7972
10067.2222 12628.7778 0.7972
10051.4444 12628.7778 0.7959
9999.6667 12628.7778 0.7918
9959.8889 12628.7778 0.7887
9869.2222 12628.7778 0.7815
9830.6667 12628.7778 0.7784
9822 12628.7778 0.7777
9830.6667 12628.7778 0.7784
9850.2222 12628.7778 0.78
9905.1111 12628.7778 0.7843
10015 12628.7778 0.793
10117.5556 12628.7778 0.8012
10157.5556 12628.7778 0.8043
10189.4444 12628.7778 0.8068
10199.6667 12628.7778 0.8077
10208.5556 12628.7778 0.8084
10204.7778 12628.7778 0.8081
10212.5556 12628.7778 0.8087
10216.2222 12628.7778 0.809
10217.7778 12628.7778 0.8091
10217.2222 12628.7778 0.809
10222.3333 12628.7778 0.8094
10229.5556 12628.7778 0.81
10224.8889 12628.7778 0.8096
10225.7778 12628.7778 0.8097
10239.4444 12628.7778 0.8108
10247.6667 12628.7778 0.8115
10204.7778 12628.7778 0.8081
10112.3333 12628.7778 0.8007
10049.5556 12628.7778 0.7958
10013.4444 12628.7778 0.7929
10031.7778 12628.7778 0.7944
10060.1111 12628.7778 0.7966
10177 12628.7778 0.8059
10263.1111 12628.7778 0.8127
10294.2222 12628.7778 0.8151
10294.3333 12628.7778 0.8151
10259.5556 12628.7778 0.8124
10202.8889 12628.7778 0.8079
10206.4444 12628.7778 0.8082
10211.4444 12628.7778 0.8086
10211.4444 12628.7778 0.8086
10211.3333 12628.7778 0.8086
10216.1111 12628.7778 0.809
10254.8889 12628.7778 0.812
10268.7778 12628.7778 0.8131
10276.8889 12628.7778 0.8138
10274.1111 12628.7778 0.8135
10268.4444 12628.7778 0.8131
10268.8889 12628.7778 0.8131
10272 12628.7778 0.8134
10264.2222 12628.7778 0.8128
10188.4444 12628.7778 0.8068
10063.4444 12628.7778 0.7969
9980.6667 12628.7778 0.7903
9975.3333 12628.7778 0.7899
9994.2222 12628.7778 0.7914
10042.7778 12628.7778 0.7952
10112.2222 12628.7778 0.8007
10233.3333 12628.7778 0.8103
10304.2222 12628.7778 0.8159
10306 12628.7778 0.8161
10304.6667 12628.7778 0.816
10269.8889 12628.7778 0.8132
10267.2222 12628.7778 0.813
10266 12628.7778 0.8129
10260.2222 12628.7778 0.8124
10224.4444 12628.7778 0.8096
10234.7778 12628.7778 0.8104
10237.3333 12628.7778 0.8106
10238 12628.7778 0.8107
10251.1111 12628.7778 0.8117
10252.1111 12628.7778 0.8118
10255.1111 12628.7778 0.812
10233.4444 12628.7778 0.8103
10167.7778 12628.7778 0.8051
10114.6667 12628.7778 0.8009
10091.5556 12628.7778 0.7991
10066 12628.7778 0.7971
10056.4444 12628.7778 0.7963
10057.8889 12628.7778 0.7964
10106.3333 12628.7778 0.8003
10157.5556 12628.7778 0.8043
10181.8889 12628.7778 0.8062
10205.7778 12628.7778 0.8081
10199.5556 12628.7778 0.8076
10199.1111 12628.7778 0.8076
10200.4444 12628.7778 0.8077
10196.2222 12628.7778 0.8074
10194.5556 12628.7778 0.8072
10188.2222 12628.7778 0.8067
10166.1111 12628.7778 0.805
10191.4444 12628.7778 0.807
10222.7778 12628.7778 0.8095
10264.8889 12628.7778 0.8128
10264 12628.7778 0.8127
10259.6667 12628.7778 0.8124
10257.4444 12628.7778 0.8122
10243.2222 12628.7778 0.8111
10191.4444 12628.7778 0.807
10186.4444 12628.7778 0.8066
10161.2222 12628.7778 0.8046
10124.5556 12628.7778 0.8017
10119.3333 12628.7778 0.8013
10157 12628.7778 0.8043
10193.1111 12628.7778 0.8071
10211.6667 12628.7778 0.8086
10225.5556 12628.7778 0.8097
10219.6667 12628.7778 0.8092
10213.2222 12628.7778 0.8087
10217.1111 12628.7778 0.809
10247 12628.7778 0.8114
10241.4444 12628.7778 0.811
10251.6667 12628.7778 0.8118
10263 12628.7778 0.8127
10262.3333 12628.7778 0.8126
10263.2222 12628.7778 0.8127
10262.5556 12628.7778 0.8126
10265.7778 12628.7778 0.8129
10257.6667 12628.7778 0.8122
10252.5556 12628.7778 0.8118
10197.1111 12628.7778 0.8075
10196 12628.7778 0.8074
10203.3333 12628.7778 0.8079
10158.6667 12628.7778 0.8044
10069.6667 12628.7778 0.7974
10050.1111 12628.7778 0.7958
10070.2222 12628.7778 0.7974
10091 12628.7778 0.799
10185.4444 12628.7778 0.8065
10240.2222 12628.7778 0.8109
10239.6667 12628.7778 0.8108
10232.1111 12628.7778 0.8102
10233.8889 12628.7778 0.8104
10251.5556 12628.7778 0.8118
10265.8889 12628.7778 0.8129
10264.3333 12628.7778 0.8128
10255.5556 12628.7778 0.8121
10254 12628.7778 0.812
10263.4444 12628.7778 0.8127
10263.6667 12628.7778 0.8127
10265.7778 12628.7778 0.8129
10264.5556 12628.7778 0.8128
10258.4444 12628.7778 0.8123
10260.5556 12628.7778 0.8125
10227.3333 12628.7778 0.8098
10202.1111 12628.7778 0.8078
10059.2222 12628.7778 0.7965
9988.6667 12628.7778 0.7909
9992.4444 12628.7778 0.7912
9990.4444 12628.7778 0.7911
9992.5556 12628.7778 0.7913
9996.7778 12628.7778 0.7916
10011.5556 12628.7778 0.7928
10062.1111 12628.7778 0.7968
10116 12628.7778 0.801
10174.7778 12628.7778 0.8057
10229.5556 12628.7778 0.81
10218 12628.7778 0.8091
10215.4444 12628.7778 0.8089
10218 12628.7778 0.8091
10242.1111 12628.7778 0.811
10229.6667 12628.7778 0.81
10233.8889 12628.7778 0.8104
10240.8889 12628.7778 0.8109
10271.2222 12628.7778 0.8133
10273.7778 12628.7778 0.8135
10270.3333 12628.7778 0.8132
10265 12628.7778 0.8128
10249.7778 12628.7778 0.8116
10246.4444 12628.7778 0.8114
10216.8889 12628.7778 0.809
10204.2222 12628.7778 0.808
10166.4444 12628.7778 0.805
10157.8889 12628.7778 0.8043
10155 12628.7778 0.8041
10155 12628.7778 0.8041
10188.8889 12628.7778 0.8068
10245.2222 12628.7778 0.8113
10275.6667 12628.7778 0.8137
10296.1111 12628.7778 0.8153
10289.2222 12628.7778 0.8147
10280 12628.7778 0.814
10294.6667 12628.7778 0.8152
10302.6667 12628.7778 0.8158
10303.6667 12628.7778 0.8159
10303.1111 12628.7778 0.8158
10318.5556 12628.7778 0.8171
10318.7778 12628.7778 0.8171
10326.8889 12628.7778 0.8177
10331 12628.7778 0.8181
10326.8889 12628.7778 0.8177
10328.8889 12628.7778 0.8179
10325.8889 12628.7778 0.8176
10304.2222 12628.7778 0.8159
10273.3333 12628.7778 0.8135
10226.3333 12628.7778 0.8098
10223.2222 12628.7778 0.8095
10233.4444 12628.7778 0.8103
10250.1111 12628.7778 0.8116
10253.7778 12628.7778 0.8119
10309.7778 12628.7778 0.8164
10366.1111 12628.7778 0.8208
10366 12628.7778 0.8208
10363.6667 12628.7778 0.8206
10360.5556 12628.7778 0.8204
10356 12628.7778 0.82
10353.8889 12628.7778 0.8199
10352 12628.7778 0.8197
10357.3333 12628.7778 0.8201
10362.6667 12628.7778 0.8206
10358.3333 12628.7778 0.8202
10356.4444 12628.7778 0.8201
10361.3333 12628.7778 0.8205
10387.1111 12628.7778 0.8225
10397 12628.7778 0.8233
10386.5556 12628.7778 0.8225
10235.6667 12628.7778 0.8105
10216.4444 12628.7778 0.809
10216.5556 12628.7778 0.809
10224.3333 12628.7778 0.8096
10222.2222 12628.7778 0.8094
10224.2222 12628.7778 0.8096
10225 12628.7778 0.8097
10229.2222 12628.7778 0.81
10227.6667 12628.7778 0.8099
10231.2222 12628.7778 0.8102
10225.8889 12628.7778 0.8097
10223.4444 12628.7778 0.8095
10221.1111 12628.7778 0.8094
10210.7778 12628.7778 0.8085
10211.3333 12628.7778 0.8086
10214.2222 12628.7778 0.8088
10206.6667 12628.7778 0.8082
10220.1111 12628.7778 0.8093
10228.7778 12628.7778 0.81
10231.2222 12628.7778 0.8102
10233.1111 12628.7778 0.8103
10234.3333 12628.7778 0.8104
10231.8889 12628.7778 0.8102
10227.3333 12628.7778 0.8098
10108.4444 12628.7778 0.8004
10073 12628.7778 0.7976
10055.5556 12628.7778 0.7962
10038.5556 12628.7778 0.7949
10036 12628.7778 0.7947
10045.1111 12628.7778 0.7954
10053.4444 12628.7778 0.7961
10062.4444 12628.7778 0.7968
10062.3333 12628.7778 0.7968
10036.8889 12628.7778 0.7948
10036.6667 12628.7778 0.7947
10039.2222 12628.7778 0.7949
10062.1111 12628.7778 0.7968
10066.5556 12628.7778 0.7971
10063.8889 12628.7778 0.7969
10034 12628.7778 0.7945
10040 12628.7778 0.795
10069.2222 12628.7778 0.7973
10075 12628.7778 0.7978
10074.3333 12628.7778 0.7977
10072.1111 12628.7778 0.7976
10072.8889 12628.7778 0.7976
10068.4444 12628.7778 0.7973
10001.1111 12628.7778 0.7919
9941.5556 12628.7778 0.7872
9941.5556 12628.7778 0.7872
9942.8889 12628.7778 0.7873
9943.5556 12628.7778 0.7874
9945.3333 12628.7778 0.7875
9944.7778 12628.7778 0.7875
9942 12628.7778 0.7872
9950.2222 12628.7778 0.7879
9950.8889 12628.7778 0.788
9951.8889 12628.7778 0.788
9949.7778 12628.7778 0.7879
9945.2222 12628.7778 0.7875
9942.7778 12628.7778 0.7873
9940.8889 12628.7778 0.7872
9987.6667 12628.7778 0.7909
10027.5556 12628.7778 0.794
10014.3333 12628.7778 0.793
10029.3333 12628.7778 0.7942
10042 12628.7778 0.7952
10060.8889 12628.7778 0.7967
10071.1111 12628.7778 0.7975
10070.6667 12628.7778 0.7974
10067 12628.7778 0.7971
10061.6667 12628.7778 0.7967
10064.3333 12628.7778 0.7969
10068.4444 12628.7778 0.7973
10051.4444 12628.7778 0.7959
10024 12628.7778 0.7937
9997.5556 12628.7778 0.7916
9994.1111 12628.7778 0.7914
9998.2222 12628.7778 0.7917
10009.3333 12628.7778 0.7926
10033.5556 12628.7778 0.7945
10041.8889 12628.7778 0.7952
10040.1111 12628.7778 0.795
10042.3333 12628.7778 0.7952
10043.4444 12628.7778 0.7953
10036.3333 12628.7778 0.7947
10037.6667 12628.7778 0.7948
10028.6667 12628.7778 0.7941
10026.2222 12628.7778 0.7939
10030.7778 12628.7778 0.7943
10040.5556 12628.7778 0.7951
10041.5556 12628.7778 0.7951
10043.3333 12628.7778 0.7953
10044.6667 12628.7778 0.7954
10039.5556 12628.7778 0.795
10041.7778 12628.7778 0.7952
10005.4444 12628.7778 0.7923
9944.7778 12628.7778 0.7875
9945.7778 12628.7778 0.7875
9928.2222 12628.7778 0.7862
9911.2222 12628.7778 0.7848
9890.1111 12628.7778 0.7831
9881.4444 12628.7778 0.7825
9890.5556 12628.7778 0.7832
9920.1111 12628.7778 0.7855
9923.4444 12628.7778 0.7858
9925.6667 12628.7778 0.786
9923.1111 12628.7778 0.7858
9906.5556 12628.7778 0.7844
9916.7778 12628.7778 0.7853
9911 12628.7778 0.7848
9885.2222 12628.7778 0.7828
9899.3333 12628.7778 0.7839
9918.1111 12628.7778 0.7854
9911.1111 12628.7778 0.7848
9844.1111 12628.7778 0.7795
9876.8889 12628.7778 0.7821
9897.5556 12628.7778 0.7837
9928 12628.7778 0.7861
9935.8889 12628.7778 0.7868
9939.7778 12628.7778 0.7871
9914.8889 12628.7778 0.7851
9888.5556 12628.7778 0.783
9895 12628.7778 0.7835
9898.7778 12628.7778 0.7838
9885.1111 12628.7778 0.7827
9899.6667 12628.7778 0.7839
9883 12628.7778 0.7826
9904.4444 12628.7778 0.7843
9991.5556 12628.7778 0.7912
10052.5556 12628.7778 0.796
10053.7778 12628.7778 0.7961
10054.2222 12628.7778 0.7961
10054.3333 12628.7778 0.7961
10056.1111 12628.7778 0.7963
10054.5556 12628.7778 0.7962
10054.5556 12628.7778 0.7962
10055.6667 12628.7778 0.7963
10075.2222 12628.7778 0.7978
10087.4444 12628.7778 0.7988
10090.7778 12628.7778 0.799
10092 12628.7778 0.7991
10089.3333 12628.7778 0.7989
10028 12628.7778 0.7941
9992.5556 12628.7778 0.7913
9991 12628.7778 0.7911
9967.1111 12628.7778 0.7892
9932.7778 12628.7778 0.7865
9924.7778 12628.7778 0.7859
9931 12628.7778 0.7864
9933.8889 12628.7778 0.7866
9935.3333 12628.7778 0.7867
9961.7778 12628.7778 0.7888
9998.5556 12628.7778 0.7917
9995.4444 12628.7778 0.7915
9995.5556 12628.7778 0.7915
9996.3333 12628.7778 0.7916
9979.1111 12628.7778 0.7902
9950.8889 12628.7778 0.788
9942.5556 12628.7778 0.7873
9930.1111 12628.7778 0.7863
9949.7778 12628.7778 0.7879
9993.5556 12628.7778 0.7913
9781.5556 12628.7778 0.7745
9789.3333 12628.7778 0.7752
9842.8889 12628.7778 0.7794
10083.5556 12628.7778 0.7985
10104.7778 12628.7778 0.8001
10111.3333 12628.7778 0.8007
10091.3333 12628.7778 0.7991
10042.7778 12628.7778 0.7952
9990.8889 12628.7778 0.7911
9988 12628.7778 0.7909
9992.2222 12628.7778 0.7912
10000.1111 12628.7778 0.7919
10001.3333 12628.7778 0.7919
10004.8889 12628.7778 0.7922
10036 12628.7778 0.7947
10067.5556 12628.7778 0.7972
10074.4444 12628.7778 0.7977
10034.8889 12628.7778 0.7946
9999 12628.7778 0.7918
10024.1111 12628.7778 0.7938
10029.4444 12628.7778 0.7942
10030.4444 12628.7778 0.7943
10029.8889 12628.7778 0.7942
10060.4444 12628.7778 0.7966
10117.2222 12628.7778 0.8011
10128.6667 12628.7778 0.802
10143.6667 12628.7778 0.8032
10141.8889 12628.7778 0.8031
10139.1111 12628.7778 0.8029
10132.8889 12628.7778 0.8024
10065.7778 12628.7778 0.7971
9966.8889 12628.7778 0.7892