10740.8889 12628.7778 0.8505
10741.4444 12628.7778 0.8506
10717.5556 12628.7778 0.8487
10706 12628.7778 0.8477
10681.1111 12628.7778 0.8458
10685 12628.7778 0.8461
10696.5556 12628.7778 0.847
10732.8889 12628.7778 0.8499
10746.2222 12628.7778 0.8509
10743.2222 12628.7778 0.8507
10742.5556 12628.7778 0.8506
10738.6667 12628.7778 0.8503
10732.3333 12628.7778 0.8498
10725.6667 12628.7778 0.8493
10730.5556 12628.7778 0.8497
10731.4444 12628.7778 0.8498
10730.8889 12628.7778 0.8497
10734.6667 12628.7778 0.85
10737 12628.7778 0.8502
10737.3333 12628.7778 0.8502
10742.2222 12628.7778 0.8506
10709.1111 12628.7778 0.848
10653.4444 12628.7778 0.8436
10650.8889 12628.7778 0.8434
10641.4444 12628.7778 0.8426
10609.2222 12628.7778 0.8401
10599.4444 12628.7778 0.8393
10595.2222 12628.7778 0.839
10591 12628.7778 0.8386
10578.6667 12628.7778 0.8377
10554.7778 12628.7778 0.8358
10577.8889 12628.7778 0.8376
10658.2222 12628.7778 0.844
10671.8889 12628.7778 0.845
10671.3333 12628.7778 0.845
10675 12628.7778 0.8453
10630.4444 12628.7778 0.8418
10623.7778 12628.7778 0.8412
10604.8889 12628.7778 0.8397
10602.1111 12628.7778 0.8395
10614.6667 12628.7778 0.8405
10619.7778 12628.7778 0.8409
10617.8889 12628.7778 0.8408
10617 12628.7778 0.8407
10614.5556 12628.7778 0.8405
10613.7778 12628.7778 0.8404
10633.2222 12628.7778 0.842
10639.1111 12628.7778 0.8424
10593.4444 12628.7778 0.8388
10470.2222 12628.7778 0.8291
10445.6667 12628.7778 0.8271
10414.2222 12628.7778 0.8246
10377.4444 12628.7778 0.8217
10355 12628.7778 0.82
10315.7778 12628.7778 0.8168
10346.3333 12628.7778 0.8193
10430.1111 12628.7778 0.8259
10470.6667 12628.7778 0.8291
10465.1111 12628.7778 0.8287
10456.1111 12628.7778 0.828
10359.4444 12628.7778 0.8203
10430.2222 12628.7778 0.8259
10469.2222 12628.7778 0.829
10468.7778 12628.7778 0.829
10472.3333 12628.7778 0.8292
10485.2222 12628.7778 0.8303
10502 12628.7778 0.8316
10511.4444 12628.7778 0.8323
10505.3333 12628.7778 0.8319
10505.1111 12628.7778 0.8318
10505.6667 12628.7778 0.8319
10450.4444 12628.7778 0.8275
10434 12628.7778 0.8262
10449.1111 12628.7778 0.8274
10438.3333 12628.7778 0.8266
10415.1111 12628.7778 0.8247
10410.8889 12628.7778 0.8244
10401.6667 12628.7778 0.8236
10377.5556 12628.7778 0.8217
10411.2222 12628.7778 0.8244
10442.4444 12628.7778 0.8269
10463.4444 12628.7778 0.8285
10496.3333 12628.7778 0.8311
10527.5556 12628.7778 0.8336
10450.3333 12628.7778 0.8275
10541.3333 12628.7778 0.8347
10541.5556 12628.7778 0.8347
10555.4444 12628.7778 0.8358
10571.8889 12628.7778 0.8371
10590.2222 12628.7778 0.8386
10594.5556 12628.7778 0.8389
10594.1111 12628.7778 0.8389
10580.7778 12628.7778 0.8378
10551.4444 12628.7778 0.8355
10489.8889 12628.7778 0.8306
10436.5556 12628.7778 0.8264
10419.3333 12628.7778 0.825
10369.8889 12628.7778 0.8211
10330.4444 12628.7778 0.818
10304 12628.7778 0.8159
10222.5556 12628.7778 0.8095
10245.8889 12628.7778 0.8113
10255.3333 12628.7778 0.8121
10284.8889 12628.7778 0.8144
10310.8889 12628.7778 0.8165
10329.8889 12628.7778 0.818
10331.3333 12628.7778 0.8181
10331.2222 12628.7778 0.8181
10319.8889 12628.7778 0.8172
10325.3333 12628.7778 0.8176
10317.2222 12628.7778 0.817
10332.3333 12628.7778 0.8182
10337.4444 12628.7778 0.8186
10334.8889 12628.7778 0.8184
10346.4444 12628.7778 0.8193
10352.5556 12628.7778 0.8198
10380.2222 12628.7778 0.8219
10406.8889 12628.7778 0.8241
10425.5556 12628.7778 0.8255
10432.6667 12628.7778 0.8261
10403 12628.7778 0.8238
10405 12628.7778 0.8239
10384.3333 12628.7778 0.8223
10330.3333 12628.7778 0.818
10323.6667 12628.7778 0.8175
10338.3333 12628.7778 0.8186
10330.4444 12628.7778 0.818
10318.2222 12628.7778 0.817
10297.7778 12628.7778 0.8154
10296.8889 12628.7778 0.8154
10303.4444 12628.7778 0.8159
10256.1111 12628.7778 0.8121
10228.2222 12628.7778 0.8099
10222.7778 12628.7778 0.8095
10223.8889 12628.7778 0.8096
10220 12628.7778 0.8093
10223.3333 12628.7778 0.8095
10253.6667 12628.7778 0.8119
10278.8889 12628.7778 0.8139
10299.5556 12628.7778 0.8156
10307.7778 12628.7778 0.8162
10267.8889 12628.7778 0.8131
10242.4444 12628.7778 0.811
10255.5556 12628.7778 0.8121
10266.2222 12628.7778 0.8129
10271.2222 12628.7778 0.8133
10250.7778 12628.7778 0.8117
10228.3333 12628.7778 0.8099
10238.7778 12628.7778 0.8107
10272.8889 12628.7778 0.8135
10311.6667 12628.7778 0.8165
10318.5556 12628.7778 0.8171
10308.5556 12628.7778 0.8163
10307.8889 12628.7778 0.8162
10315.7778 12628.7778 0.8168
10319.7778 12628.7778 0.8172
10331.6667 12628.7778 0.8181
10338.8889 12628.7778 0.8187
10361.8889 12628.7778 0.8205
10387.5556 12628.7778 0.8225
10376.8889 12628.7778 0.8217
10377 12628.7778 0.8217
10374.1111 12628.7778 0.8215
10382 12628.7778 0.8221
10411.2222 12628.7778 0.8244
10420.6667 12628.7778 0.8252
10424.3333 12628.7778 0.8254
10439.8889 12628.7778 0.8267
10459.2222 12628.7778 0.8282
10444.2222 12628.7778 0.827
10413.2222 12628.7778 0.8246
10408.6667 12628.7778 0.8242
10403.4444 12628.7778 0.8238
10438.3333 12628.7778 0.8266
10513.5556 12628.7778 0.8325
10547.7778 12628.7778 0.8352
10551.6667 12628.7778 0.8355
10549.3333 12628.7778 0.8353
10545.3333 12628.7778 0.835
10535.4444 12628.7778 0.8342
10505.8889 12628.7778 0.8319
10520.4444 12628.7778 0.8331
10519.6667 12628.7778 0.833
10517.5556 12628.7778 0.8328
10523.3333 12628.7778 0.8333
10532 12628.7778 0.834
10538.7778 12628.7778 0.8345
10538.1111 12628.7778 0.8345
10536.6667 12628.7778 0.8343
10547.8889 12628.7778 0.8352
10562.8889 12628.7778 0.8364
10573.8889 12628.7778 0.8373
10569.4444 12628.7778 0.8369
10538.3333 12628.7778 0.8345
10491.4444 12628.7778 0.8308
10450.1111 12628.7778 0.8275
10407.1111 12628.7778 0.8241
10399.5556 12628.7778 0.8235
10437 12628.7778 0.8264
10497.7778 12628.7778 0.8313
10565.4444 12628.7778 0.8366
10573.7778 12628.7778 0.8373
10573.5556 12628.7778 0.8373
10560 12628.7778 0.8362
10557.3333 12628.7778 0.836
10549 12628.7778 0.8353
10563.4444 12628.7778 0.8365
10580.5556 12628.7778 0.8378
10618.2222 12628.7778 0.8408
10617.5556 12628.7778 0.8407
10617.8889 12628.7778 0.8408
10616.5556 12628.7778 0.8407
10642.7778 12628.7778 0.8427
10679.2222 12628.7778 0.8456
10673.8889 12628.7778 0.8452
10657.6667 12628.7778 0.8439
10633.3333 12628.7778 0.842
10630.1111 12628.7778 0.8417
10609.6667 12628.7778 0.8401
10619.8889 12628.7778 0.8409
10640.2222 12628.7778 0.8425
10656.6667 12628.7778 0.8438
10657.8889 12628.7778 0.8439
10660.3333 12628.7778 0.8441
10714.1111 12628.7778 0.8484
10794.7778 12628.7778 0.8548
10822.4444 12628.7778 0.857
10814 12628.7778 0.8563
10803.4444 12628.7778 0.8555
10804.8889 12628.7778 0.8556
10812.1111 12628.7778 0.8561
10815 12628.7778 0.8564
10832.4444 12628.7778 0.8578
10827.7778 12628.7778 0.8574
10825.3333 12628.7778 0.8572
10820.6667 12628.7778 0.8568
10825.8889 12628.7778 0.8572
10818.8889 12628.7778 0.8567
10798 12628.7778 0.855
10803.6667 12628.7778 0.8555
10807 12628.7778 0.8557
10814.7778 12628.7778 0.8564
10825.1111 12628.7778 0.8572
10826.2222 12628.7778 0.8573
10821 12628.7778 0.8569
10822.4444 12628.7778 0.857
10815.6667 12628.7778 0.8564
10794.5556 12628.7778 0.8548
10711.1111 12628.7778 0.8482
10708.4444 12628.7778 0.8479
10707.8889 12628.7778 0.8479
10703.6667 12628.7778 0.8476
10698.5556 12628.7778 0.8472
10698.8889 12628.7778 0.8472
10696 12628.7778 0.847
10697.3333 12628.7778 0.8471
10702.5556 12628.7778 0.8475
10727.3333 12628.7778 0.8494
10729.8889 12628.7778 0.8496
10724.4444 12628.7778 0.8492
10724.1111 12628.7778 0.8492
10727.4444 12628.7778 0.8494
10677.6667 12628.7778 0.8455
10617.7778 12628.7778 0.8408
10548.1111 12628.7778 0.8352
10487.8889 12628.7778 0.8305
10484.5556 12628.7778 0.8302
10496 12628.7778 0.8311
10500.7778 12628.7778 0.8315
10498.8889 12628.7778 0.8313
10557 12628.7778 0.8359
10575.4444 12628.7778 0.8374
10555.2222 12628.7778 0.8358
10564.4444 12628.7778 0.8365
10563.2222 12628.7778 0.8364
10551.7778 12628.7778 0.8355
10530.4444 12628.7778 0.8338
10526.8889 12628.7778 0.8336
10545.6667 12628.7778 0.8351
10552.3333 12628.7778 0.8356
10547.8889 12628.7778 0.8352
10548.5556 12628.7778 0.8353
10556.7778 12628.7778 0.8359
10554.7778 12628.7778 0.8358
10547.3333 12628.7778 0.8352
10544.1111 12628.7778 0.8349
10543.2222 12628.7778 0.8349
10542.3333 12628.7778 0.8348
10518.4444 12628.7778 0.8329
10486.4444 12628.7778 0.8304
10441.7778 12628.7778 0.8268
10393.2222 12628.7778 0.823
10314.2222 12628.7778 0.8167
10321.4444 12628.7778 0.8173
10454.7778 12628.7778 0.8279
10548.1111 12628.7778 0.8352
10565.7778 12628.7778 0.8366
10564.6667 12628.7778 0.8366
10556 12628.7778 0.8359
10547.8889 12628.7778 0.8352
10541.5556 12628.7778 0.8347
10535.1111 12628.7778 0.8342
10533 12628.7778 0.834
10534.7778 12628.7778 0.8342
10533 12628.7778 0.834
10538.7778 12628.7778 0.8345
10550.2222 12628.7778 0.8354
10557.3333 12628.7778 0.836
10557.4444 12628.7778 0.836
10495.1111 12628.7778 0.831
10450 12628.7778 0.8275
10368.5556 12628.7778 0.821
10348.8889 12628.7778 0.8195
10335.8889 12628.7778 0.8184
10306.7778 12628.7778 0.8161
10260 12628.7778 0.8124
10276.2222 12628.7778 0.8137
10295.4444 12628.7778 0.8152
10404.2222 12628.7778 0.8239
10524.8889 12628.7778 0.8334
10545.6667 12628.7778 0.8351
10586.1111 12628.7778 0.8383
10611.1111 12628.7778 0.8402
10608.1111 12628.7778 0.84
10604.5556 12628.7778 0.8397
10641.4444 12628.7778 0.8426
10697.1111 12628.7778 0.847
10715.5556 12628.7778 0.8485
10714.1111 12628.7778 0.8484
10713.8889 12628.7778 0.8484
10716.8889 12628.7778 0.8486
10711.1111 12628.7778 0.8482
10735.3333 12628.7778 0.8501
10727.3333 12628.7778 0.8494
10671.6667 12628.7778 0.845
10645.6667 12628.7778 0.843
10624.8889 12628.7778 0.8413
10562.6667 12628.7778 0.8364
10508.8889 12628.7778 0.8321
10504 12628.7778 0.8318
10451.8889 12628.7778 0.8276
10470.2222 12628.7778 0.8291
10575.4444 12628.7778 0.8374
10628.8889 12628.7778 0.8416
10697.8889 12628.7778 0.8471
10750.5556 12628.7778 0.8513
10753.7778 12628.7778 0.8515
10764.5556 12628.7778 0.8524
10750.7778 12628.7778 0.8513
10743 12628.7778 0.8507
10757.4444 12628.7778 0.8518
10758.8889 12628.7778 0.8519
10761.2222 12628.7778 0.8521
10774.7778 12628.7778 0.8532
10807.7778 12628.7778 0.8558
10808.5556 12628.7778 0.8559
10815.5556 12628.7778 0.8564
10817.7778 12628.7778 0.8566
10816.8889 12628.7778 0.8565
10782.1111 12628.7778 0.8538
10774.6667 12628.7778 0.8532
10762.7778 12628.7778 0.8522
10759.4444 12628.7778 0.852
10771.8889 12628.7778 0.853
10757 12628.7778 0.8518
10722.8889 12628.7778 0.8491
10749.8889 12628.7778 0.8512
10760.2222 12628.7778 0.852
10801.3333 12628.7778 0.8553
10848.5556 12628.7778 0.859
10894.5556 12628.7778 0.8627
10918.4444 12628.7778 0.8646
10881.2222 12628.7778 0.8616
10898.7778 12628.7778 0.863
10898.6667 12628.7778 0.863
10907.7778 12628.7778 0.8637
10913.3333 12628.7778 0.8642
10915.3333 12628.7778 0.8643
10941.2222 12628.7778 0.8664
10943.8889 12628.7778 0.8666
10949.8889 12628.7778 0.8671
10955 12628.7778 0.8675
10961.1111 12628.7778 0.8679
10955.8889 12628.7778 0.8675
10910.7778 12628.7778 0.864
10895.5556 12628.7778 0.8628
10846.5556 12628.7778 0.8589
10841.6667 12628.7778 0.8585
10845.7778 12628.7778 0.8588
10850.8889 12628.7778 0.8592
10825.3333 12628.7778 0.8572
10847 12628.7778 0.8589
10888.1111 12628.7778 0.8622
10924.8889 12628.7778 0.8651
10974.3333 12628.7778 0.869
10999.8889 12628.7778 0.871
11001.4444 12628.7778 0.8711
11003.3333 12628.7778 0.8713
11014.2222 12628.7778 0.8722
11016.2222 12628.7778 0.8723
11019.7778 12628.7778 0.8726
11029.1111 12628.7778 0.8733
11034.4444 12628.7778 0.8738
11023.8889 12628.7778 0.8729
11019.4444 12628.7778 0.8726
11006.6667 12628.7778 0.8716
10951.6667 12628.7778 0.8672
10962.2222 12628.7778 0.868
10950.4444 12628.7778 0.8671
10920.8889 12628.7778 0.8648
10898 12628.7778 0.8629
10872.7778 12628.7778 0.861
10863.8889 12628.7778 0.8602
10877.2222 12628.7778 0.8613
10910.7778 12628.7778 0.864
10919.1111 12628.7778 0.8646
10967 12628.7778 0.8684
10938.3333 12628.7778 0.8661
10932.4444 12628.7778 0.8657
10925.7778 12628.7778 0.8651
10915.6667 12628.7778 0.8643
10909.6667 12628.7778 0.8639
10905.3333 12628.7778 0.8635
10905.4444 12628.7778 0.8635
10914.4444 12628.7778 0.8643
10929.6667 12628.7778 0.8655
10947.2222 12628.7778 0.8668
10948.2222 12628.7778 0.8669
10943.7778 12628.7778 0.8666
10951 12628.7778 0.8671
10947.3333 12628.7778 0.8669
10950.2222 12628.7778 0.8671
10959.1111 12628.7778 0.8678
10941.5556 12628.7778 0.8664
10930.7778 12628.7778 0.8655
10939.6667 12628.7778 0.8662
10942.8889 12628.7778 0.8665
10952.4444 12628.7778 0.8673
10957.7778 12628.7778 0.8677
10972.5556 12628.7778 0.8689
10973.4444 12628.7778 0.8689
10967.5556 12628.7778 0.8685
10965.2222 12628.7778 0.8683
10956.3333 12628.7778 0.8676
10954.1111 12628.7778 0.8674
10952.4444 12628.7778 0.8673
10953.1111 12628.7778 0.8673
10962.7778 12628.7778 0.8681
10968.3333 12628.7778 0.8685
10969.6667 12628.7778 0.8686
10967.8889 12628.7778 0.8685
10962.6667 12628.7778 0.8681
10925.4444 12628.7778 0.8651
10875.3333 12628.7778 0.8612
10883.3333 12628.7778 0.8618
10874.6667 12628.7778 0.8611
10809.4444 12628.7778 0.8559
10786.7778 12628.7778 0.8541
10752.5556 12628.7778 0.8514
10716.7778 12628.7778 0.8486
10735 12628.7778 0.85
10771.1111 12628.7778 0.8529
10805.7778 12628.7778 0.8556
10838.6667 12628.7778 0.8583
10876.6667 12628.7778 0.8613
10912.8889 12628.7778 0.8641
10914.5556 12628.7778 0.8643
10919.4444 12628.7778 0.8646
10914.5556 12628.7778 0.8643
10926.1111 12628.7778 0.8652
10913.5556 12628.7778 0.8642
10931 12628.7778 0.8656
10936 12628.7778 0.866
10919.4444 12628.7778 0.8646
10922 12628.7778 0.8649
10923.4444 12628.7778 0.865
10925.3333 12628.7778 0.8651
10928.1111 12628.7778 0.8653
10861.5556 12628.7778 0.8601
10865.2222 12628.7778 0.8604
10883.6667 12628.7778 0.8618
10874.3333 12628.7778 0.8611
10863.5556 12628.7778 0.8602
10863.3333 12628.7778 0.8602
10833 12628.7778 0.8578
10826.3333 12628.7778 0.8573
10868.3333 12628.7778 0.8606
10914.1111 12628.7778 0.8642
10927.1111 12628.7778 0.8653
10928.6667 12628.7778 0.8654
10928.8889 12628.7778 0.8654
10928.6667 12628.7778 0.8654
10924.1111 12628.7778 0.865
10926.5556 12628.7778 0.8652
10919.7778 12628.7778 0.8647
10923.5556 12628.7778 0.865
10921.6667 12628.7778 0.8648
10924.5556 12628.7778 0.8651
10930.4444 12628.7778 0.8655
10924.4444 12628.7778 0.865
10925.6667 12628.7778 0.8651
10924.8889 12628.7778 0.8651
10938.8889 12628.7778 0.8662
10949.2222 12628.7778 0.867
10924.7778 12628.7778 0.8651
10908 12628.7778 0.8637
10887.1111 12628.7778 0.8621
10881 12628.7778 0.8616
10828.6667 12628.7778 0.8575
10812.6667 12628.7778 0.8562
10831.8889 12628.7778 0.8577
10845.6667 12628.7778 0.8588
10895.3333 12628.7778 0.8627
10928.5556 12628.7778 0.8654
10931.7778 12628.7778 0.8656
10933.3333 12628.7778 0.8657
10936.8889 12628.7778 0.866
10937.1111 12628.7778 0.866
10932.1111 12628.7778 0.8657
10941.4444 12628.7778 0.8664
10948.5556 12628.7778 0.867
10951.1111 12628.7778 0.8672
10957.5556 12628.7778 0.8677
10959.3333 12628.7778 0.8678
10959.6667 12628.7778 0.8678
10964.1111 12628.7778 0.8682
10964.1111 12628.7778 0.8682
10970.2222 12628.7778 0.8687
10972.8889 12628.7778 0.8689
10984.8889 12628.7778 0.8698
10985.5556 12628.7778 0.8699
10968.6667 12628.7778 0.8685
10948.5556 12628.7778 0.867
10916.6667 12628.7778 0.8644
10933.8889 12628.7778 0.8658
10967.7778 12628.7778 0.8685
10986.3333 12628.7778 0.8699
10995 12628.7778 0.8706
10979 12628.7778 0.8694
10969.1111 12628.7778 0.8686
10932.4444 12628.7778 0.8657
10891.4444 12628.7778 0.8624
10898.3333 12628.7778 0.863
10905 12628.7778 0.8635
10911.6667 12628.7778 0.864
10921.6667 12628.7778 0.8648
10930.1111 12628.7778 0.8655
10934.4444 12628.7778 0.8658
10926.2222 12628.7778 0.8652
10818.6667 12628.7778 0.8567
10788.8889 12628.7778 0.8543
10752.5556 12628.7778 0.8514
10737.4444 12628.7778 0.8502
10736.2222 12628.7778 0.8501
10646.6667 12628.7778 0.843
10559.1111 12628.7778 0.8361
10562.4444 12628.7778 0.8364
10622 12628.7778 0.8411
10656.5556 12628.7778 0.8438
10633 12628.7778 0.842
10616 12628.7778 0.8406
10632.5556 12628.7778 0.8419
10632 12628.7778 0.8419
10626.4444 12628.7778 0.8414
10616.7778 12628.7778 0.8407
10609.8889 12628.7778 0.8401
10604.1111 12628.7778 0.8397
10588.4444 12628.7778 0.8384
10588.1111 12628.7778 0.8384
10609.1111 12628.7778 0.8401
10622.1111 12628.7778 0.8411
10623.7778 12628.7778 0.8412
10624.8889 12628.7778 0.8413
10633.8889 12628.7778 0.842
10631 12628.7778 0.8418
10614.3333 12628.7778 0.8405
10620.3333 12628.7778 0.841
10614.4444 12628.7778 0.8405
10546.7778 12628.7778 0.8351
10517.3333 12628.7778 0.8328
10477.8889 12628.7778 0.8297
10496 12628.7778 0.8311
10521.5556 12628.7778 0.8331
10555.6667 12628.7778 0.8358
10617.4444 12628.7778 0.8407
10663.8889 12628.7778 0.8444
10614.6667 12628.7778 0.8405
10568.4444 12628.7778 0.8369
10581 12628.7778 0.8378
10590.5556 12628.7778 0.8386
10592.2222 12628.7778 0.8387
10601.3333 12628.7778 0.8395
10602.4444 12628.7778 0.8395
10606.5556 12628.7778 0.8399
10608.6667 12628.7778 0.84
10600.2222 12628.7778 0.8394
10607.3333 12628.7778 0.8399
10607.1111 12628.7778 0.8399
10607.8889 12628.7778 0.84
10580.2222 12628.7778 0.8378
10555.3333 12628.7778 0.8358
10540.6667 12628.7778 0.8347
10536.5556 12628.7778 0.8343
10537.7778 12628.7778 0.8344
10541.5556 12628.7778 0.8347
10575 12628.7778 0.8374
10640.8889 12628.7778 0.8426
10605.8889 12628.7778 0.8398
10592.1111 12628.7778 0.8387
10589.1111 12628.7778 0.8385
10582.2222 12628.7778 0.8379
10575.8889 12628.7778 0.8374
10566.6667 12628.7778 0.8367
10551.8889 12628.7778 0.8355
10552.1111 12628.7778 0.8356
10551.8889 12628.7778 0.8355
10541.6667 12628.7778 0.8347
10454.5556 12628.7778 0.8278
10493.2222 12628.7778 0.8309
10546.8889 12628.7778 0.8351
10560.7778 12628.7778 0.8362
10566.4444 12628.7778 0.8367
10575.3333 12628.7778 0.8374
10583.8889 12628.7778 0.8381
10584.1111 12628.7778 0.8381
10584.7778 12628.7778 0.8381
10587.7778 12628.7778 0.8384
10588.5556 12628.7778 0.8384
10560.4444 12628.7778 0.8362
10570.3333 12628.7778 0.837
10579.3333 12628.7778 0.8377
10543.5556 12628.7778 0.8349
10481.8889 12628.7778 0.83
10479.7778 12628.7778 0.8298
10475.1111 12628.7778 0.8295
10467.4444 12628.7778 0.8289
10462.1111 12628.7778 0.8284
10450.6667 12628.7778 0.8275
10477 12628.7778 0.8296
10502.6667 12628.7778 0.8316
10506.2222 12628.7778 0.8319
10509.6667 12628.7778 0.8322
10511.4444 12628.7778 0.8323
10504.8889 12628.7778 0.8318
10500.3333 12628.7778 0.8315
10521.6667 12628.7778 0.8332
10535.5556 12628.7778 0.8342
10544.5556 12628.7778 0.835
10538.8889 12628.7778 0.8345
10535.2222 12628.7778 0.8342
10521.5556 12628.7778 0.8331
10496.3333 12628.7778 0.8311
10476.6667 12628.7778 0.8296
10455.7778 12628.7778 0.8279
10484.5556 12628.7778 0.8302
10494.4444 12628.7778 0.831
10496 12628.7778 0.8311
10520.4444 12628.7778 0.8331
10561.8889 12628.7778 0.8363
10617 12628.7778 0.8407
10659.7778 12628.7778 0.8441
10694 12628.7778 0.8468
10707.3333 12628.7778 0.8479
10711.4444 12628.7778 0.8482
10730.7778 12628.7778 0.8497
10745.1111 12628.7778 0.8508
10749.7778 12628.7778 0.8512
10745.8889 12628.7778 0.8509
10739.7778 12628.7778 0.8504
10744.8889 12628.7778 0.8508
10745.2222 12628.7778 0.8509
10703.8889 12628.7778 0.8476
10611.6667 12628.7778 0.8403
10511 12628.7778 0.8323
10460.6667 12628.7778 0.8283
10401.2222 12628.7778 0.8236
10406.1111 12628.7778 0.824
10454.6667 12628.7778 0.8278
10542.3333 12628.7778 0.8348
10635.7778 12628.7778 0.8422
10699.3333 12628.7778 0.8472
10710.5556 12628.7778 0.8481
10682.4444 12628.7778 0.8459
10636.8889 12628.7778 0.8423
10574.1111 12628.7778 0.8373
10521 12628.7778 0.8331
10546 12628.7778 0.8351
10584.2222 12628.7778 0.8381
10637.5556 12628.7778 0.8423
10671.3333 12628.7778 0.845
10685.3333 12628.7778 0.8461
10684.2222 12628.7778 0.846
10687.2222 12628.7778 0.8463
10685.2222 12628.7778 0.8461
10683.4444 12628.7778 0.846
10695 12628.7778 0.8469
10660 12628.7778 0.8441
10597 12628.7778 0.8391
10532.4444 12628.7778 0.834
10475.7778 12628.7778 0.8295
10416.6667 12628.7778 0.8248
10409.8889 12628.7778 0.8243
10455.7778 12628.7778 0.8279
10525.6667 12628.7778 0.8335
10594.4444 12628.7778 0.8389
10600.3333 12628.7778 0.8394
10614.3333 12628.7778 0.8405
10624.3333 12628.7778 0.8413
10619 12628.7778 0.8409
10637.7778 12628.7778 0.8423
10648.6667 12628.7778 0.8432
10653.1111 12628.7778 0.8436
10675.4444 12628.7778 0.8453
10677 12628.7778 0.8454
10679.7778 12628.7778 0.8457
10671.5556 12628.7778 0.845
10667.5556 12628.7778 0.8447
10673.4444 12628.7778 0.8452
10707.3333 12628.7778 0.8479
10719.7778 12628.7778 0.8488
10730.6667 12628.7778 0.8497
10747.5556 12628.7778 0.851
10732.4444 12628.7778 0.8498
10731.3333 12628.7778 0.8498
10704.2222 12628.7778 0.8476
10700 12628.7778 0.8473
10697.4444 12628.7778 0.8471
10696.1111 12628.7778 0.847
10728.5556 12628.7778 0.8495
10753.2222 12628.7778 0.8515
10758.3333 12628.7778 0.8519
10762.4444 12628.7778 0.8522
10778.5556 12628.7778 0.8535
10804.1111 12628.7778 0.8555
10791.4444 12628.7778 0.8545
10813.6667 12628.7778 0.8563
10815.7778 12628.7778 0.8564
10813.7778 12628.7778 0.8563
10796.4444 12628.7778 0.8549
10784.3333 12628.7778 0.8539
10780.5556 12628.7778 0.8536
10771.7778 12628.7778 0.853
10775.7778 12628.7778 0.8533
10783.3333 12628.7778 0.8539