10783.5556 12628.7778 0.8539
10750.6667 12628.7778 0.8513
10729.4444 12628.7778 0.8496
10702.7778 12628.7778 0.8475
10690.4444 12628.7778 0.8465
10732 12628.7778 0.8498
10769.8889 12628.7778 0.8528
10800 12628.7778 0.8552
10833.2222 12628.7778 0.8578
10823.8889 12628.7778 0.8571
10817.1111 12628.7778 0.8565
10830.4444 12628.7778 0.8576
10824.8889 12628.7778 0.8572
10818 12628.7778 0.8566
10746.4444 12628.7778 0.8509
10737.7778 12628.7778 0.8503
10731.4444 12628.7778 0.8498
10732.2222 12628.7778 0.8498
10734.5556 12628.7778 0.85
10731.2222 12628.7778 0.8497
10725.3333 12628.7778 0.8493
10728.5556 12628.7778 0.8495
10733 12628.7778 0.8499
10702.1111 12628.7778 0.8474
10652.5556 12628.7778 0.8435
10662.2222 12628.7778 0.8443
10669.2222 12628.7778 0.8448
10676.7778 12628.7778 0.8454
10683.1111 12628.7778 0.8459
10671.6667 12628.7778 0.845
10671.5556 12628.7778 0.845
10662.1111 12628.7778 0.8443
10656.7778 12628.7778 0.8438
10645.7778 12628.7778 0.843
10642.5556 12628.7778 0.8427
10639.4444 12628.7778 0.8425
10625.1111 12628.7778 0.8413
10627.8889 12628.7778 0.8416
10603.2222 12628.7778 0.8396
10592.7778 12628.7778 0.8388
10588.1111 12628.7778 0.8384
10591.6667 12628.7778 0.8387
10595.5556 12628.7778 0.839
10593.2222 12628.7778 0.8388
10611 12628.7778 0.8402
10569.2222 12628.7778 0.8369
10547.3333 12628.7778 0.8352
10532.1111 12628.7778 0.834
10517.5556 12628.7778 0.8328
10528.6667 12628.7778 0.8337
10542.6667 12628.7778 0.8348
10512 12628.7778 0.8324
10515.1111 12628.7778 0.8326
10569.6667 12628.7778 0.837
10622.8889 12628.7778 0.8412
10625.7778 12628.7778 0.8414
10568.2222 12628.7778 0.8368
10545.5556 12628.7778 0.835
10567.3333 12628.7778 0.8368
10564.3333 12628.7778 0.8365
10548.6667 12628.7778 0.8353
10538.6667 12628.7778 0.8345
10544.8889 12628.7778 0.835
10531.2222 12628.7778 0.8339
10544.7778 12628.7778 0.835
10557.1111 12628.7778 0.836
10562.7778 12628.7778 0.8364
10562.6667 12628.7778 0.8364
10555.5556 12628.7778 0.8358
10562.1111 12628.7778 0.8364
10572.1111 12628.7778 0.8371
10571.4444 12628.7778 0.8371
10556.7778 12628.7778 0.8359
10472 12628.7778 0.8292
10424.8889 12628.7778 0.8255
10397.4444 12628.7778 0.8233
10397.4444 12628.7778 0.8233
10408.2222 12628.7778 0.8242
10468.7778 12628.7778 0.829
10490.5556 12628.7778 0.8307
10538.5556 12628.7778 0.8345
10595.3333 12628.7778 0.839
10612.5556 12628.7778 0.8403
10614.7778 12628.7778 0.8405
10619.8889 12628.7778 0.8409
10620.3333 12628.7778 0.841
10642.7778 12628.7778 0.8427
10627.5556 12628.7778 0.8415
10631 12628.7778 0.8418
10675.6667 12628.7778 0.8453
10701.1111 12628.7778 0.8474
10696 12628.7778 0.847
10688.5556 12628.7778 0.8464
10703.8889 12628.7778 0.8476
10695.8889 12628.7778 0.8469
10647.2222 12628.7778 0.8431
10618.6667 12628.7778 0.8408
10605.8889 12628.7778 0.8398
10598.1111 12628.7778 0.8392
10587 12628.7778 0.8383
10609 12628.7778 0.8401
10650.7778 12628.7778 0.8434
10713.6667 12628.7778 0.8484
10711.6667 12628.7778 0.8482
10735.1111 12628.7778 0.8501
10816.2222 12628.7778 0.8565
10857 12628.7778 0.8597
10869.4444 12628.7778 0.8607
10861 12628.7778 0.86
10846.8889 12628.7778 0.8589
10820.1111 12628.7778 0.8568
10844.7778 12628.7778 0.8587
10861.2222 12628.7778 0.86
10902.6667 12628.7778 0.8633
10916.5556 12628.7778 0.8644
10911.6667 12628.7778 0.864
10913 12628.7778 0.8641
10913.2222 12628.7778 0.8642
10921.1111 12628.7778 0.8648
10918.4444 12628.7778 0.8646
10824.2222 12628.7778 0.8571
10774 12628.7778 0.8531
10753.8889 12628.7778 0.8515
10727.1111 12628.7778 0.8494
10717.6667 12628.7778 0.8487
10737.6667 12628.7778 0.8503
10758.8889 12628.7778 0.8519
10681.8889 12628.7778 0.8458
10745.5556 12628.7778 0.8509
10807.4444 12628.7778 0.8558
10855.4444 12628.7778 0.8596
10874.4444 12628.7778 0.8611
10874.4444 12628.7778 0.8611
10866.8889 12628.7778 0.8605
10893.5556 12628.7778 0.8626
10910.7778 12628.7778 0.864
10911 12628.7778 0.864
10909.3333 12628.7778 0.8638
10909.8889 12628.7778 0.8639
10906.6667 12628.7778 0.8636
10909.7778 12628.7778 0.8639
10873.6667 12628.7778 0.861
10788.5556 12628.7778 0.8543
10680.7778 12628.7778 0.8457
10568.2222 12628.7778 0.8368
10495.6667 12628.7778 0.8311
10465.2222 12628.7778 0.8287
10447.4444 12628.7778 0.8273
10446.5556 12628.7778 0.8272
10464.3333 12628.7778 0.8286
10524.4444 12628.7778 0.8334
10648.3333 12628.7778 0.8432
10748.4444 12628.7778 0.8511
10815.3333 12628.7778 0.8564
10859.2222 12628.7778 0.8599
10865.4444 12628.7778 0.8604
10843.7778 12628.7778 0.8587
10857.6667 12628.7778 0.8598
10901.2222 12628.7778 0.8632
10909.8889 12628.7778 0.8639
10908.3333 12628.7778 0.8638
10910.6667 12628.7778 0.864
10920.5556 12628.7778 0.8647
10921.4444 12628.7778 0.8648
10920.5556 12628.7778 0.8647
10911.7778 12628.7778 0.864
10876.3333 12628.7778 0.8612
10750.6667 12628.7778 0.8513
10688.8889 12628.7778 0.8464
10619.2222 12628.7778 0.8409
10594.2222 12628.7778 0.8389
10589 12628.7778 0.8385
10568.2222 12628.7778 0.8368
10594.1111 12628.7778 0.8389
10672.5556 12628.7778 0.8451
10796.4444 12628.7778 0.8549
10863.6667 12628.7778 0.8602
10900.7778 12628.7778 0.8632
10912 12628.7778 0.8641
10918.1111 12628.7778 0.8645
10919.7778 12628.7778 0.8647
10941 12628.7778 0.8664
10954 12628.7778 0.8674
10942.7778 12628.7778 0.8665
10919.3333 12628.7778 0.8646
10898.7778 12628.7778 0.863
10895.6667 12628.7778 0.8628
10884.5556 12628.7778 0.8619
10869 12628.7778 0.8607
10865.2222 12628.7778 0.8604
10735.4444 12628.7778 0.8501
10638.4444 12628.7778 0.8424
10517.3333 12628.7778 0.8328
10436.2222 12628.7778 0.8264
10338.7778 12628.7778 0.8187
10322.1111 12628.7778 0.8173
10380 12628.7778 0.8219
10481.5556 12628.7778 0.83
10609.6667 12628.7778 0.8401
10661.3333 12628.7778 0.8442
10726.6667 12628.7778 0.8494
10745.4444 12628.7778 0.8509
10673.3333 12628.7778 0.8452
10677 12628.7778 0.8454
10652.4444 12628.7778 0.8435
10625.8889 12628.7778 0.8414
10615.4444 12628.7778 0.8406
10604.1111 12628.7778 0.8397
10600.3333 12628.7778 0.8394
10619.1111 12628.7778 0.8409
10600.7778 12628.7778 0.8394
10600.7778 12628.7778 0.8394
10542.7778 12628.7778 0.8348
10546 12628.7778 0.8351
10456.7778 12628.7778 0.828
10375.8889 12628.7778 0.8216
10272.8889 12628.7778 0.8135
10199.1111 12628.7778 0.8076
10133.6667 12628.7778 0.8024
10105.5556 12628.7778 0.8002
10120.8889 12628.7778 0.8014
10186.4444 12628.7778 0.8066
10280.6667 12628.7778 0.8141
10400.7778 12628.7778 0.8236
10404.2222 12628.7778 0.8239
10402.4444 12628.7778 0.8237
10406.1111 12628.7778 0.824
10408.4444 12628.7778 0.8242
10341 12628.7778 0.8188
10295.7778 12628.7778 0.8153
10274.5556 12628.7778 0.8136
10272.5556 12628.7778 0.8134
10291.2222 12628.7778 0.8149
10317.5556 12628.7778 0.817
10323.7778 12628.7778 0.8175
10301.1111 12628.7778 0.8157
10204.1111 12628.7778 0.808
10170.7778 12628.7778 0.8054
10066.6667 12628.7778 0.7971
10027.5556 12628.7778 0.794
9982.3333 12628.7778 0.7904
9964.8889 12628.7778 0.7891
9965.1111 12628.7778 0.7891
9937.3333 12628.7778 0.7869
9921.5556 12628.7778 0.7856
9987.7778 12628.7778 0.7909
10066.3333 12628.7778 0.7971
10086.4444 12628.7778 0.7987
10083.1111 12628.7778 0.7984
10081.3333 12628.7778 0.7983
10077.8889 12628.7778 0.798
10052.8889 12628.7778 0.796
10031.7778 12628.7778 0.7944
10042 12628.7778 0.7952
10062.7778 12628.7778 0.7968
10096.6667 12628.7778 0.7995
10152.8889 12628.7778 0.8039
10161.6667 12628.7778 0.8046
10160.5556 12628.7778 0.8046
10157.1111 12628.7778 0.8043
10150.3333 12628.7778 0.8037
10068.2222 12628.7778 0.7972
10052.2222 12628.7778 0.796
10021.8889 12628.7778 0.7936
10009.2222 12628.7778 0.7926
9975 12628.7778 0.7899
9882.5556 12628.7778 0.7825
9878.1111 12628.7778 0.7822
9898.8889 12628.7778 0.7838
9969.8889 12628.7778 0.7895
10028.6667 12628.7778 0.7941
10081.3333 12628.7778 0.7983
10086.3333 12628.7778 0.7987
10082.3333 12628.7778 0.7984
10085.5556 12628.7778 0.7986
10070.8889 12628.7778 0.7975
10032.5556 12628.7778 0.7944
9982.2222 12628.7778 0.7904
10031.4444 12628.7778 0.7943
10043.8889 12628.7778 0.7953
10040.8889 12628.7778 0.7951
10043.1111 12628.7778 0.7953
10044.2222 12628.7778 0.7953
10039.6667 12628.7778 0.795
10039.6667 12628.7778 0.795
9961.1111 12628.7778 0.7888
9900.6667 12628.7778 0.784
9808.4444 12628.7778 0.7767
9764.7778 12628.7778 0.7732
9696.3333 12628.7778 0.7678
9649.8889 12628.7778 0.7641
9696.6667 12628.7778 0.7678
9727.4444 12628.7778 0.7703
9780.3333 12628.7778 0.7744
9832.1111 12628.7778 0.7785
9852 12628.7778 0.7801
9881.4444 12628.7778 0.7825
9903.8889 12628.7778 0.7842
9869.6667 12628.7778 0.7815
9826.8889 12628.7778 0.7781
9746.5556 12628.7778 0.7718
9729 12628.7778 0.7704
9705.2222 12628.7778 0.7685
9692.4444 12628.7778 0.7675
9707.7778 12628.7778 0.7687
9705.3333 12628.7778 0.7685
9707.4444 12628.7778 0.7687
9710 12628.7778 0.7689
9711.4444 12628.7778 0.769
9664.7778 12628.7778 0.7653
9686.2222 12628.7778 0.767
9691 12628.7778 0.7674
9671.1111 12628.7778 0.7658
9603.7778 12628.7778 0.7605
9575.1111 12628.7778 0.7582
9548.6667 12628.7778 0.7561
9550.8889 12628.7778 0.7563
9566.4444 12628.7778 0.7575
9637 12628.7778 0.7631
9683.5556 12628.7778 0.7668
9729.8889 12628.7778 0.7705
9728.4444 12628.7778 0.7703
9717.5556 12628.7778 0.7695
9716.3333 12628.7778 0.7694
9743.5556 12628.7778 0.7715
9715.3333 12628.7778 0.7693
9698.3333 12628.7778 0.768
9688 12628.7778 0.7671
9718.8889 12628.7778 0.7696
9727.4444 12628.7778 0.7703
9728.1111 12628.7778 0.7703
9720.1111 12628.7778 0.7697
9716.3333 12628.7778 0.7694
9718.1111 12628.7778 0.7695
9725.7778 12628.7778 0.7701
9734.3333 12628.7778 0.7708
9745.6667 12628.7778 0.7717
9685.4444 12628.7778 0.7669
9653.4444 12628.7778 0.7644
9641.1111 12628.7778 0.7634
9644.2222 12628.7778 0.7637
9707.4444 12628.7778 0.7687
9765.5556 12628.7778 0.7733
9851.3333 12628.7778 0.7801
9883.6667 12628.7778 0.7826
9885.5556 12628.7778 0.7828
9899.8889 12628.7778 0.7839
9892.4444 12628.7778 0.7833
9887.3333 12628.7778 0.7829
9822.6667 12628.7778 0.7778
9836.6667 12628.7778 0.7789
9844.7778 12628.7778 0.7796
9842.7778 12628.7778 0.7794
9841.2222 12628.7778 0.7793
9846.5556 12628.7778 0.7797
9849.4444 12628.7778 0.7799
9855 12628.7778 0.7804
9842.8889 12628.7778 0.7794
9760.5556 12628.7778 0.7729
9661.2222 12628.7778 0.765
9564.4444 12628.7778 0.7574
9494.5556 12628.7778 0.7518
9441.8889 12628.7778 0.7476
9381.3333 12628.7778 0.7429
9393.6667 12628.7778 0.7438
9540.8889 12628.7778 0.7555
9761.6667 12628.7778 0.773
9810 12628.7778 0.7768
9815.1111 12628.7778 0.7772
9809.4444 12628.7778 0.7768
9809.7778 12628.7778 0.7768
9812.2222 12628.7778 0.777
9809 12628.7778 0.7767
9819.6667 12628.7778 0.7776
9834 12628.7778 0.7787
9835.4444 12628.7778 0.7788
9854.1111 12628.7778 0.7803
9860.7778 12628.7778 0.7808
9867.3333 12628.7778 0.7813
9866.2222 12628.7778 0.7812
9864.1111 12628.7778 0.7811
9859.8889 12628.7778 0.7807
9831.2222 12628.7778 0.7785
9766.4444 12628.7778 0.7733
9717 12628.7778 0.7694
9613.6667 12628.7778 0.7613
9581.5556 12628.7778 0.7587
9580.5556 12628.7778 0.7586
9598 12628.7778 0.76
9718.4444 12628.7778 0.7695
9822 12628.7778 0.7777
9848.2222 12628.7778 0.7798
9857.7778 12628.7778 0.7806
9882.3333 12628.7778 0.7825
9876.4444 12628.7778 0.7821
9893.8889 12628.7778 0.7834
9900.3333 12628.7778 0.784
9898 12628.7778 0.7838
9902.5556 12628.7778 0.7841
9903.3333 12628.7778 0.7842
9896.8889 12628.7778 0.7837
9901 12628.7778 0.784
9905.8889 12628.7778 0.7844
9914.5556 12628.7778 0.7851
9895.1111 12628.7778 0.7835
9802.7778 12628.7778 0.7762
9721.8889 12628.7778 0.7698
9634 12628.7778 0.7629
9580.8889 12628.7778 0.7587
9547.7778 12628.7778 0.756
9530.2222 12628.7778 0.7546
9521.7778 12628.7778 0.754
9615.7778 12628.7778 0.7614
9720.2222 12628.7778 0.7697
9788.3333 12628.7778 0.7751
9804.5556 12628.7778 0.7764
9783.1111 12628.7778 0.7747
9776.4444 12628.7778 0.7741
9790 12628.7778 0.7752
9794.6667 12628.7778 0.7756
9775.6667 12628.7778 0.7741
9792.7778 12628.7778 0.7754
9812.6667 12628.7778 0.777
9823 12628.7778 0.7778
9832.1111 12628.7778 0.7785
9832.4444 12628.7778 0.7786
9863 12628.7778 0.781
9886.4444 12628.7778 0.7829
9885.1111 12628.7778 0.7827
9868 12628.7778 0.7814
9834.8889 12628.7778 0.7788
9771.1111 12628.7778 0.7737
9686.4444 12628.7778 0.767
9647.3333 12628.7778 0.7639
9638.4444 12628.7778 0.7632
9636.8889 12628.7778 0.7631
9662.6667 12628.7778 0.7651
9730.5556 12628.7778 0.7705
9814.4444 12628.7778 0.7771
9850.7778 12628.7778 0.78
9847.3333 12628.7778 0.7798
9878.6667 12628.7778 0.7822
9874.1111 12628.7778 0.7819
9890.3333 12628.7778 0.7832
9875.4444 12628.7778 0.782
9835.5556 12628.7778 0.7788
9837.1111 12628.7778 0.7789
9855.4444 12628.7778 0.7804
9876.8889 12628.7778 0.7821
9889.8889 12628.7778 0.7831
9914.8889 12628.7778 0.7851
9940.1111 12628.7778 0.7871
9913.3333 12628.7778 0.785
9885.8889 12628.7778 0.7828
9860.5556 12628.7778 0.7808
9793.7778 12628.7778 0.7755
9738.1111 12628.7778 0.7711
9682.1111 12628.7778 0.7667
9641.7778 12628.7778 0.7635
9611.1111 12628.7778 0.761
9613.8889 12628.7778 0.7613
9676.3333 12628.7778 0.7662
9762.1111 12628.7778 0.773
9819 12628.7778 0.7775
9842.8889 12628.7778 0.7794
9851 12628.7778 0.78
9852.1111 12628.7778 0.7801
9872.6667 12628.7778 0.7818
9835.5556 12628.7778 0.7788
9821 12628.7778 0.7777
9836.5556 12628.7778 0.7789
9859.7778 12628.7778 0.7807
9898.4444 12628.7778 0.7838
9917.7778 12628.7778 0.7853
9917.8889 12628.7778 0.7853
9913.2222 12628.7778 0.785
9908.5556 12628.7778 0.7846
9880.7778 12628.7778 0.7824
9877.7778 12628.7778 0.7822
9818.3333 12628.7778 0.7775
9722.6667 12628.7778 0.7699
9688.3333 12628.7778 0.7672
9658.7778 12628.7778 0.7648
9625.5556 12628.7778 0.7622
9600.3333 12628.7778 0.7602
9593.8889 12628.7778 0.7597
9644.2222 12628.7778 0.7637
9718.7778 12628.7778 0.7696
9755.6667 12628.7778 0.7725
9814.7778 12628.7778 0.7772
9847.6667 12628.7778 0.7798
9890.8889 12628.7778 0.7832
9894.1111 12628.7778 0.7835
9888.6667 12628.7778 0.783
9902.2222 12628.7778 0.7841
9898.2222 12628.7778 0.7838
9905.5556 12628.7778 0.7844
9903.5556 12628.7778 0.7842
9907.2222 12628.7778 0.7845
9903.4444 12628.7778 0.7842
9896.2222 12628.7778 0.7836
9807.4444 12628.7778 0.7766
9734.6667 12628.7778 0.7708
9601.8889 12628.7778 0.7603
9512 12628.7778 0.7532
9437.4444 12628.7778 0.7473
9336.1111 12628.7778 0.7393
9326.4444 12628.7778 0.7385
9383.3333 12628.7778 0.743
9484.3333 12628.7778 0.751
9609.7778 12628.7778 0.7609
9730.8889 12628.7778 0.7705
9834 12628.7778 0.7787
9851.2222 12628.7778 0.7801
9875.6667 12628.7778 0.782
9921.5556 12628.7778 0.7856
9948.7778 12628.7778 0.7878
9936.1111 12628.7778 0.7868
9921.1111 12628.7778 0.7856
9917.3333 12628.7778 0.7853
9868.8889 12628.7778 0.7815
9889.6667 12628.7778 0.7831
9911.1111 12628.7778 0.7848
9908.3333 12628.7778 0.7846
9886.7778 12628.7778 0.7829
9890.2222 12628.7778 0.7831
9898.2222 12628.7778 0.7838
9787.7778 12628.7778 0.775
9666.8889 12628.7778 0.7655
9608.2222 12628.7778 0.7608
9529.6667 12628.7778 0.7546
9451.2222 12628.7778 0.7484
9491.4444 12628.7778 0.7516
9635.4444 12628.7778 0.763
9794.1111 12628.7778 0.7755
9897.3333 12628.7778 0.7837
9921.8889 12628.7778 0.7857
9917.1111 12628.7778 0.7853
9918.4444 12628.7778 0.7854
9916.8889 12628.7778 0.7853
9905.7778 12628.7778 0.7844
9914.5556 12628.7778 0.7851
9892.7778 12628.7778 0.7834
9891.7778 12628.7778 0.7833
9895.3333 12628.7778 0.7836
9899.1111 12628.7778 0.7839
9897.5556 12628.7778 0.7837
9889.5556 12628.7778 0.7831
9887.1111 12628.7778 0.7829
9899 12628.7778 0.7838
9871.6667 12628.7778 0.7817
9803 12628.7778 0.7762
9757.8889 12628.7778 0.7727
9688.3333 12628.7778 0.7672
9679.5556 12628.7778 0.7665
9675 12628.7778 0.7661
9673.7778 12628.7778 0.766
9696.8889 12628.7778 0.7678
9803.7778 12628.7778 0.7763
9885.2222 12628.7778 0.7828
9917.6667 12628.7778 0.7853
9902.8889 12628.7778 0.7842
9897.7778 12628.7778 0.7837
9901.7778 12628.7778 0.7841
9902.6667 12628.7778 0.7841
9901.4444 12628.7778 0.784
9910.8889 12628.7778 0.7848
9905.1111 12628.7778 0.7843
9906.4444 12628.7778 0.7844
9902.2222 12628.7778 0.7841
9908.8889 12628.7778 0.7846
9913.2222 12628.7778 0.785
9907.5556 12628.7778 0.7845
9905.2222 12628.7778 0.7843
9893 12628.7778 0.7834
9793.5556 12628.7778 0.7755
9701.4444 12628.7778 0.7682
9654.2222 12628.7778 0.7645
9638.1111 12628.7778 0.7632
9633.4444 12628.7778 0.7628
9660 12628.7778 0.7649
9722.3333 12628.7778 0.7699
9835.5556 12628.7778 0.7788
9895.2222 12628.7778 0.7835
9896.2222 12628.7778 0.7836
9888.8889 12628.7778 0.783
9881.3333 12628.7778 0.7824
9893.5556 12628.7778 0.7834
9902.8889 12628.7778 0.7842
9909.7778 12628.7778 0.7847
9922.8889 12628.7778 0.7857
9929.8889 12628.7778 0.7863
9948 12628.7778 0.7877
9998.6667 12628.7778 0.7917
10017.4444 12628.7778 0.7932
10015.6667 12628.7778 0.7931
10018.8889 12628.7778 0.7933
10036.2222 12628.7778 0.7947
10018.4444 12628.7778 0.7933
9941.1111 12628.7778 0.7872
9866.1111 12628.7778 0.7812
9778.5556 12628.7778 0.7743
9758.2222 12628.7778 0.7727
9770.7778 12628.7778 0.7737
9809.1111 12628.7778 0.7767
9900.8889 12628.7778 0.784
10004.7778 12628.7778 0.7922
10053.7778 12628.7778 0.7961
10061.3333 12628.7778 0.7967
10065.6667 12628.7778 0.797
10065.8889 12628.7778 0.7971
10070.2222 12628.7778 0.7974
10050.6667 12628.7778 0.7959
10053.5556 12628.7778 0.7961
10068.1111 12628.7778 0.7972
10063.5556 12628.7778 0.7969
10067 12628.7778 0.7971
10084.5556 12628.7778 0.7985
10085.6667 12628.7778 0.7986
10084.7778 12628.7778 0.7986
10071 12628.7778 0.7975
10056.3333 12628.7778 0.7963
10002.1111 12628.7778 0.792
9952.8889 12628.7778 0.7881
9937.1111 12628.7778 0.7869
9910.8889 12628.7778 0.7848
9940.1111 12628.7778 0.7871
9938.3333 12628.7778 0.787
9947.7778 12628.7778 0.7877
10019.7778 12628.7778 0.7934
10098.3333 12628.7778 0.7996
10114.3333 12628.7778 0.8009
10098.5556 12628.7778 0.7996
10084.5556 12628.7778 0.7985
10082.3333 12628.7778 0.7984
10073.4444 12628.7778 0.7977
10055.7778 12628.7778 0.7963
10057.1111 12628.7778 0.7964
10096 12628.7778 0.7994
10104.5556 12628.7778 0.8001
10105.1111 12628.7778 0.8002
10109.8889 12628.7778 0.8005
10111.7778 12628.7778 0.8007
10109.4444 12628.7778 0.8005
10114.7778 12628.7778 0.8009
10058.6667 12628.7778 0.7965
10036.8889 12628.7778 0.7948
10002.4444 12628.7778 0.792
9949.2222 12628.7778 0.7878
9909.6667 12628.7778 0.7847
9894.8889 12628.7778 0.7835
9881.1111 12628.7778 0.7824
9860.8889 12628.7778 0.7808
9900.8889 12628.7778 0.784
10002.8889 12628.7778 0.7921
10061.8889 12628.7778 0.7967
10088.7778 12628.7778 0.7989
10103.1111 12628.7778 0.8
10100.5556 12628.7778 0.7998
10109 12628.7778 0.8005
10108.8889 12628.7778 0.8005
10110.8889 12628.7778 0.8006
10112.6667 12628.7778 0.8008
10107.2222 12628.7778 0.8003
10107.1111 12628.7778 0.8003
10107.2222 12628.7778 0.8003
10110.4444 12628.7778 0.8006
10107.6667 12628.7778 0.8004
10109.7778 12628.7778 0.8005
10107.3333 12628.7778 0.8003
10105.4444 12628.7778 0.8002
10036.1111 12628.7778 0.7947
9971.4444 12628.7778 0.7896
9910.1111 12628.7778 0.7847
9847.4444 12628.7778 0.7798
9741.2222 12628.7778 0.7714
9744.4444 12628.7778 0.7716
9818.4444 12628.7778 0.7775
9901.2222 12628.7778 0.784
9963.4444 12628.7778 0.7889
9965.8889 12628.7778 0.7891
9968.2222 12628.7778 0.7893
9970.2222 12628.7778 0.7895
10003.6667 12628.7778 0.7921
10023.2222 12628.7778 0.7937
10029 12628.7778 0.7941
10030.2222 12628.7778 0.7942
10036.6667 12628.7778 0.7947
10031.8889 12628.7778 0.7944
10029.6667 12628.7778 0.7942
10031 12628.7778 0.7943
10026.3333 12628.7778 0.7939
10025.3333 12628.7778 0.7938
10023.7778 12628.7778 0.7937
10077.4444 12628.7778 0.798
10068.5556 12628.7778 0.7973
9973.4444 12628.7778 0.7897
9944 12628.7778 0.7874
9915.1111 12628.7778 0.7851
9921.2222 12628.7778 0.7856
9935.4444 12628.7778 0.7867
9996.4444 12628.7778 0.7916
10059.7778 12628.7778 0.7966
10131.1111 12628.7778 0.8022
10180.1111 12628.7778 0.8061
10192.3333 12628.7778 0.8071
10203.5556 12628.7778 0.808
10222.4444 12628.7778 0.8095
10207.3333 12628.7778 0.8083
10215.7778 12628.7778 0.8089
10240 12628.7778 0.8108
10245.3333 12628.7778 0.8113
10243.8889 12628.7778 0.8112
10243.1111 12628.7778 0.8111
10245.8889 12628.7778 0.8113
10248.2222 12628.7778 0.8115
10246.5556 12628.7778 0.8114
10249.8889 12628.7778 0.8116
10243.2222 12628.7778 0.8111
10148.6667 12628.7778 0.8036