10319 12628.7778 0.8171
10252.6667 12628.7778 0.8118
10192.5556 12628.7778 0.8071
10171.6667 12628.7778 0.8054
10210 12628.7778 0.8085
10244.6667 12628.7778 0.8112
10302.2222 12628.7778 0.8158
10439.4444 12628.7778 0.8266
10543.2222 12628.7778 0.8349
10552.2222 12628.7778 0.8356
10532 12628.7778 0.834
10493.6667 12628.7778 0.8309
10501 12628.7778 0.8315
10495.6667 12628.7778 0.8311
10526.2222 12628.7778 0.8335
10579.1111 12628.7778 0.8377
10576 12628.7778 0.8375
10574.3333 12628.7778 0.8373
10579.5556 12628.7778 0.8377
10590 12628.7778 0.8386
10587.1111 12628.7778 0.8383
10592.3333 12628.7778 0.8387
10517.3333 12628.7778 0.8328
10452.1111 12628.7778 0.8276
10420.6667 12628.7778 0.8252
10424.1111 12628.7778 0.8254
10416.8889 12628.7778 0.8249
10410.3333 12628.7778 0.8243
10435.7778 12628.7778 0.8263
10465.8889 12628.7778 0.8287
10541.4444 12628.7778 0.8347
10545.4444 12628.7778 0.835
10542 12628.7778 0.8348
10560.2222 12628.7778 0.8362
10571.1111 12628.7778 0.8371
10589.3333 12628.7778 0.8385
10611.6667 12628.7778 0.8403
10612.2222 12628.7778 0.8403
10601.1111 12628.7778 0.8394
10616 12628.7778 0.8406
10644.7778 12628.7778 0.8429
10654.2222 12628.7778 0.8436
10656.5556 12628.7778 0.8438
10657.1111 12628.7778 0.8439
10654.5556 12628.7778 0.8437
10661.5556 12628.7778 0.8442
10621.1111 12628.7778 0.841
10599.3333 12628.7778 0.8393
10599.5556 12628.7778 0.8393
10614.2222 12628.7778 0.8405
10614.7778 12628.7778 0.8405
10582.4444 12628.7778 0.838
10502.7778 12628.7778 0.8317
10503.8889 12628.7778 0.8317
10548.5556 12628.7778 0.8353
10562.6667 12628.7778 0.8364
10572.8889 12628.7778 0.8372
10572 12628.7778 0.8371
10590.7778 12628.7778 0.8386
10638.2222 12628.7778 0.8424
10656.1111 12628.7778 0.8438
10656.1111 12628.7778 0.8438
10690.1111 12628.7778 0.8465
10700.6667 12628.7778 0.8473
10712 12628.7778 0.8482
10716.6667 12628.7778 0.8486
10717.5556 12628.7778 0.8487
10722.6667 12628.7778 0.8491
10689.1111 12628.7778 0.8464
10671.2222 12628.7778 0.845
10556.6667 12628.7778 0.8359
10458.6667 12628.7778 0.8282
10405.5556 12628.7778 0.824
10361.3333 12628.7778 0.8205
10344 12628.7778 0.8191
10333.3333 12628.7778 0.8182
10342.3333 12628.7778 0.8189
10361.4444 12628.7778 0.8205
10409.2222 12628.7778 0.8242
10464.7778 12628.7778 0.8286
10489.2222 12628.7778 0.8306
10498.2222 12628.7778 0.8313
10485.3333 12628.7778 0.8303
10482.2222 12628.7778 0.83
10504 12628.7778 0.8318
10510.1111 12628.7778 0.8322
10509.5556 12628.7778 0.8322
10509.3333 12628.7778 0.8322
10512.2222 12628.7778 0.8324
10509.4444 12628.7778 0.8322
10511 12628.7778 0.8323
10513.6667 12628.7778 0.8325
10519.7778 12628.7778 0.833
10510.3333 12628.7778 0.8323
10439.3333 12628.7778 0.8266
10416.7778 12628.7778 0.8248
10410.8889 12628.7778 0.8244
10409.4444 12628.7778 0.8243
10406 12628.7778 0.824
10405.8889 12628.7778 0.824
10405.5556 12628.7778 0.824
10402 12628.7778 0.8237
10386.2222 12628.7778 0.8224
10338.2222 12628.7778 0.8186
10340.1111 12628.7778 0.8188
10342.5556 12628.7778 0.819
10348.2222 12628.7778 0.8194
10357.3333 12628.7778 0.8201
10363.8889 12628.7778 0.8207
10368.6667 12628.7778 0.821
10360.1111 12628.7778 0.8204
10354.1111 12628.7778 0.8199
10363.8889 12628.7778 0.8207
10363.4444 12628.7778 0.8206
10370.8889 12628.7778 0.8212
10376.8889 12628.7778 0.8217
10377.8889 12628.7778 0.8218
10392.6667 12628.7778 0.8229
10391 12628.7778 0.8228
10396.1111 12628.7778 0.8232
10397.3333 12628.7778 0.8233
10358.6667 12628.7778 0.8202
10321.7778 12628.7778 0.8173
10310.2222 12628.7778 0.8164
10314.1111 12628.7778 0.8167
10309 12628.7778 0.8163
10325.3333 12628.7778 0.8176
10344 12628.7778 0.8191
10361.3333 12628.7778 0.8205
10374.4444 12628.7778 0.8215
10394.1111 12628.7778 0.823
10414.2222 12628.7778 0.8246
10437 12628.7778 0.8264
10435.6667 12628.7778 0.8263
10407.1111 12628.7778 0.8241
10394.4444 12628.7778 0.8231
10404.5556 12628.7778 0.8239
10426.3333 12628.7778 0.8256
10449.4444 12628.7778 0.8274
10452.6667 12628.7778 0.8277
10448.1111 12628.7778 0.8273
10445.7778 12628.7778 0.8271
10446.3333 12628.7778 0.8272
10447.2222 12628.7778 0.8273
10412.8889 12628.7778 0.8245
10357 12628.7778 0.8201
10334.1111 12628.7778 0.8183
10336.3333 12628.7778 0.8185
10343.2222 12628.7778 0.819
10354.1111 12628.7778 0.8199
10374.5556 12628.7778 0.8215
10419.8889 12628.7778 0.8251
10420 12628.7778 0.8251
10419.5556 12628.7778 0.8251
10415.8889 12628.7778 0.8248
10448.4444 12628.7778 0.8274
10463.5556 12628.7778 0.8285
10462.3333 12628.7778 0.8285
10490.7778 12628.7778 0.8307
10496.2222 12628.7778 0.8311
10500.3333 12628.7778 0.8315
10505 12628.7778 0.8318
10511.4444 12628.7778 0.8323
10513.7778 12628.7778 0.8325
10509.4444 12628.7778 0.8322
10509.2222 12628.7778 0.8322
10427.8889 12628.7778 0.8257
10420.2222 12628.7778 0.8251
10321 12628.7778 0.8173
10238.1111 12628.7778 0.8107
10240.7778 12628.7778 0.8109
10229.6667 12628.7778 0.81
10217 12628.7778 0.809
10216.8889 12628.7778 0.809
10236.7778 12628.7778 0.8106
10244.5556 12628.7778 0.8112
10240.2222 12628.7778 0.8109
10236.3333 12628.7778 0.8106
10236.6667 12628.7778 0.8106
10235.4444 12628.7778 0.8105
10234.5556 12628.7778 0.8104
10237.4444 12628.7778 0.8106
10241.6667 12628.7778 0.811
10242.6667 12628.7778 0.8111
10243.5556 12628.7778 0.8111
10242.7778 12628.7778 0.8111
10246.2222 12628.7778 0.8113
10250.8889 12628.7778 0.8117
10246.2222 12628.7778 0.8113
10240.5556 12628.7778 0.8109
10235.8889 12628.7778 0.8105
10241.8889 12628.7778 0.811
10244.2222 12628.7778 0.8112
10245.2222 12628.7778 0.8113
10244 12628.7778 0.8112
10243.4444 12628.7778 0.8111
10246 12628.7778 0.8113
10245.6667 12628.7778 0.8113
10249.6667 12628.7778 0.8116
10254.4444 12628.7778 0.812
10254.2222 12628.7778 0.812
10254 12628.7778 0.812
10254.1111 12628.7778 0.812
10255.1111 12628.7778 0.812
10258.2222 12628.7778 0.8123
10258 12628.7778 0.8123
10249.1111 12628.7778 0.8116
10259.2222 12628.7778 0.8124
10257.4444 12628.7778 0.8122
10255.3333 12628.7778 0.8121
10256.1111 12628.7778 0.8121
10257.7778 12628.7778 0.8123
10253.6667 12628.7778 0.8119
10246.6667 12628.7778 0.8114
10245.8889 12628.7778 0.8113
10244.4444 12628.7778 0.8112
10244.8889 12628.7778 0.8112
10248.6667 12628.7778 0.8115
10250.3333 12628.7778 0.8117
10249 12628.7778 0.8116
10249.5556 12628.7778 0.8116
10254.2222 12628.7778 0.812
10255.5556 12628.7778 0.8121
10257 12628.7778 0.8122
10255.4444 12628.7778 0.8121
10254.8889 12628.7778 0.812
10255.1111 12628.7778 0.812
10256.4444 12628.7778 0.8121
10253.7778 12628.7778 0.8119
10251.8889 12628.7778 0.8118
10243 12628.7778 0.8111
10242.8889 12628.7778 0.8111
10263.2222 12628.7778 0.8127
10263.3333 12628.7778 0.8127
10261 12628.7778 0.8125
10263 12628.7778 0.8127
10255 12628.7778 0.812
10225.3333 12628.7778 0.8097
10217.7778 12628.7778 0.8091
10237.7778 12628.7778 0.8107
10243.4444 12628.7778 0.8111
10245.8889 12628.7778 0.8113
10249.6667 12628.7778 0.8116
10256 12628.7778 0.8121
10276.4444 12628.7778 0.8137
10272.1111 12628.7778 0.8134
10267.5556 12628.7778 0.813
10270.4444 12628.7778 0.8133
10269.4444 12628.7778 0.8132
10265.8889 12628.7778 0.8129
10270.6667 12628.7778 0.8133
10290.2222 12628.7778 0.8148
10300.7778 12628.7778 0.8157
10301.3333 12628.7778 0.8157
10294.8889 12628.7778 0.8152
10310.8889 12628.7778 0.8165
10314.1111 12628.7778 0.8167
10319.8889 12628.7778 0.8172
10343 12628.7778 0.819
10343 12628.7778 0.819
10340.6667 12628.7778 0.8188
10338.8889 12628.7778 0.8187
10345.8889 12628.7778 0.8192
10349.3333 12628.7778 0.8195
10348.6667 12628.7778 0.8195
10371.7778 12628.7778 0.8213
10380.3333 12628.7778 0.822
10384.3333 12628.7778 0.8223
10407.2222 12628.7778 0.8241
10414.7778 12628.7778 0.8247
10414.4444 12628.7778 0.8247
10417.4444 12628.7778 0.8249
10414.3333 12628.7778 0.8247
10414.8889 12628.7778 0.8247
10427 12628.7778 0.8257
10442.2222 12628.7778 0.8269
10449.2222 12628.7778 0.8274
10454 12628.7778 0.8278
10447.4444 12628.7778 0.8273
10466.3333 12628.7778 0.8288
10492.5556 12628.7778 0.8308
10502.5556 12628.7778 0.8316
10503.8889 12628.7778 0.8317
10504.3333 12628.7778 0.8318
10501.8889 12628.7778 0.8316
10501.8889 12628.7778 0.8316
10435.3333 12628.7778 0.8263
10429 12628.7778 0.8258
10427.1111 12628.7778 0.8257
10405.5556 12628.7778 0.824
10387.2222 12628.7778 0.8225
10344.8889 12628.7778 0.8192
10348.1111 12628.7778 0.8194
10345.6667 12628.7778 0.8192
10345.3333 12628.7778 0.8192
10344.8889 12628.7778 0.8192
10343.8889 12628.7778 0.8191
10345.5556 12628.7778 0.8192
10347.3333 12628.7778 0.8193
10349.2222 12628.7778 0.8195
10350.3333 12628.7778 0.8196
10350.7778 12628.7778 0.8196
10346.2222 12628.7778 0.8193
10348.6667 12628.7778 0.8195
10346.2222 12628.7778 0.8193
10350 12628.7778 0.8196
10350.7778 12628.7778 0.8196
10352.6667 12628.7778 0.8198
10351.3333 12628.7778 0.8197
10348.2222 12628.7778 0.8194
10345.8889 12628.7778 0.8192
10252.8889 12628.7778 0.8119
10205.1111 12628.7778 0.8081
10197.6667 12628.7778 0.8075
10195.4444 12628.7778 0.8073
10200.1111 12628.7778 0.8077
10198.3333 12628.7778 0.8075
10200.7778 12628.7778 0.8077
10200.7778 12628.7778 0.8077
10203.4444 12628.7778 0.808
10199.7778 12628.7778 0.8077
10196.1111 12628.7778 0.8074
10196.2222 12628.7778 0.8074
10204.4444 12628.7778 0.808
10209 12628.7778 0.8084
10189.5556 12628.7778 0.8069
10190.3333 12628.7778 0.8069
10205.4444 12628.7778 0.8081
10209.1111 12628.7778 0.8084
10209 12628.7778 0.8084
10210.1111 12628.7778 0.8085
10211 12628.7778 0.8086
10206.8889 12628.7778 0.8082
10201.7778 12628.7778 0.8078
10204.7778 12628.7778 0.8081
10208.6667 12628.7778 0.8084
10207.5556 12628.7778 0.8083
10209.3333 12628.7778 0.8084
10201.2222 12628.7778 0.8078
10199.8889 12628.7778 0.8077
10202.3333 12628.7778 0.8079
10206.7778 12628.7778 0.8082
10211.5556 12628.7778 0.8086
10211.2222 12628.7778 0.8086
10206.3333 12628.7778 0.8082
10205.5556 12628.7778 0.8081
10204.4444 12628.7778 0.808
10204.3333 12628.7778 0.808
10203.2222 12628.7778 0.8079
10201.5556 12628.7778 0.8078
10202.2222 12628.7778 0.8079
10195.3333 12628.7778 0.8073
10200.8889 12628.7778 0.8077
10200 12628.7778 0.8077
10210 12628.7778 0.8085
10211.2222 12628.7778 0.8086
10192.1111 12628.7778 0.8071
10118.7778 12628.7778 0.8012
10120.7778 12628.7778 0.8014
10130.1111 12628.7778 0.8021
10129.7778 12628.7778 0.8021
10131.5556 12628.7778 0.8023
10111.8889 12628.7778 0.8007
10085.6667 12628.7778 0.7986
10055 12628.7778 0.7962
10066.6667 12628.7778 0.7971
10104.7778 12628.7778 0.8001
10129.1111 12628.7778 0.8021
10089.3333 12628.7778 0.7989
10034.4444 12628.7778 0.7946
10029.4444 12628.7778 0.7942
10041.6667 12628.7778 0.7951
10060.2222 12628.7778 0.7966
10059.2222 12628.7778 0.7965
10062.7778 12628.7778 0.7968
10076.7778 12628.7778 0.7979
10068.4444 12628.7778 0.7973
10066.6667 12628.7778 0.7971
10070 12628.7778 0.7974
10071.6667 12628.7778 0.7975
10068.2222 12628.7778 0.7972
10062.7778 12628.7778 0.7968
10065.7778 12628.7778 0.7971
10077.3333 12628.7778 0.798
10051 12628.7778 0.7959
10048.8889 12628.7778 0.7957
10058.8889 12628.7778 0.7965
10076.3333 12628.7778 0.7979
10075.1111 12628.7778 0.7978
10077 12628.7778 0.7979
10084 12628.7778 0.7985
10097 12628.7778 0.7995
10091 12628.7778 0.799
10089.7778 12628.7778 0.799
10090.1111 12628.7778 0.799
10098 12628.7778 0.7996
10095.3333 12628.7778 0.7994
10085.2222 12628.7778 0.7986
10094.6667 12628.7778 0.7993
10082.2222 12628.7778 0.7984
10099 12628.7778 0.7997
10097.7778 12628.7778 0.7996
10094.6667 12628.7778 0.7993
10097.2222 12628.7778 0.7995
10091.6667 12628.7778 0.7991
10088.3333 12628.7778 0.7988
10087.6667 12628.7778 0.7988
10091.5556 12628.7778 0.7991
10096.1111 12628.7778 0.7995
10103.6667 12628.7778 0.8001
10110.6667 12628.7778 0.8006
10118.4444 12628.7778 0.8012
10120.8889 12628.7778 0.8014
10126.6667 12628.7778 0.8019
10127.8889 12628.7778 0.802
10132.8889 12628.7778 0.8024
10128.8889 12628.7778 0.802
10125.2222 12628.7778 0.8018
10126 12628.7778 0.8018
10125.3333 12628.7778 0.8018
10119.8889 12628.7778 0.8013
10125.4444 12628.7778 0.8018
10125.5556 12628.7778 0.8018
10118.7778 12628.7778 0.8012
10121.7778 12628.7778 0.8015
10124.8889 12628.7778 0.8017
10131.1111 12628.7778 0.8022
10143.4444 12628.7778 0.8032
10142.1111 12628.7778 0.8031
10141.6667 12628.7778 0.8031
10141.7778 12628.7778 0.8031
10161.2222 12628.7778 0.8046
10176.1111 12628.7778 0.8058
10192 12628.7778 0.807
10179.5556 12628.7778 0.8061
10160.2222 12628.7778 0.8045
10177.8889 12628.7778 0.8059
10207.1111 12628.7778 0.8082
10217.5556 12628.7778 0.8091
10221.4444 12628.7778 0.8094
10220.5556 12628.7778 0.8093
10205.8889 12628.7778 0.8081
10191.8889 12628.7778 0.807
10192 12628.7778 0.807
10198.3333 12628.7778 0.8075
10216.2222 12628.7778 0.809
10225.3333 12628.7778 0.8097
10228 12628.7778 0.8099
10231 12628.7778 0.8101
10245.4444 12628.7778 0.8113
10247.4444 12628.7778 0.8114
10252.1111 12628.7778 0.8118
10249.7778 12628.7778 0.8116
10247.2222 12628.7778 0.8114
10243.6667 12628.7778 0.8111
10245.6667 12628.7778 0.8113
10235.8889 12628.7778 0.8105
10183.5556 12628.7778 0.8064
10131.6667 12628.7778 0.8023
10121.2222 12628.7778 0.8014
10120 12628.7778 0.8013
10122 12628.7778 0.8015
10124.3333 12628.7778 0.8017
10128.2222 12628.7778 0.802
10126.4444 12628.7778 0.8019
10125.1111 12628.7778 0.8017
10128.1111 12628.7778 0.802
10156.8889 12628.7778 0.8043
10161.3333 12628.7778 0.8046
10187.6667 12628.7778 0.8067
10182.7778 12628.7778 0.8063
10182.1111 12628.7778 0.8063
10194.3333 12628.7778 0.8072
10230.4444 12628.7778 0.8101
10255.4444 12628.7778 0.8121
10258.8889 12628.7778 0.8123
10253.7778 12628.7778 0.8119
10257.3333 12628.7778 0.8122
10263.7778 12628.7778 0.8127
10262.8889 12628.7778 0.8127
10247.2222 12628.7778 0.8114
10206.2222 12628.7778 0.8082
10136 12628.7778 0.8026
10105.8889 12628.7778 0.8002
10105 12628.7778 0.8002
10104.4444 12628.7778 0.8001
10114.7778 12628.7778 0.8009
10118.6667 12628.7778 0.8012
10117 12628.7778 0.8011
10133.4444 12628.7778 0.8024
10140.4444 12628.7778 0.803
10141.7778 12628.7778 0.8031
10128.4444 12628.7778 0.802
10129.6667 12628.7778 0.8021
10177.7778 12628.7778 0.8059
10181 12628.7778 0.8062
10207.8889 12628.7778 0.8083
10244.8889 12628.7778 0.8112
10294.4444 12628.7778 0.8152
10303.2222 12628.7778 0.8159
10296.8889 12628.7778 0.8154
10292.4444 12628.7778 0.815
10235.4444 12628.7778 0.8105
10241.8889 12628.7778 0.811
10226.6667 12628.7778 0.8098
10184.7778 12628.7778 0.8065
10195.5556 12628.7778 0.8073
10235.1111 12628.7778 0.8105
10249.2222 12628.7778 0.8116
10263.3333 12628.7778 0.8127
10269.2222 12628.7778 0.8132
10300.2222 12628.7778 0.8156
10328.3333 12628.7778 0.8178
10300.8889 12628.7778 0.8157
10207.4444 12628.7778 0.8083
10191.6667 12628.7778 0.807
10190.4444 12628.7778 0.8069
10171 12628.7778 0.8054
10164 12628.7778 0.8048
10236.1111 12628.7778 0.8105
10297 12628.7778 0.8154
10328.4444 12628.7778 0.8178
10328.4444 12628.7778 0.8178
10325 12628.7778 0.8176
10322.2222 12628.7778 0.8174
10318.6667 12628.7778 0.8171
10322.4444 12628.7778 0.8174
10323.4444 12628.7778 0.8175
10331.1111 12628.7778 0.8181
10318.2222 12628.7778 0.817
10311.7778 12628.7778 0.8165
10313.5556 12628.7778 0.8167
10313.6667 12628.7778 0.8167
10313.2222 12628.7778 0.8166
10338.5556 12628.7778 0.8187
10347 12628.7778 0.8193
10338.3333 12628.7778 0.8186
10336.2222 12628.7778 0.8185
10336.2222 12628.7778 0.8185
10326.3333 12628.7778 0.8177
10329 12628.7778 0.8179
10337.6667 12628.7778 0.8186
10346.3333 12628.7778 0.8193
10348.5556 12628.7778 0.8194
10348.1111 12628.7778 0.8194
10343.1111 12628.7778 0.819
10251.6667 12628.7778 0.8118
10251.1111 12628.7778 0.8117
10249.1111 12628.7778 0.8116
10239.7778 12628.7778 0.8108
10206.8889 12628.7778 0.8082
10182.4444 12628.7778 0.8063
10183.2222 12628.7778 0.8064
10190.7778 12628.7778 0.8069
10194.3333 12628.7778 0.8072
10194.5556 12628.7778 0.8072
10196.5556 12628.7778 0.8074
10193.3333 12628.7778 0.8072
10193.1111 12628.7778 0.8071
10196.5556 12628.7778 0.8074
10192.1111 12628.7778 0.8071
10191.4444 12628.7778 0.807
10195.8889 12628.7778 0.8074
10200.8889 12628.7778 0.8077
10202.6667 12628.7778 0.8079
10147.4444 12628.7778 0.8035
10141.2222 12628.7778 0.803
10146.2222 12628.7778 0.8034
10143.8889 12628.7778 0.8032
10140 12628.7778 0.8029
10144.5556 12628.7778 0.8033
10147 12628.7778 0.8035
10145.8889 12628.7778 0.8034
10144.5556 12628.7778 0.8033
10033.6667 12628.7778 0.7945
9977.3333 12628.7778 0.79
9971.8889 12628.7778 0.7896
9965.6667 12628.7778 0.7891
9965.8889 12628.7778 0.7891
9964.8889 12628.7778 0.7891
9961.2222 12628.7778 0.7888
9976.8889 12628.7778 0.79
9981.1111 12628.7778 0.7903
9985 12628.7778 0.7907
9981 12628.7778 0.7903
9977.7778 12628.7778 0.7901
9978.1111 12628.7778 0.7901
9949.8889 12628.7778 0.7879
9922.8889 12628.7778 0.7857
9899.8889 12628.7778 0.7839
9903.5556 12628.7778 0.7842
9925 12628.7778 0.7859
9923.2222 12628.7778 0.7858
9920.5556 12628.7778 0.7856
9918.2222 12628.7778 0.7854
9914.8889 12628.7778 0.7851
9912.3333 12628.7778 0.7849
9905.8889 12628.7778 0.7844
9906.7778 12628.7778 0.7845
9924 12628.7778 0.7858
9929.8889 12628.7778 0.7863
9928.6667 12628.7778 0.7862
9929.3333 12628.7778 0.7862
9930.5556 12628.7778 0.7863
9935.3333 12628.7778 0.7867
9949 12628.7778 0.7878
9979.6667 12628.7778 0.7902
9992 12628.7778 0.7912
9990 12628.7778 0.7911
9974.1111 12628.7778 0.7898
9977.4444 12628.7778 0.7901
9983.3333 12628.7778 0.7905
9985.5556 12628.7778 0.7907
9979.8889 12628.7778 0.7902
9978.6667 12628.7778 0.7902
9993.2222 12628.7778 0.7913
9995.3333 12628.7778 0.7915
10001.1111 12628.7778 0.7919
10004.2222 12628.7778 0.7922
10005.8889 12628.7778 0.7923
10007.8889 12628.7778 0.7925
9968.1111 12628.7778 0.7893
9915.5556 12628.7778 0.7852
9933 12628.7778 0.7865
9964.3333 12628.7778 0.789
9973.5556 12628.7778 0.7897
9972.2222 12628.7778 0.7896
9979.4444 12628.7778 0.7902
9981.5556 12628.7778 0.7904
9977.8889 12628.7778 0.7901
9980.5556 12628.7778 0.7903
9981.4444 12628.7778 0.7904
9980.1111 12628.7778 0.7903
9983 12628.7778 0.7905
9983.2222 12628.7778 0.7905
9982.8889 12628.7778 0.7905
9982.1111 12628.7778 0.7904
9953.3333 12628.7778 0.7881
9966.6667 12628.7778 0.7892
9992.2222 12628.7778 0.7912
9992.7778 12628.7778 0.7913
9994.8889 12628.7778 0.7914
10000.3333 12628.7778 0.7919
10000.6667 12628.7778 0.7919
9996.5556 12628.7778 0.7916
9995.7778 12628.7778 0.7915
10000 12628.7778 0.7918
9995.3333 12628.7778 0.7915
9975 12628.7778 0.7899
9978.8889 12628.7778 0.7902
9953.2222 12628.7778 0.7881
9956.3333 12628.7778 0.7884
9961.3333 12628.7778 0.7888
9936.4444 12628.7778 0.7868
9941.1111 12628.7778 0.7872
9967.5556 12628.7778 0.7893
9967 12628.7778 0.7892
9999 12628.7778 0.7918
10017.8889 12628.7778 0.7933
10027.8889 12628.7778 0.7941
10031.5556 12628.7778 0.7943
9997.8889 12628.7778 0.7917
10002.3333 12628.7778 0.792
9965.4444 12628.7778 0.7891
9940.1111 12628.7778 0.7871
9941.5556 12628.7778 0.7872
9940.8889 12628.7778 0.7872
9939.6667 12628.7778 0.7871
9951.8889 12628.7778 0.788
9960.2222 12628.7778 0.7887
9976 12628.7778 0.7899
9980.5556 12628.7778 0.7903