10016.2222 12628.7778 0.7931
9919 12628.7778 0.7854
9879.8889 12628.7778 0.7823
9849.7778 12628.7778 0.7799
9865.7778 12628.7778 0.7812
9973.3333 12628.7778 0.7897
10080.7778 12628.7778 0.7982
10191.3333 12628.7778 0.807
10225.2222 12628.7778 0.8097
10243 12628.7778 0.8111
10148.8889 12628.7778 0.8036
10143.5556 12628.7778 0.8032
10141.6667 12628.7778 0.8031
10148.8889 12628.7778 0.8036
10163 12628.7778 0.8047
10163.5556 12628.7778 0.8048
10169.4444 12628.7778 0.8053
10174.2222 12628.7778 0.8056
10176.3333 12628.7778 0.8058
10168.8889 12628.7778 0.8052
10150 12628.7778 0.8037
10096.7778 12628.7778 0.7995
10054.3333 12628.7778 0.7961
10002.5556 12628.7778 0.792
9924.8889 12628.7778 0.7859
9876.8889 12628.7778 0.7821
9819.1111 12628.7778 0.7775
9746.5556 12628.7778 0.7718
9733.2222 12628.7778 0.7707
9803.5556 12628.7778 0.7763
9933.1111 12628.7778 0.7865
9964.2222 12628.7778 0.789
9920.2222 12628.7778 0.7855
9946.1111 12628.7778 0.7876
9945.7778 12628.7778 0.7875
9931.1111 12628.7778 0.7864
9926.5556 12628.7778 0.786
9925 12628.7778 0.7859
9932.4444 12628.7778 0.7865
9946.8889 12628.7778 0.7876
9950.1111 12628.7778 0.7879
9959.1111 12628.7778 0.7886
9959.2222 12628.7778 0.7886
9956.5556 12628.7778 0.7884
9949.1111 12628.7778 0.7878
9908.2222 12628.7778 0.7846
9877.1111 12628.7778 0.7821
9780 12628.7778 0.7744
9660 12628.7778 0.7649
9556.7778 12628.7778 0.7567
9464.6667 12628.7778 0.7495
9425.5556 12628.7778 0.7464
9424.1111 12628.7778 0.7462
9577.3333 12628.7778 0.7584
9666.1111 12628.7778 0.7654
9760.8889 12628.7778 0.7729
9765.6667 12628.7778 0.7733
9778.4444 12628.7778 0.7743
9827.4444 12628.7778 0.7782
9887.1111 12628.7778 0.7829
9915.3333 12628.7778 0.7851
9934.1111 12628.7778 0.7866
9942 12628.7778 0.7872
9946.1111 12628.7778 0.7876
9928.5556 12628.7778 0.7862
9904.8889 12628.7778 0.7843
9884.4444 12628.7778 0.7827
9872.4444 12628.7778 0.7817
9852.1111 12628.7778 0.7801
9835.7778 12628.7778 0.7788
9826.8889 12628.7778 0.7781
9770.6667 12628.7778 0.7737
9708.7778 12628.7778 0.7688
9621.2222 12628.7778 0.7618
9531.5556 12628.7778 0.7547
9412.5556 12628.7778 0.7453
9460.4444 12628.7778 0.7491
9528.6667 12628.7778 0.7545
9537.3333 12628.7778 0.7552
9532.1111 12628.7778 0.7548
9557.3333 12628.7778 0.7568
9610.4444 12628.7778 0.761
9644.2222 12628.7778 0.7637
9676 12628.7778 0.7662
9726.7778 12628.7778 0.7702
9734.2222 12628.7778 0.7708
9740.8889 12628.7778 0.7713
9756.3333 12628.7778 0.7725
9781.4444 12628.7778 0.7745
9808.3333 12628.7778 0.7767
9813.3333 12628.7778 0.7771
9810.2222 12628.7778 0.7768
9811.3333 12628.7778 0.7769
9784.4444 12628.7778 0.7748
9709.1111 12628.7778 0.7688
9599.5556 12628.7778 0.7601
9518.8889 12628.7778 0.7537
9447.8889 12628.7778 0.7481
9429.3333 12628.7778 0.7467
9431 12628.7778 0.7468
9478.1111 12628.7778 0.7505
9628.3333 12628.7778 0.7624
9700.8889 12628.7778 0.7682
9698.6667 12628.7778 0.768
9722.8889 12628.7778 0.7699
9721.1111 12628.7778 0.7698
9686.7778 12628.7778 0.767
9752.7778 12628.7778 0.7723
9790.3333 12628.7778 0.7752
9793 12628.7778 0.7755
9792.5556 12628.7778 0.7754
9794.3333 12628.7778 0.7756
9800.6667 12628.7778 0.7761
9827.8889 12628.7778 0.7782
9831.2222 12628.7778 0.7785
9827.7778 12628.7778 0.7782
9812.8889 12628.7778 0.777
9798.8889 12628.7778 0.7759
9772.8889 12628.7778 0.7739
9697.8889 12628.7778 0.7679
9595.7778 12628.7778 0.7598
9569.4444 12628.7778 0.7577
9521.4444 12628.7778 0.7539
9505.2222 12628.7778 0.7527
9540.2222 12628.7778 0.7554
9680.8889 12628.7778 0.7666
9809.2222 12628.7778 0.7767
9853.3333 12628.7778 0.7802
9861.1111 12628.7778 0.7808
9863.8889 12628.7778 0.7811
9905 12628.7778 0.7843
9945.5556 12628.7778 0.7875
9972.4444 12628.7778 0.7897
9974.7778 12628.7778 0.7898
9996.1111 12628.7778 0.7915
10021.7778 12628.7778 0.7936
10048.1111 12628.7778 0.7957
10087.8889 12628.7778 0.7988
10090 12628.7778 0.799
10087.4444 12628.7778 0.7988
10086.5556 12628.7778 0.7987
10063.2222 12628.7778 0.7968
10011.5556 12628.7778 0.7928
9947.2222 12628.7778 0.7877
9882 12628.7778 0.7825
9853.4444 12628.7778 0.7802
9866.1111 12628.7778 0.7812
9839 12628.7778 0.7791
9827.1111 12628.7778 0.7782
9935.2222 12628.7778 0.7867
10077.3333 12628.7778 0.798
10133.4444 12628.7778 0.8024
10130.7778 12628.7778 0.8022
10131.7778 12628.7778 0.8023
10148.3333 12628.7778 0.8036
10170.7778 12628.7778 0.8054
10170.6667 12628.7778 0.8054
10165 12628.7778 0.8049
10169.5556 12628.7778 0.8053
10171.3333 12628.7778 0.8054
10189.3333 12628.7778 0.8068
10193.2222 12628.7778 0.8071
10195.6667 12628.7778 0.8073
10192.5556 12628.7778 0.8071
10188.7778 12628.7778 0.8068
10161.1111 12628.7778 0.8046
10102.6667 12628.7778 0.8
10036.7778 12628.7778 0.7948
9933.1111 12628.7778 0.7865
9832.8889 12628.7778 0.7786
9748.4444 12628.7778 0.7719
9735.1111 12628.7778 0.7709
9751.2222 12628.7778 0.7721
9878 12628.7778 0.7822
10038.6667 12628.7778 0.7949
10112.3333 12628.7778 0.8007
10122.8889 12628.7778 0.8016
10123 12628.7778 0.8016
10124 12628.7778 0.8017
10118.5556 12628.7778 0.8012
10073.5556 12628.7778 0.7977
10025.8889 12628.7778 0.7939
10027.4444 12628.7778 0.794
10025.4444 12628.7778 0.7939
10059.8889 12628.7778 0.7966
10088.3333 12628.7778 0.7988
10091.8889 12628.7778 0.7991
10093.2222 12628.7778 0.7992
10088.6667 12628.7778 0.7989
10058.5556 12628.7778 0.7965
9996.2222 12628.7778 0.7915
9922 12628.7778 0.7857
9827.1111 12628.7778 0.7782
9732.4444 12628.7778 0.7707
9650.4444 12628.7778 0.7642
9592 12628.7778 0.7595
9608.3333 12628.7778 0.7608
9769.6667 12628.7778 0.7736
9932.7778 12628.7778 0.7865
9983.7778 12628.7778 0.7906
10018.4444 12628.7778 0.7933
10041.1111 12628.7778 0.7951
10030.2222 12628.7778 0.7942
10013.1111 12628.7778 0.7929
10015 12628.7778 0.793
10037.6667 12628.7778 0.7948
10046.4444 12628.7778 0.7955
10067.8889 12628.7778 0.7972
10103.7778 12628.7778 0.8001
10112.6667 12628.7778 0.8008
10113 12628.7778 0.8008
10112.7778 12628.7778 0.8008
10116 12628.7778 0.801
10120.4444 12628.7778 0.8014
10124.7778 12628.7778 0.8017
10112.2222 12628.7778 0.8007
10088.1111 12628.7778 0.7988
10043.4444 12628.7778 0.7953
10008.3333 12628.7778 0.7925
9965 12628.7778 0.7891
9927.3333 12628.7778 0.7861
9989.7778 12628.7778 0.791
10046.6667 12628.7778 0.7955
10053.4444 12628.7778 0.7961
10051.6667 12628.7778 0.7959
10047.5556 12628.7778 0.7956
10057 12628.7778 0.7964
10068.3333 12628.7778 0.7973
10048.2222 12628.7778 0.7957
10045.6667 12628.7778 0.7955
10059 12628.7778 0.7965
10066.4444 12628.7778 0.7971
10069.8889 12628.7778 0.7974
10073.2222 12628.7778 0.7976
10073.3333 12628.7778 0.7976
10071.6667 12628.7778 0.7975
10071.4444 12628.7778 0.7975
10082.1111 12628.7778 0.7983
10068.8889 12628.7778 0.7973
10006 12628.7778 0.7923
9871.1111 12628.7778 0.7816
9872.4444 12628.7778 0.7817
9848.5556 12628.7778 0.7799
9806.2222 12628.7778 0.7765
9772.8889 12628.7778 0.7739
9778 12628.7778 0.7743
9849.2222 12628.7778 0.7799
9871.7778 12628.7778 0.7817
9925.7778 12628.7778 0.786
9947.4444 12628.7778 0.7877
9938.2222 12628.7778 0.787
9937.2222 12628.7778 0.7869
9919.1111 12628.7778 0.7854
9918.6667 12628.7778 0.7854
9933.5556 12628.7778 0.7866
9941.1111 12628.7778 0.7872
9941.5556 12628.7778 0.7872
9946 12628.7778 0.7876
9945.2222 12628.7778 0.7875
9943.7778 12628.7778 0.7874
9943.4444 12628.7778 0.7874
9942.6667 12628.7778 0.7873
9950.4444 12628.7778 0.7879
9940.3333 12628.7778 0.7871
9822.5556 12628.7778 0.7778
9722.6667 12628.7778 0.7699
9719.3333 12628.7778 0.7696
9662.7778 12628.7778 0.7651
9680 12628.7778 0.7665
9750.4444 12628.7778 0.7721
9783.2222 12628.7778 0.7747
9826 12628.7778 0.7781
9869.8889 12628.7778 0.7815
9854.1111 12628.7778 0.7803
9838.7778 12628.7778 0.7791
9854.8889 12628.7778 0.7804
9804.3333 12628.7778 0.7763
9808.4444 12628.7778 0.7767
9833.5556 12628.7778 0.7787
9832.7778 12628.7778 0.7786
9833.6667 12628.7778 0.7787
9839 12628.7778 0.7791
9839.6667 12628.7778 0.7791
9835.8889 12628.7778 0.7788
9840.8889 12628.7778 0.7792
9843.7778 12628.7778 0.7795
9845.7778 12628.7778 0.7796
9811 12628.7778 0.7769
9749.2222 12628.7778 0.772
9690 12628.7778 0.7673
9616.7778 12628.7778 0.7615
9607.8889 12628.7778 0.7608
9600.4444 12628.7778 0.7602
9696.2222 12628.7778 0.7678
9729.6667 12628.7778 0.7704
9779.1111 12628.7778 0.7744
9800.4444 12628.7778 0.776
9833.1111 12628.7778 0.7786
9840.1111 12628.7778 0.7792
9855.3333 12628.7778 0.7804
9862.2222 12628.7778 0.7809
9859.3333 12628.7778 0.7807
9873.4444 12628.7778 0.7818
9889.1111 12628.7778 0.7831
9892 12628.7778 0.7833
9894.5556 12628.7778 0.7835
9896.1111 12628.7778 0.7836
9892.3333 12628.7778 0.7833
9888.1111 12628.7778 0.783
9886.3333 12628.7778 0.7828
9887.5556 12628.7778 0.7829
9841.1111 12628.7778 0.7793
9709.8889 12628.7778 0.7689
9584 12628.7778 0.7589
9541.7778 12628.7778 0.7556
9491.2222 12628.7778 0.7516
9488.7778 12628.7778 0.7514
9635 12628.7778 0.7629
9769.1111 12628.7778 0.7736
9889.2222 12628.7778 0.7831
9902.4444 12628.7778 0.7841
9898.7778 12628.7778 0.7838
9897.7778 12628.7778 0.7837
9891.5556 12628.7778 0.7833
9867.7778 12628.7778 0.7814
9860 12628.7778 0.7808
9873.3333 12628.7778 0.7818
9880.2222 12628.7778 0.7824
9901.6667 12628.7778 0.7841
9922.5556 12628.7778 0.7857
9932.5556 12628.7778 0.7865
9874.4444 12628.7778 0.7819
9844 12628.7778 0.7795
9836.2222 12628.7778 0.7789
9824.5556 12628.7778 0.7779
9736 12628.7778 0.7709
9672.6667 12628.7778 0.7659
9644.1111 12628.7778 0.7637
9652.6667 12628.7778 0.7643
9674.2222 12628.7778 0.766
9706.4444 12628.7778 0.7686
9818 12628.7778 0.7774
9914.1111 12628.7778 0.785
9917.2222 12628.7778 0.7853
9913.3333 12628.7778 0.785
9908.8889 12628.7778 0.7846
9911.5556 12628.7778 0.7848
9908.4444 12628.7778 0.7846
9891.3333 12628.7778 0.7832
9903.2222 12628.7778 0.7842
9915.4444 12628.7778 0.7851
9919.6667 12628.7778 0.7855
9920 12628.7778 0.7855
9919.6667 12628.7778 0.7855
9924.3333 12628.7778 0.7859
9925.8889 12628.7778 0.786
9928.1111 12628.7778 0.7861
9858.1111 12628.7778 0.7806
9848.3333 12628.7778 0.7798
9842.5556 12628.7778 0.7794
9766.2222 12628.7778 0.7733
9653.4444 12628.7778 0.7644
9582 12628.7778 0.7587
9580.8889 12628.7778 0.7587
9584 12628.7778 0.7589
9702.3333 12628.7778 0.7683
9821.3333 12628.7778 0.7777
9853.8889 12628.7778 0.7803
9860 12628.7778 0.7808
9859.1111 12628.7778 0.7807
9859 12628.7778 0.7807
9860.8889 12628.7778 0.7808
9864.1111 12628.7778 0.7811
9865.2222 12628.7778 0.7812
9850.1111 12628.7778 0.78
9855.4444 12628.7778 0.7804
9862.6667 12628.7778 0.781
9870.7778 12628.7778 0.7816
9870.5556 12628.7778 0.7816
9872.5556 12628.7778 0.7818
9873.5556 12628.7778 0.7818
9873.4444 12628.7778 0.7818
9877.3333 12628.7778 0.7821
9848.5556 12628.7778 0.7799
9718 12628.7778 0.7695
9631.5556 12628.7778 0.7627
9593 12628.7778 0.7596
9543.3333 12628.7778 0.7557
9528.6667 12628.7778 0.7545
9706.8889 12628.7778 0.7686
9849.5556 12628.7778 0.7799
9880.7778 12628.7778 0.7824
9882.4444 12628.7778 0.7825
9883 12628.7778 0.7826
9884.1111 12628.7778 0.7827
9885.8889 12628.7778 0.7828
9871.4444 12628.7778 0.7817
9868.6667 12628.7778 0.7814
9886.8889 12628.7778 0.7829
9886.3333 12628.7778 0.7828
9873.7778 12628.7778 0.7818
9852.2222 12628.7778 0.7801
9852.4444 12628.7778 0.7802
9850.8889 12628.7778 0.78
9849 12628.7778 0.7799
9847.3333 12628.7778 0.7798
9797.3333 12628.7778 0.7758
9674.7778 12628.7778 0.7661
9584.7778 12628.7778 0.759
9560.4444 12628.7778 0.757
9581.2222 12628.7778 0.7587
9591.3333 12628.7778 0.7595
9595 12628.7778 0.7598
9645.6667 12628.7778 0.7638
9739.8889 12628.7778 0.7712
9799.8889 12628.7778 0.776
9865.6667 12628.7778 0.7812
9881.3333 12628.7778 0.7824
9871.5556 12628.7778 0.7817
9850.5556 12628.7778 0.78
9905.2222 12628.7778 0.7843
9871.4444 12628.7778 0.7817
9884.2222 12628.7778 0.7827
9887.2222 12628.7778 0.7829
9897.4444 12628.7778 0.7837
9909.3333 12628.7778 0.7847
9911.4444 12628.7778 0.7848
9916.6667 12628.7778 0.7852
9918.2222 12628.7778 0.7854
9918.7778 12628.7778 0.7854
9895.1111 12628.7778 0.7835
9838.4444 12628.7778 0.779
9705.3333 12628.7778 0.7685
9621.4444 12628.7778 0.7619
9598.3333 12628.7778 0.76
9591.8889 12628.7778 0.7595
9602.8889 12628.7778 0.7604
9727.2222 12628.7778 0.7702
9834.2222 12628.7778 0.7787
9906.2222 12628.7778 0.7844
9954.5556 12628.7778 0.7882
10003.3333 12628.7778 0.7921
9999.7778 12628.7778 0.7918
9997.4444 12628.7778 0.7916
10007.1111 12628.7778 0.7924
10010 12628.7778 0.7926
10001.2222 12628.7778 0.7919
9957.8889 12628.7778 0.7885
9964.1111 12628.7778 0.789
9986.8889 12628.7778 0.7908
9988.1111 12628.7778 0.7909
9986 12628.7778 0.7907
9997.3333 12628.7778 0.7916
9929.4444 12628.7778 0.7863
9888.3333 12628.7778 0.783
9779.8889 12628.7778 0.7744
9617 12628.7778 0.7615
9524.5556 12628.7778 0.7542
9492.8889 12628.7778 0.7517
9492.7778 12628.7778 0.7517
9518.1111 12628.7778 0.7537
9686.7778 12628.7778 0.767
9875.7778 12628.7778 0.782
9933.8889 12628.7778 0.7866
9931.6667 12628.7778 0.7864
9934.7778 12628.7778 0.7867
9930.4444 12628.7778 0.7863
9925.5556 12628.7778 0.7859
9880.2222 12628.7778 0.7824
9894.7778 12628.7778 0.7835
9936.1111 12628.7778 0.7868
9921.3333 12628.7778 0.7856
9860.6667 12628.7778 0.7808
9860 12628.7778 0.7808
9859.7778 12628.7778 0.7807
9855.3333 12628.7778 0.7804
9852.3333 12628.7778 0.7801
9851.4444 12628.7778 0.7801
9852.1111 12628.7778 0.7801
9752.6667 12628.7778 0.7723
9591.4444 12628.7778 0.7595
9528.1111 12628.7778 0.7545
9528.8889 12628.7778 0.7545
9530.2222 12628.7778 0.7546
9547.1111 12628.7778 0.756
9588.2222 12628.7778 0.7592
9691.7778 12628.7778 0.7674
9781.5556 12628.7778 0.7745
9786.4444 12628.7778 0.7749
9792.6667 12628.7778 0.7754
9769.2222 12628.7778 0.7736
9751.7778 12628.7778 0.7722
9790.5556 12628.7778 0.7753
9801 12628.7778 0.7761
9806.1111 12628.7778 0.7765
9807.6667 12628.7778 0.7766
9793.3333 12628.7778 0.7755
9775.8889 12628.7778 0.7741
9749 12628.7778 0.772
9690.3333 12628.7778 0.7673
9686.2222 12628.7778 0.767
9683.2222 12628.7778 0.7668
9646.7778 12628.7778 0.7639
9548.5556 12628.7778 0.7561
9485.8889 12628.7778 0.7511
9457 12628.7778 0.7488
9460.8889 12628.7778 0.7492
9434.2222 12628.7778 0.747
9478.8889 12628.7778 0.7506
9563.4444 12628.7778 0.7573
9596.7778 12628.7778 0.7599
9615.8889 12628.7778 0.7614
9627.7778 12628.7778 0.7624
9629.3333 12628.7778 0.7625
9630.3333 12628.7778 0.7626
9628.2222 12628.7778 0.7624
9631.7778 12628.7778 0.7627
9590.3333 12628.7778 0.7594
9564.8889 12628.7778 0.7574
9526 12628.7778 0.7543
9547.1111 12628.7778 0.756
9561 12628.7778 0.7571
9559.8889 12628.7778 0.757
9559.2222 12628.7778 0.7569
9547.8889 12628.7778 0.756
9482.3333 12628.7778 0.7509
9486.4444 12628.7778 0.7512
9483.3333 12628.7778 0.7509
9442.3333 12628.7778 0.7477
9416.2222 12628.7778 0.7456
9368.2222 12628.7778 0.7418
9362 12628.7778 0.7413
9372.7778 12628.7778 0.7422
9444.8889 12628.7778 0.7479
9498.7778 12628.7778 0.7522
9500.7778 12628.7778 0.7523
9503.4444 12628.7778 0.7525
9498.1111 12628.7778 0.7521
9510.4444 12628.7778 0.7531
9531.4444 12628.7778 0.7547
9576.6667 12628.7778 0.7583
9577.8889 12628.7778 0.7584
9585.8889 12628.7778 0.7591
9625.6667 12628.7778 0.7622
9667.8889 12628.7778 0.7655
9680.5556 12628.7778 0.7665
9685.2222 12628.7778 0.7669
9682.6667 12628.7778 0.7667
9679.6667 12628.7778 0.7665
9679.7778 12628.7778 0.7665
9676.1111 12628.7778 0.7662
9648.6667 12628.7778 0.764
9596.6667 12628.7778 0.7599
9535.8889 12628.7778 0.7551
9514.3333 12628.7778 0.7534
9484.7778 12628.7778 0.751
9494.3333 12628.7778 0.7518
9564.2222 12628.7778 0.7573
9689.2222 12628.7778 0.7672
9707.8889 12628.7778 0.7687
9697.6667 12628.7778 0.7679
9699.3333 12628.7778 0.768
9707.4444 12628.7778 0.7687
9723.1111 12628.7778 0.7699
9695.8889 12628.7778 0.7678
9689.3333 12628.7778 0.7672
9709.4444 12628.7778 0.7688
9725.6667 12628.7778 0.7701
9733.5556 12628.7778 0.7707
9737 12628.7778 0.771
9736.5556 12628.7778 0.771
9741.2222 12628.7778 0.7714
9761.1111 12628.7778 0.7729
9767.3333 12628.7778 0.7734
9757.1111 12628.7778 0.7726
9720.4444 12628.7778 0.7697
9664.1111 12628.7778 0.7652
9605.2222 12628.7778 0.7606
9577.6667 12628.7778 0.7584
9530.3333 12628.7778 0.7547
9533.7778 12628.7778 0.7549
9592.3333 12628.7778 0.7596
9640.6667 12628.7778 0.7634
9717.2222 12628.7778 0.7695
9746.5556 12628.7778 0.7718
9739.1111 12628.7778 0.7712
9734.5556 12628.7778 0.7708
9751.6667 12628.7778 0.7722
9727.6667 12628.7778 0.7703
9760 12628.7778 0.7728
9783.8889 12628.7778 0.7747
9790.7778 12628.7778 0.7753
9731.5556 12628.7778 0.7706
9714 12628.7778 0.7692
9730.1111 12628.7778 0.7705
9719.7778 12628.7778 0.7697
9689.8889 12628.7778 0.7673
9656.3333 12628.7778 0.7646
9622.6667 12628.7778 0.762
9590.7778 12628.7778 0.7594
9561.8889 12628.7778 0.7572
9566.1111 12628.7778 0.7575
9549.5556 12628.7778 0.7562
9520 12628.7778 0.7538
9519.1111 12628.7778 0.7538
9560.1111 12628.7778 0.757
9631.1111 12628.7778 0.7626
9670.8889 12628.7778 0.7658
9756.5556 12628.7778 0.7726
9811.8889 12628.7778 0.7769
9836.3333 12628.7778 0.7789
9834 12628.7778 0.7787
9831 12628.7778 0.7785
9847.1111 12628.7778 0.7797
9848.8889 12628.7778 0.7799
9848.3333 12628.7778 0.7798
9861.6667 12628.7778 0.7809
9868.7778 12628.7778 0.7815
9875 12628.7778 0.7819
9876.5556 12628.7778 0.7821
9865.7778 12628.7778 0.7812
9833.6667 12628.7778 0.7787
9815.7778 12628.7778 0.7773
9748.3333 12628.7778 0.7719
9684.1111 12628.7778 0.7668
9665.5556 12628.7778 0.7654
9664.3333 12628.7778 0.7653
9660.4444 12628.7778 0.765
9682.4444 12628.7778 0.7667
9782.6667 12628.7778 0.7746
9859.2222 12628.7778 0.7807
9858 12628.7778 0.7806
9862.2222 12628.7778 0.7809
9864.2222 12628.7778 0.7811
9905.6667 12628.7778 0.7844
9911.7778 12628.7778 0.7849
9894.4444 12628.7778 0.7835
9899.2222 12628.7778 0.7839
9894.7778 12628.7778 0.7835
9912.2222 12628.7778 0.7849
9917.8889 12628.7778 0.7853
9920.3333 12628.7778 0.7855
9922.1111 12628.7778 0.7857
9925.3333 12628.7778 0.7859
9939.5556 12628.7778 0.7871
9958.4444 12628.7778 0.7886
9932 12628.7778 0.7865
9875.3333 12628.7778 0.782
9829.4444 12628.7778 0.7783
9797.3333 12628.7778 0.7758
9758.2222 12628.7778 0.7727
9731 12628.7778 0.7705
9751.7778 12628.7778 0.7722
9904.5556 12628.7778 0.7843
10014.4444 12628.7778 0.793
10017.6667 12628.7778 0.7932
10015.1111 12628.7778 0.793
10015.8889 12628.7778 0.7931
10006.5556 12628.7778 0.7924
10013.4444 12628.7778 0.7929
10021.2222 12628.7778 0.7935
10013.3333 12628.7778 0.7929
9989.4444 12628.7778 0.791
9973.7778 12628.7778 0.7898
9994.3333 12628.7778 0.7914
9998.2222 12628.7778 0.7917
10000.4444 12628.7778 0.7919
9997.4444 12628.7778 0.7916
9996.8889 12628.7778 0.7916
10003.6667 12628.7778 0.7921
9994.6667 12628.7778 0.7914
9968.2222 12628.7778 0.7893
9946.3333 12628.7778 0.7876
9894.8889 12628.7778 0.7835
9895.2222 12628.7778 0.7835
9871 12628.7778 0.7816
9891.8889 12628.7778 0.7833
9951.7778 12628.7778 0.788
10006.1111 12628.7778 0.7923
10021.2222 12628.7778 0.7935
10020.4444 12628.7778 0.7935
10019.8889 12628.7778 0.7934
10019 12628.7778 0.7933
10018.1111 12628.7778 0.7933
10019.5556 12628.7778 0.7934
10013.1111 12628.7778 0.7929
10013.7778 12628.7778 0.7929
10022.5556 12628.7778 0.7936
10029.7778 12628.7778 0.7942
10032.4444 12628.7778 0.7944
10034.6667 12628.7778 0.7946
10034.4444 12628.7778 0.7946
9981.6667 12628.7778 0.7904
9937.6667 12628.7778 0.7869
9941.6667 12628.7778 0.7872
9943.7778 12628.7778 0.7874
9887.7778 12628.7778 0.783
9856.5556 12628.7778 0.7805
9847.6667 12628.7778 0.7798
9852.7778 12628.7778 0.7802
9854.8889 12628.7778 0.7804
9884 12628.7778 0.7827
9913.3333 12628.7778 0.785
9952.5556 12628.7778 0.7881
9951.8889 12628.7778 0.788
9950.6667 12628.7778 0.7879
9919.5556 12628.7778 0.7855
9873.4444 12628.7778 0.7818
9875.1111 12628.7778 0.782
9874.1111 12628.7778 0.7819
9869.7778 12628.7778 0.7815
9855.2222 12628.7778 0.7804
9855.5556 12628.7778 0.7804
9867.1111 12628.7778 0.7813
9866.2222 12628.7778 0.7812
9865.5556 12628.7778 0.7812
9863.4444 12628.7778 0.781
9865.2222 12628.7778 0.7812
9875.6667 12628.7778 0.782
9837.7778 12628.7778 0.779
9794.3333 12628.7778 0.7756
9780.4444 12628.7778 0.7745
9760.2222 12628.7778 0.7729
9760.6667 12628.7778 0.7729
9784.2222 12628.7778 0.7748
9889.1111 12628.7778 0.7831
9933.8889 12628.7778 0.7866
9958.7778 12628.7778 0.7886
9977.4444 12628.7778 0.7901
9985.1111 12628.7778 0.7907
9981.1111 12628.7778 0.7903
9984.7778 12628.7778 0.7906
9987 12628.7778 0.7908
9977.4444 12628.7778 0.7901
10001.2222 12628.7778 0.7919
10008.4444 12628.7778 0.7925
10005.7778 12628.7778 0.7923
10004.6667 12628.7778 0.7922
10006.1111 12628.7778 0.7923
10002.7778 12628.7778 0.7921
10002.2222 12628.7778 0.792
10001.8889 12628.7778 0.792
9976.5556 12628.7778 0.79
9939.6667 12628.7778 0.7871