9885.4444 12628.7778 0.7828
9729.7778 12628.7778 0.7704
9721.3333 12628.7778 0.7698
9713.4444 12628.7778 0.7692
9711.4444 12628.7778 0.769
9746.3333 12628.7778 0.7718
9831.4444 12628.7778 0.7785
9836.4444 12628.7778 0.7789
9897.4444 12628.7778 0.7837
9983.5556 12628.7778 0.7905
9978 12628.7778 0.7901
9981.7778 12628.7778 0.7904
9984.4444 12628.7778 0.7906
9989.6667 12628.7778 0.791
10013.5556 12628.7778 0.7929
10056.2222 12628.7778 0.7963
10064.5556 12628.7778 0.797
10066.3333 12628.7778 0.7971
10067.7778 12628.7778 0.7972
10064.8889 12628.7778 0.797
10063.3333 12628.7778 0.7969
10054.4444 12628.7778 0.7962
9987.6667 12628.7778 0.7909
9912.6667 12628.7778 0.7849
9861.5556 12628.7778 0.7809
9854.3333 12628.7778 0.7803
9856.1111 12628.7778 0.7804
9845.5556 12628.7778 0.7796
9853.6667 12628.7778 0.7803
9896.3333 12628.7778 0.7836
10032.2222 12628.7778 0.7944
10059.2222 12628.7778 0.7965
10083.4444 12628.7778 0.7984
10091.8889 12628.7778 0.7991
10094.1111 12628.7778 0.7993
10065.8889 12628.7778 0.7971
10046.1111 12628.7778 0.7955
10054 12628.7778 0.7961
10056.5556 12628.7778 0.7963
10057.6667 12628.7778 0.7964
10070.3333 12628.7778 0.7974
10088.7778 12628.7778 0.7989
10092.6667 12628.7778 0.7992
10090 12628.7778 0.799
10087.2222 12628.7778 0.7987
10087.1111 12628.7778 0.7987
10079.2222 12628.7778 0.7981
10026.2222 12628.7778 0.7939
9987.7778 12628.7778 0.7909
9961.8889 12628.7778 0.7888
9961.8889 12628.7778 0.7888
9963.4444 12628.7778 0.7889
9966.1111 12628.7778 0.7892
9968.1111 12628.7778 0.7893
9969.3333 12628.7778 0.7894
9985.3333 12628.7778 0.7907
9983.2222 12628.7778 0.7905
9991.2222 12628.7778 0.7911
10016.6667 12628.7778 0.7932
10010.3333 12628.7778 0.7927
9996 12628.7778 0.7915
9999.6667 12628.7778 0.7918
9976.2222 12628.7778 0.79
9934.6667 12628.7778 0.7867
9946.3333 12628.7778 0.7876
9943.8889 12628.7778 0.7874
9948.3333 12628.7778 0.7878
9941.1111 12628.7778 0.7872
9930.3333 12628.7778 0.7863
9854.1111 12628.7778 0.7803
9819.3333 12628.7778 0.7775
9760.7778 12628.7778 0.7729
9690.5556 12628.7778 0.7673
9662.1111 12628.7778 0.7651
9654.8889 12628.7778 0.7645
9657.8889 12628.7778 0.7648
9660.6667 12628.7778 0.765
9661.5556 12628.7778 0.765
9677.3333 12628.7778 0.7663
9704.5556 12628.7778 0.7684
9706.8889 12628.7778 0.7686
9716.8889 12628.7778 0.7694
9727.8889 12628.7778 0.7703
9745.1111 12628.7778 0.7717
9759.4444 12628.7778 0.7728
9765.5556 12628.7778 0.7733
9779.6667 12628.7778 0.7744
9821.4444 12628.7778 0.7777
9861.6667 12628.7778 0.7809
9872.3333 12628.7778 0.7817
9875.1111 12628.7778 0.782
9869.4444 12628.7778 0.7815
9862.6667 12628.7778 0.781
9864.8889 12628.7778 0.7811
9869.4444 12628.7778 0.7815
9843.7778 12628.7778 0.7795
9841.1111 12628.7778 0.7793
9841.1111 12628.7778 0.7793
9839.6667 12628.7778 0.7791
9817.2222 12628.7778 0.7774
9775.2222 12628.7778 0.774
9746.5556 12628.7778 0.7718
9769.6667 12628.7778 0.7736
9826.6667 12628.7778 0.7781
9853.3333 12628.7778 0.7802
9862.8889 12628.7778 0.781
9845.5556 12628.7778 0.7796
9848.5556 12628.7778 0.7799
9868.2222 12628.7778 0.7814
9854.3333 12628.7778 0.7803
9854.8889 12628.7778 0.7804
9861.8889 12628.7778 0.7809
9865.7778 12628.7778 0.7812
9894.2222 12628.7778 0.7835
9870.1111 12628.7778 0.7816
9862.3333 12628.7778 0.7809
9854.8889 12628.7778 0.7804
9848.3333 12628.7778 0.7798
9850.1111 12628.7778 0.78
9853.4444 12628.7778 0.7802
9857.3333 12628.7778 0.7805
9837.3333 12628.7778 0.779
9806.8889 12628.7778 0.7766
9799 12628.7778 0.7759
9797.8889 12628.7778 0.7758
9815 12628.7778 0.7772
9892.2222 12628.7778 0.7833
9890.5556 12628.7778 0.7832
9889.5556 12628.7778 0.7831
9891.2222 12628.7778 0.7832
9886.2222 12628.7778 0.7828
9884.8889 12628.7778 0.7827
9883.7778 12628.7778 0.7826
9882.1111 12628.7778 0.7825
9879.6667 12628.7778 0.7823
9883.6667 12628.7778 0.7826
9886.2222 12628.7778 0.7828
9883.2222 12628.7778 0.7826
9881.8889 12628.7778 0.7825
9875.3333 12628.7778 0.782
9873.1111 12628.7778 0.7818
9874.8889 12628.7778 0.7819
9876.1111 12628.7778 0.782
9866.2222 12628.7778 0.7812
9871.8889 12628.7778 0.7817
9858.5556 12628.7778 0.7806
9833.7778 12628.7778 0.7787
9814.7778 12628.7778 0.7772
9815.6667 12628.7778 0.7772
9850 12628.7778 0.78
9879.7778 12628.7778 0.7823
9880.3333 12628.7778 0.7824
9879.3333 12628.7778 0.7823
9877.4444 12628.7778 0.7821
9877.4444 12628.7778 0.7821
9870.7778 12628.7778 0.7816
9862.8889 12628.7778 0.781
9860.3333 12628.7778 0.7808
9861.8889 12628.7778 0.7809
9860.3333 12628.7778 0.7808
9875.2222 12628.7778 0.782
9883.7778 12628.7778 0.7826
9886.3333 12628.7778 0.7828
9884.6667 12628.7778 0.7827
9884.1111 12628.7778 0.7827
9842.3333 12628.7778 0.7794
9797.3333 12628.7778 0.7758
9774 12628.7778 0.7739
9716.1111 12628.7778 0.7694
9686.5556 12628.7778 0.767
9671 12628.7778 0.7658
9642.6667 12628.7778 0.7635
9642.6667 12628.7778 0.7635
9668.7778 12628.7778 0.7656
9798.4444 12628.7778 0.7759
9848 12628.7778 0.7798
9846.4444 12628.7778 0.7797
9834.1111 12628.7778 0.7787
9842.8889 12628.7778 0.7794
9843.3333 12628.7778 0.7794
9844.6667 12628.7778 0.7795
9851.8889 12628.7778 0.7801
9844.7778 12628.7778 0.7796
9833.4444 12628.7778 0.7787
9846.3333 12628.7778 0.7797
9873.3333 12628.7778 0.7818
9877.3333 12628.7778 0.7821
9858.8889 12628.7778 0.7807
9791.3333 12628.7778 0.7753
9737.3333 12628.7778 0.771
9705.6667 12628.7778 0.7685
9652.1111 12628.7778 0.7643
9630.8889 12628.7778 0.7626
9617.8889 12628.7778 0.7616
9603.3333 12628.7778 0.7604
9578.5556 12628.7778 0.7585
9551.3333 12628.7778 0.7563
9570.2222 12628.7778 0.7578
9608.7778 12628.7778 0.7609
9615 12628.7778 0.7614
9619.5556 12628.7778 0.7617
9633.2222 12628.7778 0.7628
9644.7778 12628.7778 0.7637
9644.8889 12628.7778 0.7637
9631.5556 12628.7778 0.7627
9625 12628.7778 0.7621
9642.1111 12628.7778 0.7635
9678.2222 12628.7778 0.7664
9715.3333 12628.7778 0.7693
9743.1111 12628.7778 0.7715
9759.2222 12628.7778 0.7728
9752.7778 12628.7778 0.7723
9752.5556 12628.7778 0.7722
9755.7778 12628.7778 0.7725
9748.6667 12628.7778 0.7719
9716.4444 12628.7778 0.7694
9663 12628.7778 0.7652
9602.7778 12628.7778 0.7604
9554.5556 12628.7778 0.7566
9543.2222 12628.7778 0.7557
9532.5556 12628.7778 0.7548
9606.4444 12628.7778 0.7607
9680.2222 12628.7778 0.7665
9679 12628.7778 0.7664
9708.1111 12628.7778 0.7687
9737 12628.7778 0.771
9768.1111 12628.7778 0.7735
9771.2222 12628.7778 0.7737
9754.7778 12628.7778 0.7724
9755.6667 12628.7778 0.7725
9771.6667 12628.7778 0.7738
9761.2222 12628.7778 0.7729
9759 12628.7778 0.7728
9776.2222 12628.7778 0.7741
9785 12628.7778 0.7748
9781.6667 12628.7778 0.7746
9775.1111 12628.7778 0.774
9780.3333 12628.7778 0.7744
9781.4444 12628.7778 0.7745
9770.1111 12628.7778 0.7736
9709.7778 12628.7778 0.7689
9666.6667 12628.7778 0.7654
9645.7778 12628.7778 0.7638
9614.4444 12628.7778 0.7613
9562.8889 12628.7778 0.7572
9576.6667 12628.7778 0.7583
9656.1111 12628.7778 0.7646
9702.7778 12628.7778 0.7683
9738 12628.7778 0.7711
9737.6667 12628.7778 0.7711
9734.2222 12628.7778 0.7708
9732.7778 12628.7778 0.7707
9733.6667 12628.7778 0.7708
9732 12628.7778 0.7706
9746.2222 12628.7778 0.7717
9746 12628.7778 0.7717
9745 12628.7778 0.7717
9748.3333 12628.7778 0.7719
9761.7778 12628.7778 0.773
9782.3333 12628.7778 0.7746
9776.6667 12628.7778 0.7742
9777.1111 12628.7778 0.7742
9728.7778 12628.7778 0.7704
9659 12628.7778 0.7648
9561 12628.7778 0.7571
9486.1111 12628.7778 0.7512
9453.6667 12628.7778 0.7486
9450.8889 12628.7778 0.7484
9452.7778 12628.7778 0.7485
9512 12628.7778 0.7532
9582 12628.7778 0.7587
9614.3333 12628.7778 0.7613
9636 12628.7778 0.763
9636.5556 12628.7778 0.7631
9620.6667 12628.7778 0.7618
9631.3333 12628.7778 0.7626
9637.2222 12628.7778 0.7631
9637.1111 12628.7778 0.7631
9638.4444 12628.7778 0.7632
9640.7778 12628.7778 0.7634
9627.4444 12628.7778 0.7623
9639 12628.7778 0.7633
9643.7778 12628.7778 0.7636
9641.1111 12628.7778 0.7634
9641.4444 12628.7778 0.7635
9648.1111 12628.7778 0.764
9569.5556 12628.7778 0.7578
9598.8889 12628.7778 0.7601
9610 12628.7778 0.761
9543.1111 12628.7778 0.7557
9455.1111 12628.7778 0.7487
9457.6667 12628.7778 0.7489
9472.3333 12628.7778 0.7501
9544.6667 12628.7778 0.7558
9582.5556 12628.7778 0.7588
9592.4444 12628.7778 0.7596
9592.6667 12628.7778 0.7596
9580.1111 12628.7778 0.7586
9585.2222 12628.7778 0.759
9578.5556 12628.7778 0.7585
9550.1111 12628.7778 0.7562
9558.5556 12628.7778 0.7569
9572.2222 12628.7778 0.758
9566.7778 12628.7778 0.7575
9522 12628.7778 0.754
9499.5556 12628.7778 0.7522
9495.2222 12628.7778 0.7519
9489.2222 12628.7778 0.7514
9482.7778 12628.7778 0.7509
9485.8889 12628.7778 0.7511
9487.1111 12628.7778 0.7512
9431.5556 12628.7778 0.7468
9330.1111 12628.7778 0.7388
9212.4444 12628.7778 0.7295
9173.1111 12628.7778 0.7264
9188.4444 12628.7778 0.7276
9239.7778 12628.7778 0.7316
9181.3333 12628.7778 0.727
9349.5556 12628.7778 0.7403
9366.4444 12628.7778 0.7417
9365.6667 12628.7778 0.7416
9358.1111 12628.7778 0.741
9178.5556 12628.7778 0.7268
9245.3333 12628.7778 0.7321
9239.8889 12628.7778 0.7317
9230.3333 12628.7778 0.7309
9169.3333 12628.7778 0.7261
9129.3333 12628.7778 0.7229
9144.5556 12628.7778 0.7241
9224.7778 12628.7778 0.7305
9239.1111 12628.7778 0.7316
9261.4444 12628.7778 0.7334
9160.5556 12628.7778 0.7254
9168.1111 12628.7778 0.726
9213.6667 12628.7778 0.7296
9122.2222 12628.7778 0.7223
9076.7778 12628.7778 0.7187
9005.8889 12628.7778 0.7131
8924.4444 12628.7778 0.7067
8897.2222 12628.7778 0.7045
8899.2222 12628.7778 0.7047
8983.8889 12628.7778 0.7114
9051.4444 12628.7778 0.7167
9027.2222 12628.7778 0.7148
8974.6667 12628.7778 0.7107
9029.8889 12628.7778 0.715
9059.4444 12628.7778 0.7174
9011.2222 12628.7778 0.7135
9024.6667 12628.7778 0.7146
8998.1111 12628.7778 0.7125
8876.7778 12628.7778 0.7029
8820.4444 12628.7778 0.6984
8820.1111 12628.7778 0.6984
8872 12628.7778 0.7025
8903.1111 12628.7778 0.705
8910.3333 12628.7778 0.7056
8920.6667 12628.7778 0.7064
8848.8889 12628.7778 0.7007
8809.3333 12628.7778 0.6976
8735.4444 12628.7778 0.6917
8654.1111 12628.7778 0.6853
8554.6667 12628.7778 0.6774
8560.1111 12628.7778 0.6778
8537.8889 12628.7778 0.6761
8537.6667 12628.7778 0.676
8588.2222 12628.7778 0.6801
8613.7778 12628.7778 0.6821
8611 12628.7778 0.6819
8676.8889 12628.7778 0.6871
8708.8889 12628.7778 0.6896
8738.1111 12628.7778 0.6919
8766.5556 12628.7778 0.6942
8790.1111 12628.7778 0.696
8812.2222 12628.7778 0.6978
8846 12628.7778 0.7005
8865 12628.7778 0.702
8869 12628.7778 0.7023
8870.5556 12628.7778 0.7024
8872.1111 12628.7778 0.7025
8871.1111 12628.7778 0.7025
8867.4444 12628.7778 0.7022
8865.8889 12628.7778 0.702
8867.3333 12628.7778 0.7022
8847.6667 12628.7778 0.7006
8824.3333 12628.7778 0.6987
8778.6667 12628.7778 0.6951
8744.5556 12628.7778 0.6924
8736.6667 12628.7778 0.6918
8780 12628.7778 0.6952
8862 12628.7778 0.7017
8905.1111 12628.7778 0.7051
8903.2222 12628.7778 0.705
8901.3333 12628.7778 0.7048
8901.4444 12628.7778 0.7049
8896.5556 12628.7778 0.7045
8902 12628.7778 0.7049
8896 12628.7778 0.7044
8915.2222 12628.7778 0.7059
8935.7778 12628.7778 0.7076
8943.4444 12628.7778 0.7082
8944.6667 12628.7778 0.7083
8944.5556 12628.7778 0.7083
8947.2222 12628.7778 0.7085
8944.2222 12628.7778 0.7082
8941.7778 12628.7778 0.708
8969.2222 12628.7778 0.7102
8981.5556 12628.7778 0.7112
8982.3333 12628.7778 0.7113
9042.7778 12628.7778 0.716
9086.3333 12628.7778 0.7195
9108.4444 12628.7778 0.7212
9086.1111 12628.7778 0.7195
9082 12628.7778 0.7192
9091.6667 12628.7778 0.7199
9093 12628.7778 0.72
9091.4444 12628.7778 0.7199
9086.8889 12628.7778 0.7195
9090.2222 12628.7778 0.7198
9101.3333 12628.7778 0.7207
9130.4444 12628.7778 0.723
9139 12628.7778 0.7237
9143.7778 12628.7778 0.724
9147.8889 12628.7778 0.7244
9167.8889 12628.7778 0.726
9194.6667 12628.7778 0.7281
9224.3333 12628.7778 0.7304
9225.6667 12628.7778 0.7305
9224.5556 12628.7778 0.7304
9226.4444 12628.7778 0.7306
9225.6667 12628.7778 0.7305
9002.3333 12628.7778 0.7128
8988 12628.7778 0.7117
9156.4444 12628.7778 0.725
9103.8889 12628.7778 0.7209
9073.8889 12628.7778 0.7185
9055.8889 12628.7778 0.7171
9075 12628.7778 0.7186
9108 12628.7778 0.7212
9155.2222 12628.7778 0.7249
9176 12628.7778 0.7266
9204.3333 12628.7778 0.7288
9211.8889 12628.7778 0.7294
9200 12628.7778 0.7285
9213.8889 12628.7778 0.7296
9218.7778 12628.7778 0.73
9209.2222 12628.7778 0.7292
9207 12628.7778 0.729
9214.5556 12628.7778 0.7296
9213.3333 12628.7778 0.7296
9214.3333 12628.7778 0.7296
9215.8889 12628.7778 0.7298
9212.1111 12628.7778 0.7295
9208.1111 12628.7778 0.7291
9208.8889 12628.7778 0.7292
9194.8889 12628.7778 0.7281
9160.8889 12628.7778 0.7254
9093.8889 12628.7778 0.7201
9029 12628.7778 0.715
9015.6667 12628.7778 0.7139
9023.3333 12628.7778 0.7145
9056.8889 12628.7778 0.7172
9139 12628.7778 0.7237
9159.7778 12628.7778 0.7253
9209.6667 12628.7778 0.7293
9223.3333 12628.7778 0.7303
9216.2222 12628.7778 0.7298
9217.6667 12628.7778 0.7299
9214.2222 12628.7778 0.7296
9223.7778 12628.7778 0.7304
9224.2222 12628.7778 0.7304
9227.4444 12628.7778 0.7307
9225.5556 12628.7778 0.7305
9228.3333 12628.7778 0.7307
9233.8889 12628.7778 0.7312
9235.1111 12628.7778 0.7313
9233 12628.7778 0.7311
9226.5556 12628.7778 0.7306
9226 12628.7778 0.7306
9229.6667 12628.7778 0.7308
9187.5556 12628.7778 0.7275
9102.2222 12628.7778 0.7208
9085 12628.7778 0.7194
9082.2222 12628.7778 0.7192
9082.5556 12628.7778 0.7192
9162.3333 12628.7778 0.7255
9226.8889 12628.7778 0.7306
9242.3333 12628.7778 0.7318
9250.3333 12628.7778 0.7325
9252.2222 12628.7778 0.7326
9251.4444 12628.7778 0.7326
9251.1111 12628.7778 0.7325
9251.2222 12628.7778 0.7326
9232.3333 12628.7778 0.7311
9242.1111 12628.7778 0.7318
9253.6667 12628.7778 0.7327
9255.6667 12628.7778 0.7329
9257.6667 12628.7778 0.7331
9258.7778 12628.7778 0.7331
9261.3333 12628.7778 0.7334
9192.5556 12628.7778 0.7279
9154.1111 12628.7778 0.7249
9155.7778 12628.7778 0.725
9156.5556 12628.7778 0.7251
9158.6667 12628.7778 0.7252
9133.6667 12628.7778 0.7232
9075.3333 12628.7778 0.7186
9048.7778 12628.7778 0.7165
9028.3333 12628.7778 0.7149
9071.4444 12628.7778 0.7183
9151.3333 12628.7778 0.7246
9195.5556 12628.7778 0.7281
9195.2222 12628.7778 0.7281
9197.2222 12628.7778 0.7283
9195 12628.7778 0.7281
9194.6667 12628.7778 0.7281
9195.5556 12628.7778 0.7281
9170.6667 12628.7778 0.7262
9193.6667 12628.7778 0.728
9231.6667 12628.7778 0.731
9231.2222 12628.7778 0.731
9230.3333 12628.7778 0.7309
9229.1111 12628.7778 0.7308
9230.2222 12628.7778 0.7309
9223.8889 12628.7778 0.7304
9221.6667 12628.7778 0.7302
9224.2222 12628.7778 0.7304
9224.1111 12628.7778 0.7304
9211.2222 12628.7778 0.7294
9111.1111 12628.7778 0.7215
9042.4444 12628.7778 0.716
9015.2222 12628.7778 0.7139
9002.7778 12628.7778 0.7129
9065.6667 12628.7778 0.7179
9160.5556 12628.7778 0.7254
9163.6667 12628.7778 0.7256
9189.6667 12628.7778 0.7277
9186.6667 12628.7778 0.7274
9184.2222 12628.7778 0.7272
9188.2222 12628.7778 0.7276
9190.4444 12628.7778 0.7277
9133 12628.7778 0.7232
9105.2222 12628.7778 0.721
9122.4444 12628.7778 0.7224
9126.2222 12628.7778 0.7227
9133.3333 12628.7778 0.7232
9137.6667 12628.7778 0.7236
9141.3333 12628.7778 0.7238
9138 12628.7778 0.7236
9132.4444 12628.7778 0.7231
9134.7778 12628.7778 0.7233
9156.1111 12628.7778 0.725
9157.4444 12628.7778 0.7251
9140.7778 12628.7778 0.7238
9126.7778 12628.7778 0.7227
9086.5556 12628.7778 0.7195
9064.3333 12628.7778 0.7178
9078 12628.7778 0.7188
9162.5556 12628.7778 0.7255
9225.2222 12628.7778 0.7305
9244.8889 12628.7778 0.732
9250.2222 12628.7778 0.7325
9260 12628.7778 0.7332
9260.5556 12628.7778 0.7333
9259.6667 12628.7778 0.7332
9260.1111 12628.7778 0.7333
9203.8889 12628.7778 0.7288
9263.5556 12628.7778 0.7335
9261.3333 12628.7778 0.7334
9261.7778 12628.7778 0.7334
9278 12628.7778 0.7347
9278.2222 12628.7778 0.7347
9273.4444 12628.7778 0.7343
9270 12628.7778 0.734
9269.8889 12628.7778 0.734
9267.1111 12628.7778 0.7338
9248.7778 12628.7778 0.7324
9180.4444 12628.7778 0.7269
9170 12628.7778 0.7261
9171.5556 12628.7778 0.7262
9171.8889 12628.7778 0.7263
9185 12628.7778 0.7273
9253.1111 12628.7778 0.7327
9303.1111 12628.7778 0.7367
9300.7778 12628.7778 0.7365
9298.5556 12628.7778 0.7363
9291.5556 12628.7778 0.7357
9261.6667 12628.7778 0.7334
9208 12628.7778 0.7291
9199.6667 12628.7778 0.7285
9196.8889 12628.7778 0.7282
9198.3333 12628.7778 0.7284
9149.2222 12628.7778 0.7245
9146 12628.7778 0.7242
9145.4444 12628.7778 0.7242
9146.4444 12628.7778 0.7243
9145.5556 12628.7778 0.7242
9144.7778 12628.7778 0.7241
9161.8889 12628.7778 0.7255
9170 12628.7778 0.7261
9174 12628.7778 0.7264
9173.2222 12628.7778 0.7264
9172.3333 12628.7778 0.7263
9163.4444 12628.7778 0.7256
9118 12628.7778 0.722
9081.1111 12628.7778 0.7191
9082.2222 12628.7778 0.7192
9064.7778 12628.7778 0.7178
9063.4444 12628.7778 0.7177
9064.1111 12628.7778 0.7177
9060.3333 12628.7778 0.7174
9061.6667 12628.7778 0.7175
9079.2222 12628.7778 0.7189
9083.5556 12628.7778 0.7193
9084.4444 12628.7778 0.7193
9081.6667 12628.7778 0.7191
9094.8889 12628.7778 0.7202
9115 12628.7778 0.7218
9121.4444 12628.7778 0.7223
9131.6667 12628.7778 0.7231
9133 12628.7778 0.7232
9136.4444 12628.7778 0.7235
9134.2222 12628.7778 0.7233
9155.7778 12628.7778 0.725
9158.3333 12628.7778 0.7252
9137.1111 12628.7778 0.7235
9072.8889 12628.7778 0.7184
9017 12628.7778 0.714
9051.2222 12628.7778 0.7167
9087 12628.7778 0.7195
9173.5556 12628.7778 0.7264
9285.8889 12628.7778 0.7353
9288.8889 12628.7778 0.7355
9290.7778 12628.7778 0.7357
9289.6667 12628.7778 0.7356
9289.6667 12628.7778 0.7356
9287 12628.7778 0.7354
9284.4444 12628.7778 0.7352
9283.6667 12628.7778 0.7351
9281.5556 12628.7778 0.735
9281.4444 12628.7778 0.7349
9279.7778 12628.7778 0.7348
9285.1111 12628.7778 0.7352
9287.1111 12628.7778 0.7354
9282.8889 12628.7778 0.7351
9276.1111 12628.7778 0.7345
9279.6667 12628.7778 0.7348
9260.8889 12628.7778 0.7333
9234.7778 12628.7778 0.7312
9106.6667 12628.7778 0.7211
9027.3333 12628.7778 0.7148
8981.5556 12628.7778 0.7112
8940.3333 12628.7778 0.7079
8938.6667 12628.7778 0.7078
9047.7778 12628.7778 0.7164
9133.5556 12628.7778 0.7232
9121.7778 12628.7778 0.7223
9120.4444 12628.7778 0.7222
9123 12628.7778 0.7224
9155.7778 12628.7778 0.725
9175.8889 12628.7778 0.7266
9181.8889 12628.7778 0.7271
9161.8889 12628.7778 0.7255
9179.5556 12628.7778 0.7269
9221.5556 12628.7778 0.7302
9266.1111 12628.7778 0.7337
9272 12628.7778 0.7342
9277 12628.7778 0.7346
9276.1111 12628.7778 0.7345
9273.1111 12628.7778 0.7343
9162.7778 12628.7778 0.7255
9156.7778 12628.7778 0.7251
9141.5556 12628.7778 0.7239
9067.6667 12628.7778 0.718
8975.4444 12628.7778 0.7107
8931 12628.7778 0.7072
8925.2222 12628.7778 0.7067
8942.2222 12628.7778 0.7081
9017.4444 12628.7778 0.714
9104.4444 12628.7778 0.7209
9151.2222 12628.7778 0.7246
9200.7778 12628.7778 0.7286
9221.2222 12628.7778 0.7302
9223 12628.7778 0.7303
9218.7778 12628.7778 0.73
9157.7778 12628.7778 0.7252
9088.8889 12628.7778 0.7197
9110.2222 12628.7778 0.7214
9135.5556 12628.7778 0.7234
9164.7778 12628.7778 0.7257
9182.7778 12628.7778 0.7271
9184.8889 12628.7778 0.7273
9185.2222 12628.7778 0.7273
9192.7778 12628.7778 0.7279
9194.8889 12628.7778 0.7281
9193.6667 12628.7778 0.728
9137.4444 12628.7778 0.7235
9029.3333 12628.7778 0.715
8936.8889 12628.7778 0.7077
8861.7778 12628.7778 0.7017
8859.1111 12628.7778 0.7015
8883.8889 12628.7778 0.7035
8923.5556 12628.7778 0.7066
8992.3333 12628.7778 0.7121
9051.5556 12628.7778 0.7167
9121.3333 12628.7778 0.7223
9137.6667 12628.7778 0.7236
9153.3333 12628.7778 0.7248
9151.7778 12628.7778 0.7247
9151.8889 12628.7778 0.7247
9144.4444 12628.7778 0.7241
9148.4444 12628.7778 0.7244
9150.8889 12628.7778 0.7246
9148.4444 12628.7778 0.7244
9145.6667 12628.7778 0.7242
9146.8889 12628.7778 0.7243
9144.2222 12628.7778 0.7241
9137.6667 12628.7778 0.7236
9139.3333 12628.7778 0.7237
9099.8889 12628.7778 0.7206
8993.2222 12628.7778 0.7121