10694 12628.7778 0.8468
10614 12628.7778 0.8405
10570.8889 12628.7778 0.837
10472.3333 12628.7778 0.8292
10394.3333 12628.7778 0.8231
10342.7778 12628.7778 0.819
10338.1111 12628.7778 0.8186
10441.2222 12628.7778 0.8268
10657.4444 12628.7778 0.8439
10735 12628.7778 0.85
10733.8889 12628.7778 0.85
10730.6667 12628.7778 0.8497
10727.3333 12628.7778 0.8494
10724.4444 12628.7778 0.8492
10724.3333 12628.7778 0.8492
10719.5556 12628.7778 0.8488
10742.1111 12628.7778 0.8506
10756.4444 12628.7778 0.8517
10761 12628.7778 0.8521
10760.7778 12628.7778 0.8521
10769.4444 12628.7778 0.8528
10798 12628.7778 0.855
10768.7778 12628.7778 0.8527
10746.5556 12628.7778 0.851
10487.6667 12628.7778 0.8305
10435.3333 12628.7778 0.8263
10412.5556 12628.7778 0.8245
10386 12628.7778 0.8224
10397.1111 12628.7778 0.8233
10383.7778 12628.7778 0.8222
10449.4444 12628.7778 0.8274
10544.1111 12628.7778 0.8349
10722.6667 12628.7778 0.8491
10810.6667 12628.7778 0.856
10838.1111 12628.7778 0.8582
10857.5556 12628.7778 0.8597
10855.4444 12628.7778 0.8596
10873.2222 12628.7778 0.861
10880.1111 12628.7778 0.8615
10884 12628.7778 0.8618
10909.3333 12628.7778 0.8638
10914.7778 12628.7778 0.8643
10920.1111 12628.7778 0.8647
10917.4444 12628.7778 0.8645
10908.6667 12628.7778 0.8638
10915.8889 12628.7778 0.8644
10844.5556 12628.7778 0.8587
10735.8889 12628.7778 0.8501
10620.7778 12628.7778 0.841
10580 12628.7778 0.8378
10559.6667 12628.7778 0.8362
10558.8889 12628.7778 0.8361
10549.5556 12628.7778 0.8354
10495 12628.7778 0.831
10567 12628.7778 0.8367
10756 12628.7778 0.8517
10810.2222 12628.7778 0.856
10843.1111 12628.7778 0.8586
10943.3333 12628.7778 0.8665
10962.7778 12628.7778 0.8681
10956.7778 12628.7778 0.8676
10930.5556 12628.7778 0.8655
10933.5556 12628.7778 0.8658
10930.3333 12628.7778 0.8655
10935.2222 12628.7778 0.8659
10961.3333 12628.7778 0.868
10982.7778 12628.7778 0.8697
10981.1111 12628.7778 0.8695
10978 12628.7778 0.8693
10978.3333 12628.7778 0.8693
10945.5556 12628.7778 0.8667
10881.6667 12628.7778 0.8617
10792.7778 12628.7778 0.8546
10684.1111 12628.7778 0.846
10587.7778 12628.7778 0.8384
10541.8889 12628.7778 0.8348
10531.1111 12628.7778 0.8339
10615 12628.7778 0.8405
10689 12628.7778 0.8464
10739.2222 12628.7778 0.8504
10844.5556 12628.7778 0.8587
10919.4444 12628.7778 0.8646
10954.7778 12628.7778 0.8674
10972.8889 12628.7778 0.8689
10974.4444 12628.7778 0.869
10979.4444 12628.7778 0.8694
10987.1111 12628.7778 0.87
10984 12628.7778 0.8698
10984.1111 12628.7778 0.8698
10982.6667 12628.7778 0.8697
10987.7778 12628.7778 0.8701
10990 12628.7778 0.8702
10987.2222 12628.7778 0.87
10984.1111 12628.7778 0.8698
10990.7778 12628.7778 0.8703
10969.1111 12628.7778 0.8686
10846 12628.7778 0.8588
10777.2222 12628.7778 0.8534
10709.7778 12628.7778 0.848
10582.6667 12628.7778 0.838
10487 12628.7778 0.8304
10508 12628.7778 0.8321
10594 12628.7778 0.8389
10735.3333 12628.7778 0.8501
10836.8889 12628.7778 0.8581
10883.7778 12628.7778 0.8618
10928.6667 12628.7778 0.8654
10965.4444 12628.7778 0.8683
10980.4444 12628.7778 0.8695
10998.3333 12628.7778 0.8709
10999.4444 12628.7778 0.871
10984.7778 12628.7778 0.8698
10891 12628.7778 0.8624
10890.4444 12628.7778 0.8624
10898.3333 12628.7778 0.863
10950 12628.7778 0.8671
11008.7778 12628.7778 0.8717
11014.7778 12628.7778 0.8722
11016.6667 12628.7778 0.8723
11046.8889 12628.7778 0.8747
11009.2222 12628.7778 0.8718
10893.4444 12628.7778 0.8626
10825.8889 12628.7778 0.8572
10778.1111 12628.7778 0.8535
10770.2222 12628.7778 0.8528
10775.3333 12628.7778 0.8532
10825.7778 12628.7778 0.8572
10936 12628.7778 0.866
10990.3333 12628.7778 0.8703
11051.7778 12628.7778 0.8751
11084.1111 12628.7778 0.8777
11085.4444 12628.7778 0.8778
11059.8889 12628.7778 0.8758
11062.8889 12628.7778 0.876
10997.4444 12628.7778 0.8708
10981.4444 12628.7778 0.8696
10982.6667 12628.7778 0.8697
10985.2222 12628.7778 0.8699
10983.3333 12628.7778 0.8697
10980.3333 12628.7778 0.8695
10978.1111 12628.7778 0.8693
10975.8889 12628.7778 0.8691
10981.2222 12628.7778 0.8695
10982.8889 12628.7778 0.8697
10980.7778 12628.7778 0.8695
10970.3333 12628.7778 0.8687
10970.6667 12628.7778 0.8687
10942.2222 12628.7778 0.8665
10929.8889 12628.7778 0.8655
10901.5556 12628.7778 0.8632
10900.7778 12628.7778 0.8632
10927.1111 12628.7778 0.8653
10958.7778 12628.7778 0.8678
10942.5556 12628.7778 0.8665
10936.3333 12628.7778 0.866
10924.6667 12628.7778 0.8651
10914.2222 12628.7778 0.8642
10923.8889 12628.7778 0.865
10917.1111 12628.7778 0.8645
10924 12628.7778 0.865
10929.5556 12628.7778 0.8654
10931 12628.7778 0.8656
10931.3333 12628.7778 0.8656
10932.3333 12628.7778 0.8657
10932.6667 12628.7778 0.8657
10944.3333 12628.7778 0.8666
10943.4444 12628.7778 0.8665
10945.4444 12628.7778 0.8667
10948.5556 12628.7778 0.867
10874.4444 12628.7778 0.8611
10811.2222 12628.7778 0.8561
10769 12628.7778 0.8527
10715.5556 12628.7778 0.8485
10721.8889 12628.7778 0.849
10734.2222 12628.7778 0.85
10799.8889 12628.7778 0.8552
10907.4444 12628.7778 0.8637
10899.2222 12628.7778 0.863
10902.3333 12628.7778 0.8633
10908.1111 12628.7778 0.8638
10908.2222 12628.7778 0.8638
10894.6667 12628.7778 0.8627
10901.6667 12628.7778 0.8632
10916.8889 12628.7778 0.8644
10917.7778 12628.7778 0.8645
10932.5556 12628.7778 0.8657
10936.3333 12628.7778 0.866
10911.6667 12628.7778 0.864
10850.7778 12628.7778 0.8592
10813.4444 12628.7778 0.8563
10817.2222 12628.7778 0.8566
10795.6667 12628.7778 0.8548
10721.4444 12628.7778 0.849
10633.2222 12628.7778 0.842
10617.6667 12628.7778 0.8408
10607.1111 12628.7778 0.8399
10566.8889 12628.7778 0.8367
10548.6667 12628.7778 0.8353
10579.3333 12628.7778 0.8377
10617.2222 12628.7778 0.8407
10709.5556 12628.7778 0.848
10789.6667 12628.7778 0.8544
10853.7778 12628.7778 0.8594
10889.3333 12628.7778 0.8623
10918.4444 12628.7778 0.8646
10938.6667 12628.7778 0.8662
10932.1111 12628.7778 0.8657
10936 12628.7778 0.866
10937.1111 12628.7778 0.866
10907.8889 12628.7778 0.8637
10883 12628.7778 0.8618
10882.6667 12628.7778 0.8617
10877.8889 12628.7778 0.8614
10885.6667 12628.7778 0.862
10885 12628.7778 0.8619
10824.7778 12628.7778 0.8572
10779.4444 12628.7778 0.8536
10763.1111 12628.7778 0.8523
10734.4444 12628.7778 0.85
10661.3333 12628.7778 0.8442
10633.2222 12628.7778 0.842
10654.1111 12628.7778 0.8436
10762.7778 12628.7778 0.8522
10873.5556 12628.7778 0.861
10882.8889 12628.7778 0.8618
10880.7778 12628.7778 0.8616
10881.7778 12628.7778 0.8617
10879.4444 12628.7778 0.8615
10866.8889 12628.7778 0.8605
10868 12628.7778 0.8606
10867.2222 12628.7778 0.8605
10886.4444 12628.7778 0.862
10898.3333 12628.7778 0.863
10901 12628.7778 0.8632
10913.3333 12628.7778 0.8642
10914.2222 12628.7778 0.8642
10920.5556 12628.7778 0.8647
10924.7778 12628.7778 0.8651
10899 12628.7778 0.863
10866.7778 12628.7778 0.8605
10782 12628.7778 0.8538
10684.4444 12628.7778 0.846
10632.4444 12628.7778 0.8419
10603.5556 12628.7778 0.8396
10619 12628.7778 0.8409
10660.5556 12628.7778 0.8441
10754.1111 12628.7778 0.8516
10807.8889 12628.7778 0.8558
10837.3333 12628.7778 0.8581
10860.1111 12628.7778 0.8599
10919.7778 12628.7778 0.8647
10923.4444 12628.7778 0.865
10906.2222 12628.7778 0.8636
10927.8889 12628.7778 0.8653
10929.8889 12628.7778 0.8655
10930.1111 12628.7778 0.8655
10931.1111 12628.7778 0.8656
10930.6667 12628.7778 0.8655
10930.2222 12628.7778 0.8655
10925.3333 12628.7778 0.8651
10915.1111 12628.7778 0.8643
10917.1111 12628.7778 0.8645
10921.4444 12628.7778 0.8648
10900.3333 12628.7778 0.8631
10873.5556 12628.7778 0.861
10855.7778 12628.7778 0.8596
10807.5556 12628.7778 0.8558
10813.2222 12628.7778 0.8562
10811.2222 12628.7778 0.8561
10821.1111 12628.7778 0.8569
10853.5556 12628.7778 0.8594
10870.7778 12628.7778 0.8608
10884 12628.7778 0.8618
10918.6667 12628.7778 0.8646
10910 12628.7778 0.8639
10909.7778 12628.7778 0.8639
10902 12628.7778 0.8633
10896.1111 12628.7778 0.8628
10885.8889 12628.7778 0.862
10883.2222 12628.7778 0.8618
10890.5556 12628.7778 0.8624
10892.4444 12628.7778 0.8625
10898.5556 12628.7778 0.863
10898.6667 12628.7778 0.863
10900.8889 12628.7778 0.8632
10909.4444 12628.7778 0.8639
10914.5556 12628.7778 0.8643
10919.5556 12628.7778 0.8647
10891.2222 12628.7778 0.8624
10744.2222 12628.7778 0.8508
10635.8889 12628.7778 0.8422
10604.8889 12628.7778 0.8397
10557 12628.7778 0.8359
10588.7778 12628.7778 0.8385
10659.1111 12628.7778 0.844
10744.4444 12628.7778 0.8508
10808.3333 12628.7778 0.8558
10854.7778 12628.7778 0.8595
10857.8889 12628.7778 0.8598
10860.7778 12628.7778 0.86
10871.3333 12628.7778 0.8608
10872.3333 12628.7778 0.8609
10868.3333 12628.7778 0.8606
10831.2222 12628.7778 0.8577
10807.5556 12628.7778 0.8558
10802.7778 12628.7778 0.8554
10796.7778 12628.7778 0.8549
10783.4444 12628.7778 0.8539
10774.3333 12628.7778 0.8532
10743 12628.7778 0.8507
10662.4444 12628.7778 0.8443
10633.4444 12628.7778 0.842
10601.8889 12628.7778 0.8395
10564.1111 12628.7778 0.8365
10551.7778 12628.7778 0.8355
10558.5556 12628.7778 0.8361
10571.8889 12628.7778 0.8371
10575.1111 12628.7778 0.8374
10584.1111 12628.7778 0.8381
10635.5556 12628.7778 0.8422
10661.7778 12628.7778 0.8442
10673 12628.7778 0.8451
10663.3333 12628.7778 0.8444
10641.5556 12628.7778 0.8426
10633.1111 12628.7778 0.842
10640.8889 12628.7778 0.8426
10639.7778 12628.7778 0.8425
10638.7778 12628.7778 0.8424
10635.7778 12628.7778 0.8422
10640.8889 12628.7778 0.8426
10650.7778 12628.7778 0.8434
10650.7778 12628.7778 0.8434
10649.2222 12628.7778 0.8433
10653.3333 12628.7778 0.8436
10661.5556 12628.7778 0.8442
10642.1111 12628.7778 0.8427
10564 12628.7778 0.8365
10468.1111 12628.7778 0.8289
10418.8889 12628.7778 0.825
10418.7778 12628.7778 0.825
10437.6667 12628.7778 0.8265
10485 12628.7778 0.8302
10541.5556 12628.7778 0.8347
10598.4444 12628.7778 0.8392
10670.5556 12628.7778 0.8449
10699.4444 12628.7778 0.8472
10704.3333 12628.7778 0.8476
10699.2222 12628.7778 0.8472
10686.3333 12628.7778 0.8462
10691 12628.7778 0.8466
10702.7778 12628.7778 0.8475
10711.6667 12628.7778 0.8482
10706.3333 12628.7778 0.8478
10702.2222 12628.7778 0.8474
10702.2222 12628.7778 0.8474
10699.8889 12628.7778 0.8473
10702.2222 12628.7778 0.8474
10700.7778 12628.7778 0.8473
10703.7778 12628.7778 0.8476
10695.3333 12628.7778 0.8469
10604.8889 12628.7778 0.8397
10475.8889 12628.7778 0.8295
10429.6667 12628.7778 0.8259
10418.1111 12628.7778 0.825
10425.2222 12628.7778 0.8255
10430 12628.7778 0.8259
10432.8889 12628.7778 0.8261
10490.6667 12628.7778 0.8307
10575.3333 12628.7778 0.8374
10583.1111 12628.7778 0.838
10585 12628.7778 0.8382
10597.1111 12628.7778 0.8391
10595.2222 12628.7778 0.839
10600.1111 12628.7778 0.8394
10623.4444 12628.7778 0.8412
10581.1111 12628.7778 0.8379
10563.8889 12628.7778 0.8365
10580.3333 12628.7778 0.8378
10603.3333 12628.7778 0.8396
10605.3333 12628.7778 0.8398
10568.5556 12628.7778 0.8369
10529.5556 12628.7778 0.8338
10537.8889 12628.7778 0.8344
10542 12628.7778 0.8348
10497.7778 12628.7778 0.8313
10450.5556 12628.7778 0.8275
10378.8889 12628.7778 0.8218
10376.7778 12628.7778 0.8217
10375 12628.7778 0.8215
10405.3333 12628.7778 0.8239
10429.6667 12628.7778 0.8259
10430.2222 12628.7778 0.8259
10480.6667 12628.7778 0.8299
10495.1111 12628.7778 0.831
10498.8889 12628.7778 0.8313
10512.1111 12628.7778 0.8324
10537 12628.7778 0.8344
10286.8889 12628.7778 0.8146
10576.6667 12628.7778 0.8375
10588.3333 12628.7778 0.8384
10591.4444 12628.7778 0.8387
10595.1111 12628.7778 0.839
10602.1111 12628.7778 0.8395
10598.8889 12628.7778 0.8393
10566.1111 12628.7778 0.8367
10544.6667 12628.7778 0.835
10554.2222 12628.7778 0.8357
10554.4444 12628.7778 0.8357
10494.8889 12628.7778 0.831
10471 12628.7778 0.8291
10480.1111 12628.7778 0.8299
10464.2222 12628.7778 0.8286
10460 12628.7778 0.8283
10449.4444 12628.7778 0.8274
10452.4444 12628.7778 0.8277
10497.7778 12628.7778 0.8313
10571 12628.7778 0.8371
10627.2222 12628.7778 0.8415
10649.5556 12628.7778 0.8433
10664.1111 12628.7778 0.8444
10637.2222 12628.7778 0.8423
10645 12628.7778 0.8429
10648 12628.7778 0.8432
10654.4444 12628.7778 0.8437
10659.3333 12628.7778 0.8441
10668 12628.7778 0.8447
10676.7778 12628.7778 0.8454
10678.4444 12628.7778 0.8456
10676.6667 12628.7778 0.8454
10677.4444 12628.7778 0.8455
10693.3333 12628.7778 0.8467
10690.2222 12628.7778 0.8465
10617.3333 12628.7778 0.8407
10635 12628.7778 0.8421
10637.6667 12628.7778 0.8423
10637.2222 12628.7778 0.8423
10616.3333 12628.7778 0.8406
10621.7778 12628.7778 0.8411
10647.5556 12628.7778 0.8431
10655 12628.7778 0.8437
10648.8889 12628.7778 0.8432
10640.4444 12628.7778 0.8426
10638 12628.7778 0.8424
10635.3333 12628.7778 0.8422
10637.6667 12628.7778 0.8423
10643.3333 12628.7778 0.8428
10606.7778 12628.7778 0.8399
10585 12628.7778 0.8382
10578.6667 12628.7778 0.8377
10589.5556 12628.7778 0.8385
10633 12628.7778 0.842
10647.4444 12628.7778 0.8431
10652.2222 12628.7778 0.8435
10664.7778 12628.7778 0.8445
10679.7778 12628.7778 0.8457
10686.8889 12628.7778 0.8462
10681.2222 12628.7778 0.8458
10659.8889 12628.7778 0.8441
10623.2222 12628.7778 0.8412
10624.1111 12628.7778 0.8413
10625.2222 12628.7778 0.8413
10658.3333 12628.7778 0.844
10670.8889 12628.7778 0.845
10675.8889 12628.7778 0.8454
10684.5556 12628.7778 0.846
10686.1111 12628.7778 0.8462
10676.1111 12628.7778 0.8454
10691.1111 12628.7778 0.8466
10693.3333 12628.7778 0.8467
10689.5556 12628.7778 0.8464
10688.4444 12628.7778 0.8464
10700.1111 12628.7778 0.8473
10701.2222 12628.7778 0.8474
10699.2222 12628.7778 0.8472
10691.7778 12628.7778 0.8466
10686.7778 12628.7778 0.8462
10681.7778 12628.7778 0.8458
10686.1111 12628.7778 0.8462
10689 12628.7778 0.8464
10694 12628.7778 0.8468
10698.3333 12628.7778 0.8471
10676.4444 12628.7778 0.8454
10638.6667 12628.7778 0.8424
10632.2222 12628.7778 0.8419
10631.6667 12628.7778 0.8419
10663 12628.7778 0.8443
10673.5556 12628.7778 0.8452
10685.8889 12628.7778 0.8462
10683.8889 12628.7778 0.846
10676 12628.7778 0.8454
10661.4444 12628.7778 0.8442
10647.4444 12628.7778 0.8431
10582.2222 12628.7778 0.8379
10575.7778 12628.7778 0.8374
10607.6667 12628.7778 0.84
10614.2222 12628.7778 0.8405
10610.1111 12628.7778 0.8402
10609.6667 12628.7778 0.8401
10610.5556 12628.7778 0.8402
10605.5556 12628.7778 0.8398
10603.3333 12628.7778 0.8396
10603 12628.7778 0.8396
10613.1111 12628.7778 0.8404
10625.4444 12628.7778 0.8414
10581.1111 12628.7778 0.8379
10535.8889 12628.7778 0.8343
10477.5556 12628.7778 0.8297
10458.8889 12628.7778 0.8282
10459 12628.7778 0.8282
10480.8889 12628.7778 0.8299
10503.7778 12628.7778 0.8317
10572.1111 12628.7778 0.8371
10577.1111 12628.7778 0.8375
10541 12628.7778 0.8347
10533.6667 12628.7778 0.8341
10450 12628.7778 0.8275
10303 12628.7778 0.8158
10305.4444 12628.7778 0.816
10311.2222 12628.7778 0.8165
10247.7778 12628.7778 0.8115
10247.6667 12628.7778 0.8115
10250.4444 12628.7778 0.8117
10265.3333 12628.7778 0.8129
10256.5556 12628.7778 0.8122
10249.2222 12628.7778 0.8116
10248.7778 12628.7778 0.8115
10249.5556 12628.7778 0.8116
10247.7778 12628.7778 0.8115
10225.6667 12628.7778 0.8097
10213.8889 12628.7778 0.8088
10208.3333 12628.7778 0.8083
10106.4444 12628.7778 0.8003
10103.6667 12628.7778 0.8001
10129.6667 12628.7778 0.8021
10152.6667 12628.7778 0.8039
10177.7778 12628.7778 0.8059
10215.5556 12628.7778 0.8089
10224.1111 12628.7778 0.8096
10228.6667 12628.7778 0.8099
10228 12628.7778 0.8099
10226.7778 12628.7778 0.8098
10219.6667 12628.7778 0.8092
10211.4444 12628.7778 0.8086
10218.8889 12628.7778 0.8092
10214.4444 12628.7778 0.8088
10210 12628.7778 0.8085
10207.4444 12628.7778 0.8083
10209.5556 12628.7778 0.8084
10213.6667 12628.7778 0.8088
10217.1111 12628.7778 0.809
10222.6667 12628.7778 0.8095
10224.5556 12628.7778 0.8096
10137 12628.7778 0.8027
10145.6667 12628.7778 0.8034
10169.7778 12628.7778 0.8053
10165.4444 12628.7778 0.8049
10186.4444 12628.7778 0.8066
10195.6667 12628.7778 0.8073
10243.2222 12628.7778 0.8111
10252 12628.7778 0.8118
10248.2222 12628.7778 0.8115
10248.6667 12628.7778 0.8115
10245.1111 12628.7778 0.8113
10242 12628.7778 0.811
10351.5556 12628.7778 0.8197
10223.1111 12628.7778 0.8095
10223 12628.7778 0.8095
10228.4444 12628.7778 0.8099
10242.6667 12628.7778 0.8111
10254 12628.7778 0.812
10258.8889 12628.7778 0.8123
10259.4444 12628.7778 0.8124
10260 12628.7778 0.8124
10280.6667 12628.7778 0.8141
10294.2222 12628.7778 0.8151
10325.2222 12628.7778 0.8176
10353 12628.7778 0.8198
10356.2222 12628.7778 0.82
10367.7778 12628.7778 0.821
10381.7778 12628.7778 0.8221
10362.6667 12628.7778 0.8206
10374.3333 12628.7778 0.8215
10392.7778 12628.7778 0.8229
10400.5556 12628.7778 0.8236
10418.4444 12628.7778 0.825
10454.6667 12628.7778 0.8278
10454 12628.7778 0.8278
10370.1111 12628.7778 0.8211
10362.5556 12628.7778 0.8206
10367.5556 12628.7778 0.8209
10387.6667 12628.7778 0.8225
10397.5556 12628.7778 0.8233
10405.6667 12628.7778 0.824
10407.7778 12628.7778 0.8241
10412.1111 12628.7778 0.8245
10416.1111 12628.7778 0.8248
10423.5556 12628.7778 0.8254
10430.1111 12628.7778 0.8259
10466.2222 12628.7778 0.8288
10462.2222 12628.7778 0.8284
10491.8889 12628.7778 0.8308
10501.8889 12628.7778 0.8316
10498.4444 12628.7778 0.8313
10502.2222 12628.7778 0.8316
10509.5556 12628.7778 0.8322
10496.4444 12628.7778 0.8312
10476.8889 12628.7778 0.8296
10495.1111 12628.7778 0.831
10498.6667 12628.7778 0.8313
10523.7778 12628.7778 0.8333
10557.1111 12628.7778 0.836
10564 12628.7778 0.8365
10544.5556 12628.7778 0.835
10553 12628.7778 0.8356
10610.4444 12628.7778 0.8402
10625.8889 12628.7778 0.8414
10630.8889 12628.7778 0.8418
10639.3333 12628.7778 0.8425
10644.1111 12628.7778 0.8428
10573.2222 12628.7778 0.8372
10580.6667 12628.7778 0.8378
10580.1111 12628.7778 0.8378
10579.2222 12628.7778 0.8377
10582.8889 12628.7778 0.838
10589.6667 12628.7778 0.8385
10590.3333 12628.7778 0.8386
10586.2222 12628.7778 0.8383
10582.4444 12628.7778 0.838
10585.7778 12628.7778 0.8382
10587.5556 12628.7778 0.8384
10589.7778 12628.7778 0.8385
10598.5556 12628.7778 0.8392
10611.8889 12628.7778 0.8403
10561.5556 12628.7778 0.8363
10559.1111 12628.7778 0.8361
10553.2222 12628.7778 0.8356
10513.6667 12628.7778 0.8325
10432.3333 12628.7778 0.8261
10434.2222 12628.7778 0.8262
10432.7778 12628.7778 0.8261
10438.2222 12628.7778 0.8265
10442.4444 12628.7778 0.8269
10443.3333 12628.7778 0.8269
10442.2222 12628.7778 0.8269
10439.1111 12628.7778 0.8266
10438.6667 12628.7778 0.8266
10447.6667 12628.7778 0.8273
10452.2222 12628.7778 0.8277
10409.4444 12628.7778 0.8243
10349 12628.7778 0.8195
10330.5556 12628.7778 0.818
10312.6667 12628.7778 0.8166
10310.2222 12628.7778 0.8164
10303.1111 12628.7778 0.8158
10315.2222 12628.7778 0.8168
10312.2222 12628.7778 0.8166
10311.8889 12628.7778 0.8165
10307 12628.7778 0.8162
10306.5556 12628.7778 0.8161
10265 12628.7778 0.8128
10244.1111 12628.7778 0.8112
10258.2222 12628.7778 0.8123
10262.5556 12628.7778 0.8126
10229 12628.7778 0.81
10188.6667 12628.7778 0.8068
10205.8889 12628.7778 0.8081
10210.1111 12628.7778 0.8085
10203.4444 12628.7778 0.808
10195 12628.7778 0.8073
10196.8889 12628.7778 0.8074
10197.3333 12628.7778 0.8075
10169.8889 12628.7778 0.8053
10101 12628.7778 0.7998
10099.7778 12628.7778 0.7997
10141.3333 12628.7778 0.803
10137.4444 12628.7778 0.8027
10152.4444 12628.7778 0.8039
10204.7778 12628.7778 0.8081
10233.8889 12628.7778 0.8104
10270.4444 12628.7778 0.8133
10301.2222 12628.7778 0.8157
10324.8889 12628.7778 0.8176
10322.3333 12628.7778 0.8174
10321.5556 12628.7778 0.8173
10315.4444 12628.7778 0.8168
10306.4444 12628.7778 0.8161
10313.8889 12628.7778 0.8167
10333.1111 12628.7778 0.8182
10356.3333 12628.7778 0.8201
10378.3333 12628.7778 0.8218
10381.2222 12628.7778 0.822
10379.5556 12628.7778 0.8219
10375.5556 12628.7778 0.8216
10377 12628.7778 0.8217
10381.7778 12628.7778 0.8221
10363 12628.7778 0.8206
10359.3333 12628.7778 0.8203
10298.8889 12628.7778 0.8155
10237.7778 12628.7778 0.8107
10227.7778 12628.7778 0.8099
10218.2222 12628.7778 0.8091
10283.1111 12628.7778 0.8143
10302.3333 12628.7778 0.8158
10330.6667 12628.7778 0.818
10377.7778 12628.7778 0.8218
10415.2222 12628.7778 0.8247
10453.1111 12628.7778 0.8277
10511.2222 12628.7778 0.8323
10497.1111 12628.7778 0.8312
10493.4444 12628.7778 0.8309
10534.5556 12628.7778 0.8342
10575 12628.7778 0.8374
10636.4444 12628.7778 0.8422
10653.5556 12628.7778 0.8436
10654.5556 12628.7778 0.8437
10653.1111 12628.7778 0.8436
10659.2222 12628.7778 0.844
10658.6667 12628.7778 0.844
10669.1111 12628.7778 0.8448
10665.5556 12628.7778 0.8445
10622.3333 12628.7778 0.8411
10636.6667 12628.7778 0.8423
10594 12628.7778 0.8389
10592.1111 12628.7778 0.8387
10629.6667 12628.7778 0.8417
10677.3333 12628.7778 0.8455
10740.7778 12628.7778 0.8505
10745.5556 12628.7778 0.8509
10737.5556 12628.7778 0.8502
10732.5556 12628.7778 0.8498
10726.2222 12628.7778 0.8493
10729.3333 12628.7778 0.8496
10719.1111 12628.7778 0.8488
10709.2222 12628.7778 0.848
10713.2222 12628.7778 0.8483
10706.2222 12628.7778 0.8478
10710.7778 12628.7778 0.8481
10729.4444 12628.7778 0.8496
10734.7778 12628.7778 0.85
10731.4444 12628.7778 0.8498
10730.7778 12628.7778 0.8497
10736.5556 12628.7778 0.8502
10743.4444 12628.7778 0.8507
10742.1111 12628.7778 0.8506