10509.6667 12628.7778 0.8322
10457.2222 12628.7778 0.828
10442.1111 12628.7778 0.8269
10425.7778 12628.7778 0.8256
10443 12628.7778 0.8269
10407.1111 12628.7778 0.8241
10476.6667 12628.7778 0.8296
10556 12628.7778 0.8359
10646.5556 12628.7778 0.843
10652.2222 12628.7778 0.8435
10637.6667 12628.7778 0.8423
10653 12628.7778 0.8435
10623.8889 12628.7778 0.8412
10555.2222 12628.7778 0.8358
10542.6667 12628.7778 0.8348
10559.2222 12628.7778 0.8361
10622.1111 12628.7778 0.8411
10681.5556 12628.7778 0.8458
10691.4444 12628.7778 0.8466
10693.1111 12628.7778 0.8467
10688.4444 12628.7778 0.8464
10683 12628.7778 0.8459
10633.7778 12628.7778 0.842
10637.7778 12628.7778 0.8423
10607.7778 12628.7778 0.84
10549.6667 12628.7778 0.8354
10526 12628.7778 0.8335
10488.7778 12628.7778 0.8305
10487.2222 12628.7778 0.8304
10488.3333 12628.7778 0.8305
10518.8889 12628.7778 0.8329
10532.1111 12628.7778 0.834
10558.7778 12628.7778 0.8361
10560.4444 12628.7778 0.8362
10547.2222 12628.7778 0.8352
10537.8889 12628.7778 0.8344
10534.7778 12628.7778 0.8342
10458.4444 12628.7778 0.8281
10395.4444 12628.7778 0.8232
10376.1111 12628.7778 0.8216
10442.1111 12628.7778 0.8269
10459.2222 12628.7778 0.8282
10461.3333 12628.7778 0.8284
10462.5556 12628.7778 0.8285
10460.3333 12628.7778 0.8283
10457.6667 12628.7778 0.8281
10453.8889 12628.7778 0.8278
10442.8889 12628.7778 0.8269
10396.8889 12628.7778 0.8233
10354.7778 12628.7778 0.8199
10344.3333 12628.7778 0.8191
10325.3333 12628.7778 0.8176
10321.2222 12628.7778 0.8173
10350.5556 12628.7778 0.8196
10419.5556 12628.7778 0.8251
10445.7778 12628.7778 0.8271
10444.5556 12628.7778 0.827
10443.7778 12628.7778 0.827
10444.7778 12628.7778 0.8271
10448.3333 12628.7778 0.8273
10447.7778 12628.7778 0.8273
10408.5556 12628.7778 0.8242
10409.4444 12628.7778 0.8243
10428.3333 12628.7778 0.8258
10446.3333 12628.7778 0.8272
10446.6667 12628.7778 0.8272
10450.2222 12628.7778 0.8275
10452.3333 12628.7778 0.8277
10448.7778 12628.7778 0.8274
10440.7778 12628.7778 0.8267
10441.8889 12628.7778 0.8268
10419.6667 12628.7778 0.8251
10299.7778 12628.7778 0.8156
10220.7778 12628.7778 0.8093
10165.2222 12628.7778 0.8049
10177.4444 12628.7778 0.8059
10213.7778 12628.7778 0.8088
10210.2222 12628.7778 0.8085
10303.5556 12628.7778 0.8159
10369.2222 12628.7778 0.8211
10406.6667 12628.7778 0.824
10439.1111 12628.7778 0.8266
10432.7778 12628.7778 0.8261
10432.1111 12628.7778 0.8261
10432.7778 12628.7778 0.8261
10433.8889 12628.7778 0.8262
10439.8889 12628.7778 0.8267
10407.7778 12628.7778 0.8241
10337.3333 12628.7778 0.8186
10351.2222 12628.7778 0.8197
10359.2222 12628.7778 0.8203
10368.1111 12628.7778 0.821
10362.7778 12628.7778 0.8206
10357.8889 12628.7778 0.8202
10362.2222 12628.7778 0.8205
10371.1111 12628.7778 0.8212
10371.1111 12628.7778 0.8212
10357.8889 12628.7778 0.8202
10287.1111 12628.7778 0.8146
10273.8889 12628.7778 0.8135
10260.7778 12628.7778 0.8125
10268.6667 12628.7778 0.8131
10321.2222 12628.7778 0.8173
10378.4444 12628.7778 0.8218
10385.3333 12628.7778 0.8224
10380.5556 12628.7778 0.822
10382.3333 12628.7778 0.8221
10370.5556 12628.7778 0.8212
10360.7778 12628.7778 0.8204
10329.4444 12628.7778 0.8179
10363.2222 12628.7778 0.8206
10375 12628.7778 0.8215
10379.3333 12628.7778 0.8219
10383.4444 12628.7778 0.8222
10385.3333 12628.7778 0.8224
10385.7778 12628.7778 0.8224
10377.5556 12628.7778 0.8217
10376 12628.7778 0.8216
10378.7778 12628.7778 0.8218
10380 12628.7778 0.8219
10379.5556 12628.7778 0.8219
10382.6667 12628.7778 0.8221
10314.4444 12628.7778 0.8167
10251.8889 12628.7778 0.8118
10228.1111 12628.7778 0.8099
10268.7778 12628.7778 0.8131
10356.3333 12628.7778 0.8201
10401.8889 12628.7778 0.8237
10403.7778 12628.7778 0.8238
10397.1111 12628.7778 0.8233
10385.8889 12628.7778 0.8224
10385.1111 12628.7778 0.8223
10376.4444 12628.7778 0.8217
10382.8889 12628.7778 0.8222
10382.1111 12628.7778 0.8221
10385.3333 12628.7778 0.8224
10414.7778 12628.7778 0.8247
10414.2222 12628.7778 0.8246
10412.3333 12628.7778 0.8245
10413.5556 12628.7778 0.8246
10413.4444 12628.7778 0.8246
10410.2222 12628.7778 0.8243
10409.4444 12628.7778 0.8243
10412.1111 12628.7778 0.8245
10405.8889 12628.7778 0.824
10383.4444 12628.7778 0.8222
10329 12628.7778 0.8179
10320.5556 12628.7778 0.8172
10329.3333 12628.7778 0.8179
10346.1111 12628.7778 0.8192
10417 12628.7778 0.8249
10435.8889 12628.7778 0.8264
10435.2222 12628.7778 0.8263
10433.3333 12628.7778 0.8262
10424.8889 12628.7778 0.8255
10422.8889 12628.7778 0.8253
10425 12628.7778 0.8255
10430.4444 12628.7778 0.8259
10430.7778 12628.7778 0.826
10433.6667 12628.7778 0.8262
10407 12628.7778 0.8241
10397.3333 12628.7778 0.8233
10397.4444 12628.7778 0.8233
10398.5556 12628.7778 0.8234
10395.1111 12628.7778 0.8231
10393 12628.7778 0.823
10393.3333 12628.7778 0.823
10396 12628.7778 0.8232
10401.7778 12628.7778 0.8237
10370.3333 12628.7778 0.8212
10339 12628.7778 0.8187
10339.2222 12628.7778 0.8187
10340.4444 12628.7778 0.8188
10343.8889 12628.7778 0.8191
10354.1111 12628.7778 0.8199
10394.5556 12628.7778 0.8231
10394.3333 12628.7778 0.8231
10395 12628.7778 0.8231
10389.1111 12628.7778 0.8227
10379.8889 12628.7778 0.8219
10386.3333 12628.7778 0.8224
10380.2222 12628.7778 0.8219
10389.8889 12628.7778 0.8227
10402.6667 12628.7778 0.8237
10401.1111 12628.7778 0.8236
10410.7778 12628.7778 0.8244
10419.8889 12628.7778 0.8251
10421.2222 12628.7778 0.8252
10418.1111 12628.7778 0.825
10416.2222 12628.7778 0.8248
10415.2222 12628.7778 0.8247
10416 12628.7778 0.8248
10415 12628.7778 0.8247
10404.2222 12628.7778 0.8239
10325.6667 12628.7778 0.8176
10268.5556 12628.7778 0.8131
10266.1111 12628.7778 0.8129
10297.1111 12628.7778 0.8154
10385.1111 12628.7778 0.8223
10442.4444 12628.7778 0.8269
10441.6667 12628.7778 0.8268
10438.2222 12628.7778 0.8265
10432.8889 12628.7778 0.8261
10436.2222 12628.7778 0.8264
10440.5556 12628.7778 0.8267
10446.1111 12628.7778 0.8272
10446.2222 12628.7778 0.8272
10449.1111 12628.7778 0.8274
10462.7778 12628.7778 0.8285
10471.1111 12628.7778 0.8291
10475.1111 12628.7778 0.8295
10474.3333 12628.7778 0.8294
10472.7778 12628.7778 0.8293
10461 12628.7778 0.8283
10372.1111 12628.7778 0.8213
10316.1111 12628.7778 0.8169
10266.5556 12628.7778 0.8129
10255.5556 12628.7778 0.8121
10232.6667 12628.7778 0.8103
10221 12628.7778 0.8093
10214.4444 12628.7778 0.8088
10231.1111 12628.7778 0.8101
10282.1111 12628.7778 0.8142
10325.1111 12628.7778 0.8176
10381.1111 12628.7778 0.822
10387.1111 12628.7778 0.8225
10387.6667 12628.7778 0.8225
10386.5556 12628.7778 0.8225
10398.8889 12628.7778 0.8234
10398 12628.7778 0.8234
10396 12628.7778 0.8232
10384.7778 12628.7778 0.8223
10393.3333 12628.7778 0.823
10394.5556 12628.7778 0.8231
10395.6667 12628.7778 0.8232
10392.7778 12628.7778 0.8229
10391.7778 12628.7778 0.8229
10386.3333 12628.7778 0.8224
10370.3333 12628.7778 0.8212
10323.1111 12628.7778 0.8174
10255.8889 12628.7778 0.8121
10193.2222 12628.7778 0.8071
10158.7778 12628.7778 0.8044
10163.5556 12628.7778 0.8048
10167.4444 12628.7778 0.8051
10187 12628.7778 0.8066
10279.1111 12628.7778 0.8139
10351.8889 12628.7778 0.8197
10399.8889 12628.7778 0.8235
10403.2222 12628.7778 0.8238
10404.8889 12628.7778 0.8239
10401.6667 12628.7778 0.8236
10393.6667 12628.7778 0.823
10383.4444 12628.7778 0.8222
10412.7778 12628.7778 0.8245
10434.7778 12628.7778 0.8263
10429.5556 12628.7778 0.8259
10429.5556 12628.7778 0.8259
10431.3333 12628.7778 0.826
10432.2222 12628.7778 0.8261
10427.3333 12628.7778 0.8257
10424.3333 12628.7778 0.8254
10422.6667 12628.7778 0.8253
10419.3333 12628.7778 0.825
10377.5556 12628.7778 0.8217
10335.5556 12628.7778 0.8184
10285.3333 12628.7778 0.8144
10266.1111 12628.7778 0.8129
10264 12628.7778 0.8127
10263.2222 12628.7778 0.8127
10315.1111 12628.7778 0.8168
10361.3333 12628.7778 0.8205
10404 12628.7778 0.8238
10407 12628.7778 0.8241
10406.3333 12628.7778 0.824
10408 12628.7778 0.8241
10409.6667 12628.7778 0.8243
10394.1111 12628.7778 0.823
10371.6667 12628.7778 0.8213
10356.2222 12628.7778 0.82
10336.5556 12628.7778 0.8185
10362.1111 12628.7778 0.8205
10369.3333 12628.7778 0.8211
10382.8889 12628.7778 0.8222
10380 12628.7778 0.8219
10375.4444 12628.7778 0.8216
10372.8889 12628.7778 0.8214
10338.1111 12628.7778 0.8186
10193 12628.7778 0.8071
10150 12628.7778 0.8037
10159.6667 12628.7778 0.8045
10207.6667 12628.7778 0.8083
10212.6667 12628.7778 0.8087
10220.2222 12628.7778 0.8093
10236.8889 12628.7778 0.8106
10307.4444 12628.7778 0.8162
10380.8889 12628.7778 0.822
10435.4444 12628.7778 0.8263
10444.3333 12628.7778 0.827
10452.2222 12628.7778 0.8277
10463.2222 12628.7778 0.8285
10483.7778 12628.7778 0.8301
10485.4444 12628.7778 0.8303
10488.6667 12628.7778 0.8305
10494.8889 12628.7778 0.831
10496.1111 12628.7778 0.8311
10461.4444 12628.7778 0.8284
10438.3333 12628.7778 0.8266
10433.1111 12628.7778 0.8261
10430.5556 12628.7778 0.8259
10431.2222 12628.7778 0.826
10423.5556 12628.7778 0.8254
10393.5556 12628.7778 0.823
10330 12628.7778 0.818
10286.3333 12628.7778 0.8145
10291.5556 12628.7778 0.8149
10293.6667 12628.7778 0.8151
10298.8889 12628.7778 0.8155
10351.8889 12628.7778 0.8197
10444.3333 12628.7778 0.827
10460.4444 12628.7778 0.8283
10457.8889 12628.7778 0.8281
10444.2222 12628.7778 0.827
10436.6667 12628.7778 0.8264
10442.5556 12628.7778 0.8269
10449.1111 12628.7778 0.8274
10467.5556 12628.7778 0.8289
10486.3333 12628.7778 0.8304
10487.1111 12628.7778 0.8304
10489.2222 12628.7778 0.8306
10490.4444 12628.7778 0.8307
10491.3333 12628.7778 0.8307
10493 12628.7778 0.8309
10487.7778 12628.7778 0.8305
10492.8889 12628.7778 0.8309
10353.7778 12628.7778 0.8199
10316.4444 12628.7778 0.8169
10257 12628.7778 0.8122
10229.6667 12628.7778 0.81
10218.2222 12628.7778 0.8091
10227.3333 12628.7778 0.8098
10259.3333 12628.7778 0.8124
10384.3333 12628.7778 0.8223
10444.7778 12628.7778 0.8271
10464.6667 12628.7778 0.8286
10464.6667 12628.7778 0.8286
10464.1111 12628.7778 0.8286
10481.7778 12628.7778 0.83
10487.5556 12628.7778 0.8304
10492.8889 12628.7778 0.8309
10488.1111 12628.7778 0.8305
10499.5556 12628.7778 0.8314
10505.6667 12628.7778 0.8319
10512.3333 12628.7778 0.8324
10521 12628.7778 0.8331
10524.7778 12628.7778 0.8334
10544.4444 12628.7778 0.835
10547.8889 12628.7778 0.8352
10550.6667 12628.7778 0.8354
10554.8889 12628.7778 0.8358
10549.7778 12628.7778 0.8354
10420.2222 12628.7778 0.8251
10385.4444 12628.7778 0.8224
10395.5556 12628.7778 0.8232
10400.1111 12628.7778 0.8235
10441.7778 12628.7778 0.8268
10538.2222 12628.7778 0.8345
10634.3333 12628.7778 0.8421
10633.5556 12628.7778 0.842
10613.2222 12628.7778 0.8404
10613.1111 12628.7778 0.8404
10611.8889 12628.7778 0.8403
10683.1111 12628.7778 0.8459
10727.5556 12628.7778 0.8495
10713.5556 12628.7778 0.8483
10731.8889 12628.7778 0.8498
10742.8889 12628.7778 0.8507
10740.8889 12628.7778 0.8505
10743.7778 12628.7778 0.8507
10747.1111 12628.7778 0.851
10743.6667 12628.7778 0.8507
10754.6667 12628.7778 0.8516
10772.2222 12628.7778 0.853
10765.8889 12628.7778 0.8525
10651.5556 12628.7778 0.8434
10561.2222 12628.7778 0.8363
10538.6667 12628.7778 0.8345
10540.7778 12628.7778 0.8347
10537.7778 12628.7778 0.8344
10548.2222 12628.7778 0.8353
10609.4444 12628.7778 0.8401
10720.3333 12628.7778 0.8489
10782.6667 12628.7778 0.8538
10788.5556 12628.7778 0.8543
10796.2222 12628.7778 0.8549
10795.8889 12628.7778 0.8549
10797.1111 12628.7778 0.855
10763.5556 12628.7778 0.8523
10761.4444 12628.7778 0.8521
10800.1111 12628.7778 0.8552
10797.6667 12628.7778 0.855
10810.2222 12628.7778 0.856
10813.6667 12628.7778 0.8563
10814.2222 12628.7778 0.8563
10813.1111 12628.7778 0.8562
10812.5556 12628.7778 0.8562
10811.5556 12628.7778 0.8561
10810.7778 12628.7778 0.856
10780.5556 12628.7778 0.8536
10715.5556 12628.7778 0.8485
10689.6667 12628.7778 0.8465
10701.7778 12628.7778 0.8474
10708.2222 12628.7778 0.8479
10710.6667 12628.7778 0.8481
10747.4444 12628.7778 0.851
10800.3333 12628.7778 0.8552
10838.8889 12628.7778 0.8583
10833.5556 12628.7778 0.8578
10823 12628.7778 0.857
10836.3333 12628.7778 0.8581
10855.4444 12628.7778 0.8596
10826.1111 12628.7778 0.8573
10843.4444 12628.7778 0.8586
10862 12628.7778 0.8601
10868.8889 12628.7778 0.8606
10871.6667 12628.7778 0.8609
10855.1111 12628.7778 0.8596
10850.6667 12628.7778 0.8592
10849.4444 12628.7778 0.8591
10844.6667 12628.7778 0.8587
10844.3333 12628.7778 0.8587
10841.4444 12628.7778 0.8585
10809.3333 12628.7778 0.8559
10754.3333 12628.7778 0.8516
10738 12628.7778 0.8503
10711.4444 12628.7778 0.8482
10706.8889 12628.7778 0.8478
10708.1111 12628.7778 0.8479
10729.4444 12628.7778 0.8496
10756.6667 12628.7778 0.8518
10800.8889 12628.7778 0.8553
10833.4444 12628.7778 0.8578
10832.7778 12628.7778 0.8578
10831.1111 12628.7778 0.8577
10829.8889 12628.7778 0.8576
10811.7778 12628.7778 0.8561
10804.5556 12628.7778 0.8556
10809.4444 12628.7778 0.8559
10831.8889 12628.7778 0.8577
10835.7778 12628.7778 0.858
10802.6667 12628.7778 0.8554
10824.2222 12628.7778 0.8571
10832.6667 12628.7778 0.8578
10814.5556 12628.7778 0.8563
10721.8889 12628.7778 0.849
10703.5556 12628.7778 0.8476
10727.7778 12628.7778 0.8495
10757.1111 12628.7778 0.8518
10757 12628.7778 0.8518
10762.3333 12628.7778 0.8522
10775.5556 12628.7778 0.8533
10771.7778 12628.7778 0.853
10762.7778 12628.7778 0.8522
10764.3333 12628.7778 0.8524
10762.2222 12628.7778 0.8522
10762.1111 12628.7778 0.8522
10763.5556 12628.7778 0.8523
10765 12628.7778 0.8524
10771.8889 12628.7778 0.853
10767.7778 12628.7778 0.8526
10773.6667 12628.7778 0.8531
10774.7778 12628.7778 0.8532
10785.6667 12628.7778 0.8541
10788 12628.7778 0.8542
10790.8889 12628.7778 0.8545
10794.7778 12628.7778 0.8548
10756.7778 12628.7778 0.8518
10706.3333 12628.7778 0.8478
10702.8889 12628.7778 0.8475
10718 12628.7778 0.8487
10724.8889 12628.7778 0.8492
10667.3333 12628.7778 0.8447
10648.3333 12628.7778 0.8432
10658.5556 12628.7778 0.844
10549.1111 12628.7778 0.8353
10539.3333 12628.7778 0.8345
10573.7778 12628.7778 0.8373
10642.3333 12628.7778 0.8427
10705.6667 12628.7778 0.8477
10702.7778 12628.7778 0.8475
10701.5556 12628.7778 0.8474
10700.4444 12628.7778 0.8473
10701.1111 12628.7778 0.8474
10697.8889 12628.7778 0.8471
10707 12628.7778 0.8478
10726 12628.7778 0.8493
10751.1111 12628.7778 0.8513
10751.4444 12628.7778 0.8513
10774.5556 12628.7778 0.8532
10782 12628.7778 0.8538
10779.5556 12628.7778 0.8536
10770.6667 12628.7778 0.8529
10773.1111 12628.7778 0.8531
10795.6667 12628.7778 0.8548
10799.1111 12628.7778 0.8551
10795.7778 12628.7778 0.8549
10792.8889 12628.7778 0.8546
10770.8889 12628.7778 0.8529
10761.8889 12628.7778 0.8522
10772.7778 12628.7778 0.853
10817.2222 12628.7778 0.8566
10859.8889 12628.7778 0.8599
10883.3333 12628.7778 0.8618
10894.5556 12628.7778 0.8627
10892.2222 12628.7778 0.8625
10899.3333 12628.7778 0.8631
10871.8889 12628.7778 0.8609
10901.2222 12628.7778 0.8632
10919.1111 12628.7778 0.8646
10923.4444 12628.7778 0.865
10926.7778 12628.7778 0.8652
10932.6667 12628.7778 0.8657
10933.7778 12628.7778 0.8658
10935.6667 12628.7778 0.8659
10932.2222 12628.7778 0.8657
10923.7778 12628.7778 0.865
10924.7778 12628.7778 0.8651
10950 12628.7778 0.8671
10961.5556 12628.7778 0.868
10915.6667 12628.7778 0.8643
10865.3333 12628.7778 0.8604
10865.6667 12628.7778 0.8604
10825.4444 12628.7778 0.8572
10855.8889 12628.7778 0.8596
10922.2222 12628.7778 0.8649
10991.3333 12628.7778 0.8703
11029.5556 12628.7778 0.8734
11027 12628.7778 0.8732
11023.1111 12628.7778 0.8729
11012.7778 12628.7778 0.872
11019.7778 12628.7778 0.8726
10934.5556 12628.7778 0.8658
10932.8889 12628.7778 0.8657
10931.7778 12628.7778 0.8656
10952.6667 12628.7778 0.8673
10956.4444 12628.7778 0.8676
10959.6667 12628.7778 0.8678
10962.8889 12628.7778 0.8681
10959.3333 12628.7778 0.8678
10952 12628.7778 0.8672
10944.5556 12628.7778 0.8666
10898.5556 12628.7778 0.863
10831.8889 12628.7778 0.8577
10711.2222 12628.7778 0.8482
10610 12628.7778 0.8401
10567.5556 12628.7778 0.8368
10539.3333 12628.7778 0.8345
10556.7778 12628.7778 0.8359
10601.7778 12628.7778 0.8395
10689.8889 12628.7778 0.8465
10775.2222 12628.7778 0.8532
10809.8889 12628.7778 0.856
10815.4444 12628.7778 0.8564
10811.7778 12628.7778 0.8561
10813.5556 12628.7778 0.8563
10806.3333 12628.7778 0.8557
10816.1111 12628.7778 0.8565
10814.2222 12628.7778 0.8563
10839.2222 12628.7778 0.8583
10889.3333 12628.7778 0.8623
10880.4444 12628.7778 0.8616
10811.1111 12628.7778 0.8561
10752.3333 12628.7778 0.8514
10705.6667 12628.7778 0.8477
10688.3333 12628.7778 0.8463
10688.2222 12628.7778 0.8463
10691.6667 12628.7778 0.8466
10646.7778 12628.7778 0.8431
10549.7778 12628.7778 0.8354
10444.4444 12628.7778 0.827
10441.8889 12628.7778 0.8268
10440.2222 12628.7778 0.8267
10422.3333 12628.7778 0.8253
10451.1111 12628.7778 0.8276
10566.3333 12628.7778 0.8367
10662.2222 12628.7778 0.8443
10749.3333 12628.7778 0.8512
10805.8889 12628.7778 0.8557
10872.1111 12628.7778 0.8609
10875.5556 12628.7778 0.8612
10873.7778 12628.7778 0.861
10868.3333 12628.7778 0.8606
10903.8889 12628.7778 0.8634
10909.4444 12628.7778 0.8639
10907.7778 12628.7778 0.8637
10863.5556 12628.7778 0.8602
10821.3333 12628.7778 0.8569
10778.4444 12628.7778 0.8535
10771.1111 12628.7778 0.8529
10769.6667 12628.7778 0.8528
10726.6667 12628.7778 0.8494
10611.1111 12628.7778 0.8402
10526.1111 12628.7778 0.8335
10424.6667 12628.7778 0.8255
10392.3333 12628.7778 0.8229
10386.8889 12628.7778 0.8225
10534 12628.7778 0.8341
10695 12628.7778 0.8469
10800.5556 12628.7778 0.8552
10864.3333 12628.7778 0.8603
10872.8889 12628.7778 0.861
10874 12628.7778 0.861
10877 12628.7778 0.8613
10881.3333 12628.7778 0.8616
10900.2222 12628.7778 0.8631
10908 12628.7778 0.8637
10912.8889 12628.7778 0.8641
10908.7778 12628.7778 0.8638
10909.2222 12628.7778 0.8638
10910.7778 12628.7778 0.864
10906.7778 12628.7778 0.8636
10901.7778 12628.7778 0.8632
10899.1111 12628.7778 0.863
10891.3333 12628.7778 0.8624
10825.7778 12628.7778 0.8572
10782.1111 12628.7778 0.8538
10748 12628.7778 0.8511
10696 12628.7778 0.847
10666.6667 12628.7778 0.8446
10700.1111 12628.7778 0.8473
10725.8889 12628.7778 0.8493
10766.1111 12628.7778 0.8525
10790.1111 12628.7778 0.8544
10812.5556 12628.7778 0.8562
10882.3333 12628.7778 0.8617
10926.7778 12628.7778 0.8652
10955.6667 12628.7778 0.8675
10973 12628.7778 0.8689
10994.7778 12628.7778 0.8706
11032.6667 12628.7778 0.8736
11064.6667 12628.7778 0.8761
11113 12628.7778 0.88
11109.1111 12628.7778 0.8797
11109.5556 12628.7778 0.8797
11100.1111 12628.7778 0.879
11054.2222 12628.7778 0.8753
10914.8889 12628.7778 0.8643
10878.4444 12628.7778 0.8614
10853.1111 12628.7778 0.8594
10849.1111 12628.7778 0.8591
10776.1111 12628.7778 0.8533
10683.8889 12628.7778 0.846
10641.3333 12628.7778 0.8426
10644.8889 12628.7778 0.8429
10670.6667 12628.7778 0.8449
10766.3333 12628.7778 0.8525
10914.4444 12628.7778 0.8643
11024.7778 12628.7778 0.873
11101 12628.7778 0.879
11104.2222 12628.7778 0.8793
11119.2222 12628.7778 0.8805
11117.4444 12628.7778 0.8803
11126.3333 12628.7778 0.881
11131.1111 12628.7778 0.8814
11148.7778 12628.7778 0.8828
11161.4444 12628.7778 0.8838
11166.4444 12628.7778 0.8842
11168.6667 12628.7778 0.8844
11150.2222 12628.7778 0.8829
11096 12628.7778 0.8786
11051.8889 12628.7778 0.8751
11052 12628.7778 0.8751
11053.1111 12628.7778 0.8752
11020.5556 12628.7778 0.8727
10980.7778 12628.7778 0.8695
10955.5556 12628.7778 0.8675
10954.1111 12628.7778 0.8674
11004.2222 12628.7778 0.8714
11019.8889 12628.7778 0.8726
11019.8889 12628.7778 0.8726
11040.6667 12628.7778 0.8742
11059.1111 12628.7778 0.8757
11085.7778 12628.7778 0.8778
11116 12628.7778 0.8802
11131.5556 12628.7778 0.8814
11117 12628.7778 0.8803
11133.8889 12628.7778 0.8816
11153.6667 12628.7778 0.8832
11154.5556 12628.7778 0.8833
11158.3333 12628.7778 0.8836
11168.4444 12628.7778 0.8844
11185.7778 12628.7778 0.8857
11179.8889 12628.7778 0.8853
11171.3333 12628.7778 0.8846
11174.3333 12628.7778 0.8848
11168.7778 12628.7778 0.8844
11149.8889 12628.7778 0.8829
11149.2222 12628.7778 0.8828
11098.2222 12628.7778 0.8788
11095.8889 12628.7778 0.8786
11102.5556 12628.7778 0.8791
11104.8889 12628.7778 0.8793
11126.2222 12628.7778 0.881
11143.6667 12628.7778 0.8824
11151.7778 12628.7778 0.883
11170.2222 12628.7778 0.8845
11176.7778 12628.7778 0.885
11167.1111 12628.7778 0.8843
11177.1111 12628.7778 0.8851
11169.1111 12628.7778 0.8844
11179.5556 12628.7778 0.8852
11185 12628.7778 0.8857
11107.5556 12628.7778 0.8795
11105.2222 12628.7778 0.8794
11106.5556 12628.7778 0.8795
11108.7778 12628.7778 0.8796
11102.8889 12628.7778 0.8792
11103 12628.7778 0.8792
11101.8889 12628.7778 0.8791
11104 12628.7778 0.8793
11081.3333 12628.7778 0.8775
11046 12628.7778 0.8747
11017.8889 12628.7778 0.8724
10954.6667 12628.7778 0.8674
10931.6667 12628.7778 0.8656
10995.5556 12628.7778 0.8707
11071.5556 12628.7778 0.8767
11085.6667 12628.7778 0.8778
11120.6667 12628.7778 0.8806
11144.4444 12628.7778 0.8825
11148.4444 12628.7778 0.8828
11151.2222 12628.7778 0.883
11137.2222 12628.7778 0.8819
11151.4444 12628.7778 0.883
11151.3333 12628.7778 0.883
11153.8889 12628.7778 0.8832
11150.4444 12628.7778 0.8829
11157.7778 12628.7778 0.8835
11170.6667 12628.7778 0.8845
11172.7778 12628.7778 0.8847
11164.4444 12628.7778 0.884
11167.7778 12628.7778 0.8843
11176.2222 12628.7778 0.885
11179.2222 12628.7778 0.8852