1332.2222 15079.7778 0.0883
1250.5556 15079.7778 0.0829
1251.5556 15079.7778 0.083
1332.2222 15079.7778 0.0883
1436.2222 15079.7778 0.0952
1593.1111 15079.7778 0.1056
1742.3333 15079.7778 0.1155
2060.5556 15079.7778 0.1366
2328.5556 15079.7778 0.1544
2583.3333 15079.7778 0.1713
2706.6667 15079.7778 0.1795
2873.4444 15079.7778 0.1905
2897.2222 15079.7778 0.1921
2912.7778 15079.7778 0.1932
3044.7778 15079.7778 0.2019
3159.3333 15079.7778 0.2095
3226.8889 15079.7778 0.214
3250.3333 15079.7778 0.2155
3027.5556 15079.7778 0.2008
2802.4444 15079.7778 0.1858
2686.7778 15079.7778 0.1782
2402.8889 15079.7778 0.1593
1912.3333 15079.7778 0.1268
1498.1111 15079.7778 0.0993
1306.7778 15079.7778 0.0867
1196 15079.7778 0.0793
1240.8889 15079.7778 0.0823
1347.7778 15079.7778 0.0894
1478 15079.7778 0.098
1644.5556 15079.7778 0.1091
1842.5556 15079.7778 0.1222
2030.4444 15079.7778 0.1346
2188.8889 15079.7778 0.1452
2591.1111 15079.7778 0.1718
2787.7778 15079.7778 0.1849
2964.3333 15079.7778 0.1966
3058.1111 15079.7778 0.2028
3102.2222 15079.7778 0.2057
3179.3333 15079.7778 0.2108
3141.8889 15079.7778 0.2084
3013.7778 15079.7778 0.1999
2949.1111 15079.7778 0.1956
2916 15079.7778 0.1934
2653.2222 15079.7778 0.1759
2485 15079.7778 0.1648
2262.5556 15079.7778 0.15
2052.2222 15079.7778 0.1361
1453.4444 15079.7778 0.0964
1226 15079.7778 0.0813
1144 15079.7778 0.0759
1154.6667 15079.7778 0.0766
1223.3333 15079.7778 0.0811
1313.6667 15079.7778 0.0871
1434.3333 15079.7778 0.0951
1625.6667 15079.7778 0.1078
1859.7778 15079.7778 0.1233
2048.3333 15079.7778 0.1358
2355.7778 15079.7778 0.1562
2509.4444 15079.7778 0.1664
2717.7778 15079.7778 0.1802
2840.5556 15079.7778 0.1884
2863.4444 15079.7778 0.1899
3044 15079.7778 0.2019
3061.2222 15079.7778 0.203
3236.5556 15079.7778 0.2146
3285.3333 15079.7778 0.2179
3154.8889 15079.7778 0.2092
2926.6667 15079.7778 0.1941
2716.3333 15079.7778 0.1801
2577.4444 15079.7778 0.1709
1962.6667 15079.7778 0.1302
1508.2222 15079.7778 0.1
1174 15079.7778 0.0779
1100.2222 15079.7778 0.073
1115.4444 15079.7778 0.074
1253.8889 15079.7778 0.0832
1429.2222 15079.7778 0.0948
1677.6667 15079.7778 0.1113
2001.7778 15079.7778 0.1327
2317.3333 15079.7778 0.1537
2677.3333 15079.7778 0.1775
3134.8889 15079.7778 0.2079
3730.7778 15079.7778 0.2474
3919.1111 15079.7778 0.2599
4189.7778 15079.7778 0.2778
4245.4444 15079.7778 0.2815
4277.4444 15079.7778 0.2837
4265.6667 15079.7778 0.2829
4166 15079.7778 0.2763
4032 15079.7778 0.2674
3847.3333 15079.7778 0.2551
3537.8889 15079.7778 0.2346
3514 15079.7778 0.233
3221.7778 15079.7778 0.2136
2540.1111 15079.7778 0.1684
1996.8889 15079.7778 0.1324
1595.6667 15079.7778 0.1058
1467.1111 15079.7778 0.0973
1417.5556 15079.7778 0.094
1600.3333 15079.7778 0.1061
1878 15079.7778 0.1245
2255.6667 15079.7778 0.1496
2730.1111 15079.7778 0.181
3270.4444 15079.7778 0.2169
3843.3333 15079.7778 0.2549
4227.6667 15079.7778 0.2804
4564.7778 15079.7778 0.3027
4684.3333 15079.7778 0.3106
4882.2222 15079.7778 0.3238
5073.3333 15079.7778 0.3364
5189.3333 15079.7778 0.3441
5343.1111 15079.7778 0.3543
5311.1111 15079.7778 0.3522
5274.5556 15079.7778 0.3498
5323.3333 15079.7778 0.353
5184.7778 15079.7778 0.3438
4841.4444 15079.7778 0.3211
4254.1111 15079.7778 0.2821
3362 15079.7778 0.2229
2621.4444 15079.7778 0.1738
1885.8889 15079.7778 0.1251
1628.5556 15079.7778 0.108
1566.2222 15079.7778 0.1039
1658.4444 15079.7778 0.11
1901.6667 15079.7778 0.1261
2208.3333 15079.7778 0.1464
2736.3333 15079.7778 0.1815
3374.7778 15079.7778 0.2238
3903.5556 15079.7778 0.2589
4318.6667 15079.7778 0.2864
4606.5556 15079.7778 0.3055
5051.8889 15079.7778 0.335
5472.4444 15079.7778 0.3629
5622.6667 15079.7778 0.3729
5680.7778 15079.7778 0.3767
5818.7778 15079.7778 0.3859
5985.2222 15079.7778 0.3969
6022.5556 15079.7778 0.3994
5895.8889 15079.7778 0.391
5659.6667 15079.7778 0.3753
5396.6667 15079.7778 0.3579
4556 15079.7778 0.3021
3346 15079.7778 0.2219
2562.7778 15079.7778 0.1699
2105.7778 15079.7778 0.1396
1910.3333 15079.7778 0.1267
1889.3333 15079.7778 0.1253
1991.3333 15079.7778 0.1321
2145.8889 15079.7778 0.1423
2479.7778 15079.7778 0.1644
2968.5556 15079.7778 0.1969
3654.3333 15079.7778 0.2423
4210.7778 15079.7778 0.2792
4686.1111 15079.7778 0.3108
4957.4444 15079.7778 0.3287
5329.2222 15079.7778 0.3534
5556 15079.7778 0.3684
5754.5556 15079.7778 0.3816
5939.4444 15079.7778 0.3939
6142.5556 15079.7778 0.4073
5877.5556 15079.7778 0.3898
5639.1111 15079.7778 0.374
5345 15079.7778 0.3544
5081.6667 15079.7778 0.337
5121.6667 15079.7778 0.3396
4489.7778 15079.7778 0.2977
3461.3333 15079.7778 0.2295
2653.6667 15079.7778 0.176
2150 15079.7778 0.1426
1734.6667 15079.7778 0.115
1704.3333 15079.7778 0.113
1900.4444 15079.7778 0.126
2217.6667 15079.7778 0.1471
2654.3333 15079.7778 0.176
3049.5556 15079.7778 0.2022
3708.1111 15079.7778 0.2459
4174 15079.7778 0.2768
4607.7778 15079.7778 0.3056
4983.7778 15079.7778 0.3305
5273.7778 15079.7778 0.3497
5431.4444 15079.7778 0.3602
5442.6667 15079.7778 0.3609
5460.5556 15079.7778 0.3621
5510 15079.7778 0.3654
5564.2222 15079.7778 0.369
5252.2222 15079.7778 0.3483
5002 15079.7778 0.3317
4780.3333 15079.7778 0.317
4557.8889 15079.7778 0.3023
4039.7778 15079.7778 0.2679
3191 15079.7778 0.2116
2290.3333 15079.7778 0.1519
1787.7778 15079.7778 0.1186
1631.2222 15079.7778 0.1082
1639.7778 15079.7778 0.1087
1709.4444 15079.7778 0.1134
1963.5556 15079.7778 0.1302
2390.5556 15079.7778 0.1585
2794.3333 15079.7778 0.1853
3011.5556 15079.7778 0.1997
3264.4444 15079.7778 0.2165
3647.7778 15079.7778 0.2419
4013.5556 15079.7778 0.2662
4258.2222 15079.7778 0.2824
4450.4444 15079.7778 0.2951
4409.7778 15079.7778 0.2924
4429.5556 15079.7778 0.2937
4536 15079.7778 0.3008
4752.3333 15079.7778 0.3151
4763.3333 15079.7778 0.3159
4376.8889 15079.7778 0.2902
4134.8889 15079.7778 0.2742
4030.6667 15079.7778 0.2673
3434.6667 15079.7778 0.2278
2611.3333 15079.7778 0.1732
2061.3333 15079.7778 0.1367
1618.6667 15079.7778 0.1073
1534.8889 15079.7778 0.1018
1524.2222 15079.7778 0.1011
1573.5556 15079.7778 0.1043
1694.3333 15079.7778 0.1124
1907.3333 15079.7778 0.1265
2193.7778 15079.7778 0.1455
2621.3333 15079.7778 0.1738
2979.5556 15079.7778 0.1976
3428.2222 15079.7778 0.2273
3969.5556 15079.7778 0.2632
4294.3333 15079.7778 0.2848
4449.3333 15079.7778 0.2951
4610.3333 15079.7778 0.3057
4688.7778 15079.7778 0.3109
4829 15079.7778 0.3202
4685.5556 15079.7778 0.3107
4626.1111 15079.7778 0.3068
4451.7778 15079.7778 0.2952
4284.7778 15079.7778 0.2841
3980.6667 15079.7778 0.264
3361.6667 15079.7778 0.2229
2643.1111 15079.7778 0.1753
2094.2222 15079.7778 0.1389
1695.7778 15079.7778 0.1125
1603.7778 15079.7778 0.1064
1584.6667 15079.7778 0.1051
1708.7778 15079.7778 0.1133
2050.1111 15079.7778 0.136
2442.5556 15079.7778 0.162
2784.4444 15079.7778 0.1846
3223.4444 15079.7778 0.2138
3711.4444 15079.7778 0.2461
4181.4444 15079.7778 0.2773
4616.8889 15079.7778 0.3062
4749.1111 15079.7778 0.3149
4822 15079.7778 0.3198
4957.7778 15079.7778 0.3288
5113.3333 15079.7778 0.3391
5190 15079.7778 0.3442
5465.4444 15079.7778 0.3624
5545.7778 15079.7778 0.3678
5341.5556 15079.7778 0.3542
4990.8889 15079.7778 0.331
4828.3333 15079.7778 0.3202
4324.6667 15079.7778 0.2868
3378.6667 15079.7778 0.2241
2615.3333 15079.7778 0.1734
1873.1111 15079.7778 0.1242
1447.4444 15079.7778 0.096
1403.8889 15079.7778 0.0931
1507.8889 15079.7778 0.1
1885.1111 15079.7778 0.125
2383.3333 15079.7778 0.158
2921.3333 15079.7778 0.1937
3515.5556 15079.7778 0.2331
3876 15079.7778 0.257
4507.3333 15079.7778 0.2989
4973 15079.7778 0.3298
5120.5556 15079.7778 0.3396
5436.3333 15079.7778 0.3605
5448.4444 15079.7778 0.3613
5470 15079.7778 0.3627
5678.5556 15079.7778 0.3766
5751.6667 15079.7778 0.3814
5699.2222 15079.7778 0.3779
5396.7778 15079.7778 0.3579
5175.8889 15079.7778 0.3432
5101.3333 15079.7778 0.3383
4272.2222 15079.7778 0.2833
3217.1111 15079.7778 0.2133
2308.7778 15079.7778 0.1531
1760 15079.7778 0.1167
1413.5556 15079.7778 0.0937
1432.2222 15079.7778 0.095
1651.7778 15079.7778 0.1095
2051.6667 15079.7778 0.1361
2508.7778 15079.7778 0.1664
2925.5556 15079.7778 0.194
3435.3333 15079.7778 0.2278
4122.3333 15079.7778 0.2734
4707.3333 15079.7778 0.3122
4877.7778 15079.7778 0.3235
5053.1111 15079.7778 0.3351
5529.2222 15079.7778 0.3667
5618.6667 15079.7778 0.3726
5743 15079.7778 0.3808
5668.7778 15079.7778 0.3759
5680.2222 15079.7778 0.3767
5642.8889 15079.7778 0.3742
5548.4444 15079.7778 0.3679
5223.6667 15079.7778 0.3464
5100.4444 15079.7778 0.3382
4626.7778 15079.7778 0.3068
3925.4444 15079.7778 0.2603
3078.7778 15079.7778 0.2042
2058.3333 15079.7778 0.1365
1787.5556 15079.7778 0.1185
1807.5556 15079.7778 0.1199
1891.6667 15079.7778 0.1254
2305 15079.7778 0.1529
2883.8889 15079.7778 0.1912
3392.7778 15079.7778 0.225
3989.6667 15079.7778 0.2646
4485.5556 15079.7778 0.2975
4940.8889 15079.7778 0.3276
5258.7778 15079.7778 0.3487
5528.6667 15079.7778 0.3666
5646.1111 15079.7778 0.3744
5652.2222 15079.7778 0.3748
5750.8889 15079.7778 0.3814
5763 15079.7778 0.3822
5693 15079.7778 0.3775
5560 15079.7778 0.3687
5409.1111 15079.7778 0.3587
5236.2222 15079.7778 0.3472
5068 15079.7778 0.3361
4482.4444 15079.7778 0.2972
3738.5556 15079.7778 0.2479
2707.7778 15079.7778 0.1796
1915.2222 15079.7778 0.127
1688.5556 15079.7778 0.112
1661 15079.7778 0.1101
1852 15079.7778 0.1228
2185.2222 15079.7778 0.1449
2550.5556 15079.7778 0.1691
3061.8889 15079.7778 0.203
3568.4444 15079.7778 0.2366
4132.4444 15079.7778 0.274
4555.3333 15079.7778 0.3021
5025.3333 15079.7778 0.3332
5327.3333 15079.7778 0.3533
5535.5556 15079.7778 0.3671
5675.8889 15079.7778 0.3764
5629.6667 15079.7778 0.3733
5684.4444 15079.7778 0.377
5664.5556 15079.7778 0.3756
5624.8889 15079.7778 0.373
5566.4444 15079.7778 0.3691
5296 15079.7778 0.3512
5059.6667 15079.7778 0.3355
4540 15079.7778 0.3011
3910.8889 15079.7778 0.2593
2938.2222 15079.7778 0.1948
2237.4444 15079.7778 0.1484
1891.7778 15079.7778 0.1255
1839 15079.7778 0.122
1895.8889 15079.7778 0.1257
2091.3333 15079.7778 0.1387
2466.8889 15079.7778 0.1636
2952.3333 15079.7778 0.1958
3610.8889 15079.7778 0.2395
4108.4444 15079.7778 0.2724
4526.6667 15079.7778 0.3002
5040.1111 15079.7778 0.3342
5261.7778 15079.7778 0.3489
5274.7778 15079.7778 0.3498
5128.5556 15079.7778 0.3401
5353.8889 15079.7778 0.355
5431.5556 15079.7778 0.3602
5633.3333 15079.7778 0.3736
5406 15079.7778 0.3585
5179.3333 15079.7778 0.3435
5022.6667 15079.7778 0.3331
4921 15079.7778 0.3263
4555.3333 15079.7778 0.3021
3817.5556 15079.7778 0.2532
2766.7778 15079.7778 0.1835
2320.1111 15079.7778 0.1539
2095.2222 15079.7778 0.1389
2026 15079.7778 0.1344
2083.6667 15079.7778 0.1382
2276.7778 15079.7778 0.151
2675.4444 15079.7778 0.1774
3114 15079.7778 0.2065
3661.3333 15079.7778 0.2428
3992.7778 15079.7778 0.2648
4464.8889 15079.7778 0.2961
4762.5556 15079.7778 0.3158
4986.2222 15079.7778 0.3307
5259.4444 15079.7778 0.3488
4733.2222 15079.7778 0.3139
5588.6667 15079.7778 0.3706
5559.7778 15079.7778 0.3687
5647.8889 15079.7778 0.3745
5606 15079.7778 0.3718
5540.1111 15079.7778 0.3674
5344.6667 15079.7778 0.3544
5078.4444 15079.7778 0.3368
4515.2222 15079.7778 0.2994
3666.5556 15079.7778 0.2431
2996.1111 15079.7778 0.1987
2511.2222 15079.7778 0.1665
2339.1111 15079.7778 0.1551
2251.8889 15079.7778 0.1493
2232.5556 15079.7778 0.148
2493 15079.7778 0.1653
2945.2222 15079.7778 0.1953
3471.7778 15079.7778 0.2302
4141 15079.7778 0.2746
4616.4444 15079.7778 0.3061
5090.8889 15079.7778 0.3376
5503.1111 15079.7778 0.3649
5721.5556 15079.7778 0.3794
5893 15079.7778 0.3908
5971 15079.7778 0.396
6031.3333 15079.7778 0.4
6098.6667 15079.7778 0.4044
5916.1111 15079.7778 0.3923
5924.7778 15079.7778 0.3929
5918.7778 15079.7778 0.3925
5814.7778 15079.7778 0.3856
5718.2222 15079.7778 0.3792
5110 15079.7778 0.3389
4089.1111 15079.7778 0.2712
3196.8889 15079.7778 0.212
2646.1111 15079.7778 0.1755
2430.5556 15079.7778 0.1612
2385.1111 15079.7778 0.1582
2458.7778 15079.7778 0.1631
2699.5556 15079.7778 0.179
3142.7778 15079.7778 0.2084
3642.4444 15079.7778 0.2415
4266.3333 15079.7778 0.2829
4777.3333 15079.7778 0.3168
5332.4444 15079.7778 0.3536
5757.1111 15079.7778 0.3818
5977.4444 15079.7778 0.3964
6171.3333 15079.7778 0.4092
6151.7778 15079.7778 0.4079
6329.5556 15079.7778 0.4197
6512.3333 15079.7778 0.4319
6535.3333 15079.7778 0.4334
6375.5556 15079.7778 0.4228
6386.8889 15079.7778 0.4235
6271 15079.7778 0.4159
6070.4444 15079.7778 0.4026
5253.2222 15079.7778 0.3484
3915.5556 15079.7778 0.2597
2975.6667 15079.7778 0.1973
2448.2222 15079.7778 0.1624
2143 15079.7778 0.1421
2138.8889 15079.7778 0.1418
2190.7778 15079.7778 0.1453
2575.3333 15079.7778 0.1708
2989.5556 15079.7778 0.1982
3364 15079.7778 0.2231
3769.2222 15079.7778 0.25
4211.3333 15079.7778 0.2793
4705.6667 15079.7778 0.3121
5185.6667 15079.7778 0.3439
5503.8889 15079.7778 0.365
5638.8889 15079.7778 0.3739
5515.4444 15079.7778 0.3658
5538.4444 15079.7778 0.3673
5501 15079.7778 0.3648
5537.2222 15079.7778 0.3672
5505.3333 15079.7778 0.3651
5353.1111 15079.7778 0.355
5205.8889 15079.7778 0.3452
5208.1111 15079.7778 0.3454
4664.2222 15079.7778 0.3093
3419.6667 15079.7778 0.2268
2581.7778 15079.7778 0.1712
1894.4444 15079.7778 0.1256
1664.1111 15079.7778 0.1104
1700.6667 15079.7778 0.1128
1736.1111 15079.7778 0.1151
2100.4444 15079.7778 0.1393
2683.4444 15079.7778 0.1779
3185.1111 15079.7778 0.2112
3764.5556 15079.7778 0.2496
4468.4444 15079.7778 0.2963
5112.6667 15079.7778 0.339
5466 15079.7778 0.3625
5651.7778 15079.7778 0.3748
5786.5556 15079.7778 0.3837
5828.3333 15079.7778 0.3865
5883.4444 15079.7778 0.3902
5896.5556 15079.7778 0.391
5949.2222 15079.7778 0.3945
5920.4444 15079.7778 0.3926
5899.8889 15079.7778 0.3912
5753.5556 15079.7778 0.3815
5701.7778 15079.7778 0.3781
4984.6667 15079.7778 0.3306
3886.8889 15079.7778 0.2578
2697.7778 15079.7778 0.1789
2009.6667 15079.7778 0.1333
1715.1111 15079.7778 0.1137
1754.6667 15079.7778 0.1164
1808.1111 15079.7778 0.1199
2079.4444 15079.7778 0.1379
2532.7778 15079.7778 0.168
3074.7778 15079.7778 0.2039
3723.8889 15079.7778 0.2469
4447.4444 15079.7778 0.2949
5069.7778 15079.7778 0.3362
5417.7778 15079.7778 0.3593
5395.8889 15079.7778 0.3578
5403.7778 15079.7778 0.3583
5490.7778 15079.7778 0.3641
5437.3333 15079.7778 0.3606
5570.4444 15079.7778 0.3694
5544 15079.7778 0.3676
5493.1111 15079.7778 0.3643
5403.5556 15079.7778 0.3583
5427.7778 15079.7778 0.3599
5531.7778 15079.7778 0.3668
4812.5556 15079.7778 0.3191
3876.8889 15079.7778 0.2571
2735.7778 15079.7778 0.1814
2222.5556 15079.7778 0.1474
1949.6667 15079.7778 0.1293
1821.7778 15079.7778 0.1208
1935 15079.7778 0.1283
2350.2222 15079.7778 0.1559
2895.3333 15079.7778 0.192
3501.3333 15079.7778 0.2322
4237.3333 15079.7778 0.281
5029.7778 15079.7778 0.3335
5795.6667 15079.7778 0.3843
6174.7778 15079.7778 0.4095
6280.6667 15079.7778 0.4165
6204.2222 15079.7778 0.4114
6221.7778 15079.7778 0.4126
6217.5556 15079.7778 0.4123
6174.6667 15079.7778 0.4095
6187.8889 15079.7778 0.4103
5937.2222 15079.7778 0.3937
5954.3333 15079.7778 0.3949
5781.5556 15079.7778 0.3834
5823.1111 15079.7778 0.3862
5074.8889 15079.7778 0.3365
3867.8889 15079.7778 0.2565
3016.4444 15079.7778 0.2
2529.6667 15079.7778 0.1678
2171.8889 15079.7778 0.144
2121.8889 15079.7778 0.1407
2254.1111 15079.7778 0.1495
2499.6667 15079.7778 0.1658
2921.8889 15079.7778 0.1938
3445 15079.7778 0.2285
4181.7778 15079.7778 0.2773
4732.1111 15079.7778 0.3138
5137.4444 15079.7778 0.3407
5353.7778 15079.7778 0.355
5519.3333 15079.7778 0.366
5335.7778 15079.7778 0.3538
5821.4444 15079.7778 0.386
5823 15079.7778 0.3861
5926.1111 15079.7778 0.393
6018.4444 15079.7778 0.3991
6027 15079.7778 0.3997
5992.6667 15079.7778 0.3974
5908.7778 15079.7778 0.3918
5838.3333 15079.7778 0.3872
5052.3333 15079.7778 0.335
4114.1111 15079.7778 0.2728
3322.3333 15079.7778 0.2203
2733 15079.7778 0.1812
2240.5556 15079.7778 0.1486
2171 15079.7778 0.144
2201.2222 15079.7778 0.146
2294 15079.7778 0.1521
2537.2222 15079.7778 0.1683
2834.5556 15079.7778 0.188
3403.4444 15079.7778 0.2257
3960.5556 15079.7778 0.2626
4383.3333 15079.7778 0.2907
4735.5556 15079.7778 0.314
5021.3333 15079.7778 0.333
5136.7778 15079.7778 0.3406
5261.2222 15079.7778 0.3489
5288.6667 15079.7778 0.3507
5438.6667 15079.7778 0.3607
5518.7778 15079.7778 0.366
5382.1111 15079.7778 0.3569
5191.2222 15079.7778 0.3443
4922.3333 15079.7778 0.3264
4882 15079.7778 0.3237
4187.3333 15079.7778 0.2777
3137.5556 15079.7778 0.2081
2401.7778 15079.7778 0.1593
2008 15079.7778 0.1332
1808.4444 15079.7778 0.1199
1840 15079.7778 0.122
1891.7778 15079.7778 0.1255
2189.5556 15079.7778 0.1452
2813.5556 15079.7778 0.1866
3414.5556 15079.7778 0.2264
3769.6667 15079.7778 0.25
4144.8889 15079.7778 0.2749
4725.3333 15079.7778 0.3134
5105.4444 15079.7778 0.3386
5225.4444 15079.7778 0.3465
5494.8889 15079.7778 0.3644
5707.5556 15079.7778 0.3785
5832.4444 15079.7778 0.3868
5903.7778 15079.7778 0.3915
5855.1111 15079.7778 0.3883
5768.4444 15079.7778 0.3825
5540.6667 15079.7778 0.3674
5234.7778 15079.7778 0.3471
5181.5556 15079.7778 0.3436
4460.5556 15079.7778 0.2958
3356.1111 15079.7778 0.2226
2337.3333 15079.7778 0.155
1613.2222 15079.7778 0.107
1472.6667 15079.7778 0.0977
1530.6667 15079.7778 0.1015
1714.7778 15079.7778 0.1137
1980.8889 15079.7778 0.1314
2611 15079.7778 0.1731
3304.7778 15079.7778 0.2192
3925.1111 15079.7778 0.2603
4484.8889 15079.7778 0.2974
5008.6667 15079.7778 0.3321
5401.8889 15079.7778 0.3582
5631 15079.7778 0.3734
5553.6667 15079.7778 0.3683
6056.2222 15079.7778 0.4016
6193.8889 15079.7778 0.4107
6028.8889 15079.7778 0.3998
6058.2222 15079.7778 0.4017
5928.6667 15079.7778 0.3932
5710 15079.7778 0.3787
5605.3333 15079.7778 0.3717
5549.5556 15079.7778 0.368
4888.2222 15079.7778 0.3242
3914.2222 15079.7778 0.2596
2749.5556 15079.7778 0.1823
2034.4444 15079.7778 0.1349
1768.4444 15079.7778 0.1173
1756.6667 15079.7778 0.1165
1853.2222 15079.7778 0.1229
2120.2222 15079.7778 0.1406
2699.7778 15079.7778 0.179
3348 15079.7778 0.222
4010.7778 15079.7778 0.266
4500 15079.7778 0.2984
4927.3333 15079.7778 0.3268
5226.5556 15079.7778 0.3466
5464.2222 15079.7778 0.3624
5732.3333 15079.7778 0.3801
5764.5556 15079.7778 0.3823
5649.3333 15079.7778 0.3746
5559.4444 15079.7778 0.3687
5523 15079.7778 0.3663
5482 15079.7778 0.3635
5277.5556 15079.7778 0.35
5166.1111 15079.7778 0.3426
5386.1111 15079.7778 0.3572
4899.2222 15079.7778 0.3249
4067.6667 15079.7778 0.2697
3183 15079.7778 0.2111
2332.2222 15079.7778 0.1547
1898 15079.7778 0.1259
1793.1111 15079.7778 0.1189
1847.7778 15079.7778 0.1225
2093.5556 15079.7778 0.1388
2561 15079.7778 0.1698
3128 15079.7778 0.2074
3789.5556 15079.7778 0.2513
4549.7778 15079.7778 0.3017
5027.5556 15079.7778 0.3334
5430.2222 15079.7778 0.3601
5554.8889 15079.7778 0.3684
5608.7778 15079.7778 0.3719
5614.7778 15079.7778 0.3723
5566.8889 15079.7778 0.3692
5550.5556 15079.7778 0.3681
5534.7778 15079.7778 0.367
5413.4444 15079.7778 0.359
5296.6667 15079.7778 0.3512
5127.3333 15079.7778 0.34
4996.5556 15079.7778 0.3313
4358 15079.7778 0.289
3496.6667 15079.7778 0.2319
2609.6667 15079.7778 0.1731
1981.1111 15079.7778 0.1314
1693 15079.7778 0.1123
1656.6667 15079.7778 0.1099
1743.2222 15079.7778 0.1156
1944.3333 15079.7778 0.1289
2259.5556 15079.7778 0.1498
2870.8889 15079.7778 0.1904
3437.6667 15079.7778 0.228
3918.1111 15079.7778 0.2598
4351.5556 15079.7778 0.2886
4626 15079.7778 0.3068
4734.1111 15079.7778 0.3139
4839 15079.7778 0.3209
4924 15079.7778 0.3265
5016.1111 15079.7778 0.3326
5046.3333 15079.7778 0.3346
5020.4444 15079.7778 0.3329
4959.5556 15079.7778 0.3289
4740.8889 15079.7778 0.3144
4496.5556 15079.7778 0.2982
4575.2222 15079.7778 0.3034
3968.8889 15079.7778 0.2632
3060.4444 15079.7778 0.203
2046.3333 15079.7778 0.1357
1713.8889 15079.7778 0.1137
1547.8889 15079.7778 0.1026
1504.8889 15079.7778 0.0998
1483.7778 15079.7778 0.0984
1584.1111 15079.7778 0.105
1880 15079.7778 0.1247
2379.5556 15079.7778 0.1578
2921.1111 15079.7778 0.1937
3523.7778 15079.7778 0.2337
3895.5556 15079.7778 0.2583
4266.2222 15079.7778 0.2829
4369.5556 15079.7778 0.2898
4640.8889 15079.7778 0.3078
4810 15079.7778 0.319
4810.3333 15079.7778 0.319
4916.3333 15079.7778 0.326
5065.8889 15079.7778 0.3359
5075.7778 15079.7778 0.3366
4796 15079.7778 0.318
4719.2222 15079.7778 0.313
4750.3333 15079.7778 0.315
4005.6667 15079.7778 0.2656
2866.8889 15079.7778 0.1901
2222.7778 15079.7778 0.1474