1244.6667 15079.7778 0.0825
1216.6667 15079.7778 0.0807
1286 15079.7778 0.0853
1370 15079.7778 0.0909
1535 15079.7778 0.1018
1695 15079.7778 0.1124
1809.5556 15079.7778 0.12
1834.7778 15079.7778 0.1217
1875.6667 15079.7778 0.1244
1909.8889 15079.7778 0.1267
1940.4444 15079.7778 0.1287
1927.2222 15079.7778 0.1278
1983 15079.7778 0.1315
1856.1111 15079.7778 0.1231
1770.1111 15079.7778 0.1174
1794.5556 15079.7778 0.119
1914.4444 15079.7778 0.127
2003.3333 15079.7778 0.1328
1997.8889 15079.7778 0.1325
2088.1111 15079.7778 0.1385
2069.5556 15079.7778 0.1372
1815.4444 15079.7778 0.1204
1616.3333 15079.7778 0.1072
1489.3333 15079.7778 0.0988
1286.4444 15079.7778 0.0853
1249.2222 15079.7778 0.0828
1296.4444 15079.7778 0.086
1339.7778 15079.7778 0.0888
1514.4444 15079.7778 0.1004
1736.6667 15079.7778 0.1152
1918.5556 15079.7778 0.1272
2008.6667 15079.7778 0.1332
2038.6667 15079.7778 0.1352
2066.3333 15079.7778 0.137
2108.5556 15079.7778 0.1398
2061.2222 15079.7778 0.1367
2019.6667 15079.7778 0.1339
1954.5556 15079.7778 0.1296
2029.5556 15079.7778 0.1346
2186.3333 15079.7778 0.145
2143.7778 15079.7778 0.1422
2184.5556 15079.7778 0.1449
2217.3333 15079.7778 0.147
2228.2222 15079.7778 0.1478
2177.6667 15079.7778 0.1444
2061.5556 15079.7778 0.1367
1818.7778 15079.7778 0.1206
1463 15079.7778 0.097
1284.5556 15079.7778 0.0852
1251.3333 15079.7778 0.083
1253.3333 15079.7778 0.0831
1450.5556 15079.7778 0.0962
1646.4444 15079.7778 0.1092
1971.4444 15079.7778 0.1307
2263.7778 15079.7778 0.1501
2523 15079.7778 0.1673
2672.1111 15079.7778 0.1772
2844.5556 15079.7778 0.1886
2891 15079.7778 0.1917
2845.1111 15079.7778 0.1887
2831.4444 15079.7778 0.1878
2724.8889 15079.7778 0.1807
2775.5556 15079.7778 0.1841
2791.5556 15079.7778 0.1851
2808.7778 15079.7778 0.1863
2728.3333 15079.7778 0.1809
2718.8889 15079.7778 0.1803
2660.4444 15079.7778 0.1764
2703.1111 15079.7778 0.1793
2370.3333 15079.7778 0.1572
1863.5556 15079.7778 0.1236
1464 15079.7778 0.0971
1271.4444 15079.7778 0.0843
1224.2222 15079.7778 0.0812
1282 15079.7778 0.085
1366.6667 15079.7778 0.0906
1540.8889 15079.7778 0.1022
1798.2222 15079.7778 0.1192
2246 15079.7778 0.1489
2364.6667 15079.7778 0.1568
2420.6667 15079.7778 0.1605
2467.5556 15079.7778 0.1636
2482.7778 15079.7778 0.1646
2525.1111 15079.7778 0.1675
2452.1111 15079.7778 0.1626
2381.5556 15079.7778 0.1579
2389.6667 15079.7778 0.1585
2389.2222 15079.7778 0.1584
2479.5556 15079.7778 0.1644
2370.5556 15079.7778 0.1572
2258.6667 15079.7778 0.1498
2309.8889 15079.7778 0.1532
2404 15079.7778 0.1594
1958.8889 15079.7778 0.1299
1535.2222 15079.7778 0.1018
1379.5556 15079.7778 0.0915
1295 15079.7778 0.0859
1314.2222 15079.7778 0.0872
1401.4444 15079.7778 0.0929
1601.1111 15079.7778 0.1062
1772.2222 15079.7778 0.1175
1997.5556 15079.7778 0.1325
2246.4444 15079.7778 0.149
2296.2222 15079.7778 0.1523
2404.5556 15079.7778 0.1595
2504.3333 15079.7778 0.1661
2465.3333 15079.7778 0.1635
2517.5556 15079.7778 0.1669
2448.3333 15079.7778 0.1624
2298.8889 15079.7778 0.1524
2177 15079.7778 0.1444
2240.2222 15079.7778 0.1486
2318.2222 15079.7778 0.1537
2364.3333 15079.7778 0.1568
2213.2222 15079.7778 0.1468
2233.6667 15079.7778 0.1481
2283.8889 15079.7778 0.1515
1967 15079.7778 0.1304
1603.4444 15079.7778 0.1063
1306.3333 15079.7778 0.0866
1155.5556 15079.7778 0.0766
1132.4444 15079.7778 0.0751
1211.4444 15079.7778 0.0803
1342.4444 15079.7778 0.089
1482.4444 15079.7778 0.0983
1684.4444 15079.7778 0.1117
1889.7778 15079.7778 0.1253
2184.4444 15079.7778 0.1449
2281.6667 15079.7778 0.1513
2373.8889 15079.7778 0.1574
2455.2222 15079.7778 0.1628
2441.3333 15079.7778 0.1619
2510.8889 15079.7778 0.1665
2393.4444 15079.7778 0.1587
2268.3333 15079.7778 0.1504
2255.7778 15079.7778 0.1496
2305 15079.7778 0.1529
2276.4444 15079.7778 0.151
2170.3333 15079.7778 0.1439
2180.5556 15079.7778 0.1446
2166.7778 15079.7778 0.1437
1896.7778 15079.7778 0.1258
1414.5556 15079.7778 0.0938
1236.6667 15079.7778 0.082
1142.2222 15079.7778 0.0757
1165.4444 15079.7778 0.0773
1197.5556 15079.7778 0.0794
1300.5556 15079.7778 0.0862
1446.8889 15079.7778 0.0959
1640 15079.7778 0.1088
1856.3333 15079.7778 0.1231
1936.4444 15079.7778 0.1284
2009.7778 15079.7778 0.1333
2061.3333 15079.7778 0.1367
2062.3333 15079.7778 0.1368
2128.7778 15079.7778 0.1412
2180.4444 15079.7778 0.1446
2171.8889 15079.7778 0.144
2197.5556 15079.7778 0.1457
2218.1111 15079.7778 0.1471
2243.5556 15079.7778 0.1488
2191.3333 15079.7778 0.1453
2150.6667 15079.7778 0.1426
2168.6667 15079.7778 0.1438
2300.4444 15079.7778 0.1526
1687.2222 15079.7778 0.1119
1239.3333 15079.7778 0.0822
1090.7778 15079.7778 0.0723
1036.1111 15079.7778 0.0687
1067.2222 15079.7778 0.0708
1100 15079.7778 0.0729
1176 15079.7778 0.078
1224.6667 15079.7778 0.0812
1330.8889 15079.7778 0.0883
1501.8889 15079.7778 0.0996
1623.7778 15079.7778 0.1077
1810.7778 15079.7778 0.1201
1933.5556 15079.7778 0.1282
2033.7778 15079.7778 0.1349
1985.7778 15079.7778 0.1317
2016.6667 15079.7778 0.1337
1968.3333 15079.7778 0.1305
2090 15079.7778 0.1386
2075.7778 15079.7778 0.1377
2257.8889 15079.7778 0.1497
2289.3333 15079.7778 0.1518
2250.4444 15079.7778 0.1492
2238.8889 15079.7778 0.1485
2332.7778 15079.7778 0.1547
1965.5556 15079.7778 0.1303
1330.7778 15079.7778 0.0882
1150.2222 15079.7778 0.0763
1116.7778 15079.7778 0.0741
1132.8889 15079.7778 0.0751
1154.2222 15079.7778 0.0765
1257.4444 15079.7778 0.0834
1433.4444 15079.7778 0.0951
1626.7778 15079.7778 0.1079
1848.2222 15079.7778 0.1226
2062.4444 15079.7778 0.1368
2206.4444 15079.7778 0.1463
2314.3333 15079.7778 0.1535
2413.2222 15079.7778 0.16
2460.6667 15079.7778 0.1632
2455.4444 15079.7778 0.1628
2519 15079.7778 0.167
2504.2222 15079.7778 0.1661
2454.8889 15079.7778 0.1628
2472.7778 15079.7778 0.164
2438.5556 15079.7778 0.1617
2383.3333 15079.7778 0.158
2181.4444 15079.7778 0.1447
2203.6667 15079.7778 0.1461
1819 15079.7778 0.1206
1368.8889 15079.7778 0.0908
1168.7778 15079.7778 0.0775
1183.1111 15079.7778 0.0785
1204.6667 15079.7778 0.0799
1230.1111 15079.7778 0.0816
1394 15079.7778 0.0924
1629.2222 15079.7778 0.108
2026.3333 15079.7778 0.1344
2303.2222 15079.7778 0.1527
2407.2222 15079.7778 0.1596
2476 15079.7778 0.1642
2614.5556 15079.7778 0.1734
2610.4444 15079.7778 0.1731
2636.6667 15079.7778 0.1748
2754 15079.7778 0.1826
2648.5556 15079.7778 0.1756
2823.6667 15079.7778 0.1872
2819.2222 15079.7778 0.187
2762 15079.7778 0.1832
2608.3333 15079.7778 0.173
2558.3333 15079.7778 0.1697
2474.1111 15079.7778 0.1641
2492.5556 15079.7778 0.1653
1865.2222 15079.7778 0.1237
1534.4444 15079.7778 0.1018
1404.3333 15079.7778 0.0931
1310.1111 15079.7778 0.0869
1291.8889 15079.7778 0.0857
1354.1111 15079.7778 0.0898
1527.8889 15079.7778 0.1013
1759.4444 15079.7778 0.1167
1899.5556 15079.7778 0.126
2081.2222 15079.7778 0.138
2152 15079.7778 0.1427
2144.8889 15079.7778 0.1422
2199.5556 15079.7778 0.1459
2295.4444 15079.7778 0.1522
2322.2222 15079.7778 0.154
2401.2222 15079.7778 0.1592
2346.3333 15079.7778 0.1556
2347.5556 15079.7778 0.1557
2371.4444 15079.7778 0.1573
2303 15079.7778 0.1527
2147 15079.7778 0.1424
1988.5556 15079.7778 0.1319
2015.1111 15079.7778 0.1336
1939.6667 15079.7778 0.1286
1769.6667 15079.7778 0.1174
1453.5556 15079.7778 0.0964
1328.1111 15079.7778 0.0881
1207 15079.7778 0.08
1191.4444 15079.7778 0.079
1237.3333 15079.7778 0.0821
1364.5556 15079.7778 0.0905
1500.7778 15079.7778 0.0995
1737.4444 15079.7778 0.1152
2000.5556 15079.7778 0.1327
2010.3333 15079.7778 0.1333
1991 15079.7778 0.132
2169.4444 15079.7778 0.1439
2308 15079.7778 0.1531
2418.3333 15079.7778 0.1604
2462.7778 15079.7778 0.1633
2404.7778 15079.7778 0.1595
2440.7778 15079.7778 0.1619
2439.1111 15079.7778 0.1617
2394.1111 15079.7778 0.1588
2317.5556 15079.7778 0.1537
2143.8889 15079.7778 0.1422
2141.5556 15079.7778 0.142
2151.5556 15079.7778 0.1427
1864.5556 15079.7778 0.1236
1567 15079.7778 0.1039
1394.7778 15079.7778 0.0925
1257.3333 15079.7778 0.0834
1213.5556 15079.7778 0.0805
1274 15079.7778 0.0845
1466.6667 15079.7778 0.0973
1636.2222 15079.7778 0.1085
1827.5556 15079.7778 0.1212
1983.8889 15079.7778 0.1316
2093.4444 15079.7778 0.1388
2252.1111 15079.7778 0.1493
2378.8889 15079.7778 0.1578
2449.3333 15079.7778 0.1624
2517 15079.7778 0.1669
2485.3333 15079.7778 0.1648
2369.2222 15079.7778 0.1571
2413.8889 15079.7778 0.1601
2435 15079.7778 0.1615
2537.3333 15079.7778 0.1683
2506.4444 15079.7778 0.1662
2451.6667 15079.7778 0.1626
2488.5556 15079.7778 0.165
2501.2222 15079.7778 0.1659
2030.1111 15079.7778 0.1346
1573 15079.7778 0.1043
1387.7778 15079.7778 0.092
1227.4444 15079.7778 0.0814
1178.3333 15079.7778 0.0781
1239.4444 15079.7778 0.0822
1358 15079.7778 0.0901
1418.1111 15079.7778 0.094
1550.6667 15079.7778 0.1028
1788.6667 15079.7778 0.1186
1925.4444 15079.7778 0.1277
2147.6667 15079.7778 0.1424
2353.7778 15079.7778 0.1561
2428 15079.7778 0.161
2424.7778 15079.7778 0.1608
2469.6667 15079.7778 0.1638
2267.8889 15079.7778 0.1504
2177 15079.7778 0.1444
2200.5556 15079.7778 0.1459
2183 15079.7778 0.1448
2213.4444 15079.7778 0.1468
2183.8889 15079.7778 0.1448
2198.4444 15079.7778 0.1458
2124.7778 15079.7778 0.1409
1994.2222 15079.7778 0.1322
1649 15079.7778 0.1094
1457.2222 15079.7778 0.0966
1360.4444 15079.7778 0.0902
1234.4444 15079.7778 0.0819
1163.2222 15079.7778 0.0771
1233.3333 15079.7778 0.0818
1333.6667 15079.7778 0.0884
1455.4444 15079.7778 0.0965
1560.3333 15079.7778 0.1035
1605.4444 15079.7778 0.1065
1715.6667 15079.7778 0.1138
1823.3333 15079.7778 0.1209
1863.2222 15079.7778 0.1236
1914 15079.7778 0.1269
1992 15079.7778 0.1321
2006.3333 15079.7778 0.133
1959.2222 15079.7778 0.1299
1823.6667 15079.7778 0.1209
1813.6667 15079.7778 0.1203
1846.6667 15079.7778 0.1225
1830.3333 15079.7778 0.1214
1826 15079.7778 0.1211
1798 15079.7778 0.1192
1631.8889 15079.7778 0.1082
1353.2222 15079.7778 0.0897
1189.2222 15079.7778 0.0789
1118.8889 15079.7778 0.0742
1106.5556 15079.7778 0.0734
1149.7778 15079.7778 0.0762
1257.7778 15079.7778 0.0834
1412.7778 15079.7778 0.0937
1603.5556 15079.7778 0.1063
1827.6667 15079.7778 0.1212
2016.6667 15079.7778 0.1337
2106.4444 15079.7778 0.1397
2133.1111 15079.7778 0.1415
2090.4444 15079.7778 0.1386
2098 15079.7778 0.1391
2096.1111 15079.7778 0.139
2105.6667 15079.7778 0.1396
2056.8889 15079.7778 0.1364
1982.6667 15079.7778 0.1315
1937.7778 15079.7778 0.1285
2022.3333 15079.7778 0.1341
2039.6667 15079.7778 0.1353
2033.1111 15079.7778 0.1348
2065.5556 15079.7778 0.137
1982 15079.7778 0.1314
1555.4444 15079.7778 0.1031
1240 15079.7778 0.0822
1116.2222 15079.7778 0.074
1144.1111 15079.7778 0.0759
1187.3333 15079.7778 0.0787
1368.6667 15079.7778 0.0908
1563.7778 15079.7778 0.1037
1927 15079.7778 0.1278
2347.3333 15079.7778 0.1557
2509.3333 15079.7778 0.1664
2590.7778 15079.7778 0.1718
2622.8889 15079.7778 0.1739
2700.3333 15079.7778 0.1791
2771.5556 15079.7778 0.1838
2757.3333 15079.7778 0.1828
2624.7778 15079.7778 0.1741
2556.7778 15079.7778 0.1696
2554 15079.7778 0.1694
2552.6667 15079.7778 0.1693
2525.8889 15079.7778 0.1675
2518.3333 15079.7778 0.167
2542.6667 15079.7778 0.1686
2642.5556 15079.7778 0.1752
2217.1111 15079.7778 0.147
1670.4444 15079.7778 0.1108
1443.7778 15079.7778 0.0957
1229.3333 15079.7778 0.0815
1182 15079.7778 0.0784
1201.3333 15079.7778 0.0797
1362.8889 15079.7778 0.0904
1571.3333 15079.7778 0.1042
1859.7778 15079.7778 0.1233
2157 15079.7778 0.143
2308.4444 15079.7778 0.1531
2358.5556 15079.7778 0.1564
2434.3333 15079.7778 0.1614
2338.3333 15079.7778 0.1551
2302.7778 15079.7778 0.1527
2352.6667 15079.7778 0.156
2395.1111 15079.7778 0.1588
2377.3333 15079.7778 0.1577
2369.7778 15079.7778 0.1571
2341.4444 15079.7778 0.1553
2319.5556 15079.7778 0.1538
2196.4444 15079.7778 0.1457
2297.7778 15079.7778 0.1524
2391.1111 15079.7778 0.1586
1934.3333 15079.7778 0.1283
1551.2222 15079.7778 0.1029
1318.8889 15079.7778 0.0875
1179.6667 15079.7778 0.0782
1144.5556 15079.7778 0.0759
1200.4444 15079.7778 0.0796
1390.2222 15079.7778 0.0922
1576 15079.7778 0.1045
1830.6667 15079.7778 0.1214
2016.2222 15079.7778 0.1337
2131.3333 15079.7778 0.1413
2179 15079.7778 0.1445
2419.1111 15079.7778 0.1604
2536.2222 15079.7778 0.1682
2543.1111 15079.7778 0.1686
2483.4444 15079.7778 0.1647
2436.7778 15079.7778 0.1616
2401.4444 15079.7778 0.1592
2427.1111 15079.7778 0.161
2473 15079.7778 0.164
2321.7778 15079.7778 0.154
2106.6667 15079.7778 0.1397
2061.7778 15079.7778 0.1367
2117.7778 15079.7778 0.1404
1794.3333 15079.7778 0.119
1424.7778 15079.7778 0.0945
1186.1111 15079.7778 0.0787
1082.3333 15079.7778 0.0718
1081.4444 15079.7778 0.0717
1156.1111 15079.7778 0.0767
1359.3333 15079.7778 0.0901
1511.7778 15079.7778 0.1003
1629 15079.7778 0.108
1781.5556 15079.7778 0.1181
1969 15079.7778 0.1306
2015.5556 15079.7778 0.1337
1992.1111 15079.7778 0.1321
2009.4444 15079.7778 0.1333
2041.2222 15079.7778 0.1354
2232.5556 15079.7778 0.148
2341.8889 15079.7778 0.1553
2393.4444 15079.7778 0.1587
2401.3333 15079.7778 0.1592
2375.3333 15079.7778 0.1575
2308.6667 15079.7778 0.1531
2303.1111 15079.7778 0.1527
2255.3333 15079.7778 0.1496
2286.1111 15079.7778 0.1516
2145.3333 15079.7778 0.1423
1537.3333 15079.7778 0.1019
1198.2222 15079.7778 0.0795
1015.4444 15079.7778 0.0673
989.7778 15079.7778 0.0656
1067.4444 15079.7778 0.0708
1242.8889 15079.7778 0.0824
1404.7778 15079.7778 0.0932
1564 15079.7778 0.1037
1844.8889 15079.7778 0.1223
2070.5556 15079.7778 0.1373
2178.5556 15079.7778 0.1445
2359.2222 15079.7778 0.1564
2458.6667 15079.7778 0.163
2474.1111 15079.7778 0.1641
2527 15079.7778 0.1676
2605.1111 15079.7778 0.1728
2712.5556 15079.7778 0.1799
2664.1111 15079.7778 0.1767
2584.6667 15079.7778 0.1714
2496.7778 15079.7778 0.1656
2395.1111 15079.7778 0.1588
2289.6667 15079.7778 0.1518
2450 15079.7778 0.1625
1932.7778 15079.7778 0.1282
1511.2222 15079.7778 0.1002
1129.4444 15079.7778 0.0749
983.1111 15079.7778 0.0652
911.5556 15079.7778 0.0604
969.4444 15079.7778 0.0643
1026.5556 15079.7778 0.0681
1162.8889 15079.7778 0.0771
1306.4444 15079.7778 0.0866
1489.8889 15079.7778 0.0988
1643.3333 15079.7778 0.109
1744 15079.7778 0.1157
1916.7778 15079.7778 0.1271
1999.3333 15079.7778 0.1326
2138 15079.7778 0.1418
2157.6667 15079.7778 0.1431
2213.4444 15079.7778 0.1468
2089.1111 15079.7778 0.1385
2192.4444 15079.7778 0.1454
2202.2222 15079.7778 0.146
2171.4444 15079.7778 0.144
2054.2222 15079.7778 0.1362
2106.3333 15079.7778 0.1397
2157.8889 15079.7778 0.1431
1822 15079.7778 0.1208
1468.6667 15079.7778 0.0974
1137.5556 15079.7778 0.0754
941.3333 15079.7778 0.0624
892 15079.7778 0.0592
939.6667 15079.7778 0.0623
992.1111 15079.7778 0.0658
1073.6667 15079.7778 0.0712
1172.4444 15079.7778 0.0777
1363.5556 15079.7778 0.0904
1435.8889 15079.7778 0.0952
1496.8889 15079.7778 0.0993
1616.7778 15079.7778 0.1072
1705.3333 15079.7778 0.1131
1760.4444 15079.7778 0.1167
1828 15079.7778 0.1212
1938.4444 15079.7778 0.1285
2053.5556 15079.7778 0.1362
2098.4444 15079.7778 0.1392
2198.1111 15079.7778 0.1458
2229.7778 15079.7778 0.1479
2142.3333 15079.7778 0.1421
2105.1111 15079.7778 0.1396
2091.5556 15079.7778 0.1387
1812 15079.7778 0.1202
1466.7778 15079.7778 0.0973
1251 15079.7778 0.083
1056.8889 15079.7778 0.0701
997.3333 15079.7778 0.0661
1031.2222 15079.7778 0.0684
1158.5556 15079.7778 0.0768
1258.6667 15079.7778 0.0835
1428.7778 15079.7778 0.0947
1569.5556 15079.7778 0.1041
1683.6667 15079.7778 0.1117
1871.6667 15079.7778 0.1241
2056.7778 15079.7778 0.1364
2191.6667 15079.7778 0.1453
2284 15079.7778 0.1515
2341.8889 15079.7778 0.1553
2389.1111 15079.7778 0.1584
2450 15079.7778 0.1625
2504.3333 15079.7778 0.1661
2539.1111 15079.7778 0.1684
2493.8889 15079.7778 0.1654
2457.8889 15079.7778 0.163
2360 15079.7778 0.1565
2407.2222 15079.7778 0.1596
2159.7778 15079.7778 0.1432
1808.6667 15079.7778 0.1199
1448 15079.7778 0.096
1237.5556 15079.7778 0.0821
1186 15079.7778 0.0786
1223.6667 15079.7778 0.0811
1387.4444 15079.7778 0.092
1545 15079.7778 0.1025
1825.5556 15079.7778 0.1211
2153.5556 15079.7778 0.1428
2464.7778 15079.7778 0.1634
2723.8889 15079.7778 0.1806
2818.7778 15079.7778 0.1869
2931.7778 15079.7778 0.1944
3016.5556 15079.7778 0.2
3093 15079.7778 0.2051
3128.8889 15079.7778 0.2075
3301 15079.7778 0.2189
3320.1111 15079.7778 0.2202
3369.1111 15079.7778 0.2234
3185.8889 15079.7778 0.2113
3075.7778 15079.7778 0.204
3010.8889 15079.7778 0.1997
3030 15079.7778 0.2009
2792.8889 15079.7778 0.1852
2209.7778 15079.7778 0.1465
1776.8889 15079.7778 0.1178
1491.2222 15079.7778 0.0989
1402.4444 15079.7778 0.093
1473.3333 15079.7778 0.0977
1663 15079.7778 0.1103
1833.4444 15079.7778 0.1216
2120 15079.7778 0.1406
2530.1111 15079.7778 0.1678
2914.8889 15079.7778 0.1933
3252.6667 15079.7778 0.2157
3624.8889 15079.7778 0.2404
3827.8889 15079.7778 0.2538
3891.1111 15079.7778 0.258
4011.4444 15079.7778 0.266
4155.7778 15079.7778 0.2756
4197.4444 15079.7778 0.2783
4289.4444 15079.7778 0.2845
4309.1111 15079.7778 0.2858
4326 15079.7778 0.2869
4182.4444 15079.7778 0.2774
3872.1111 15079.7778 0.2568
3752.6667 15079.7778 0.2489
3312.8889 15079.7778 0.2197
2680.6667 15079.7778 0.1778
1930.8889 15079.7778 0.128
1608.7778 15079.7778 0.1067
1513.3333 15079.7778 0.1004
1569.7778 15079.7778 0.1041
1664.2222 15079.7778 0.1104
1811.1111 15079.7778 0.1201
2079 15079.7778 0.1379
2480.2222 15079.7778 0.1645
2774 15079.7778 0.184
2990.2222 15079.7778 0.1983
3201.8889 15079.7778 0.2123
3473 15079.7778 0.2303
3660.2222 15079.7778 0.2427
3705.4444 15079.7778 0.2457
3821 15079.7778 0.2534
3790.6667 15079.7778 0.2514
3903.4444 15079.7778 0.2589
3955 15079.7778 0.2623
4061.7778 15079.7778 0.2694
3824.6667 15079.7778 0.2536
3581.5556 15079.7778 0.2375
3456.6667 15079.7778 0.2292
2942.2222 15079.7778 0.1951
2364.7778 15079.7778 0.1568
1899.2222 15079.7778 0.1259
1573.2222 15079.7778 0.1043
1480.8889 15079.7778 0.0982
1407 15079.7778 0.0933
1497.1111 15079.7778 0.0993
1683.8889 15079.7778 0.1117
2045.2222 15079.7778 0.1356
2347.5556 15079.7778 0.1557
2520 15079.7778 0.1671
2756.6667 15079.7778 0.1828
2927.3333 15079.7778 0.1941
3123.6667 15079.7778 0.2071
3286.7778 15079.7778 0.218
3318.3333 15079.7778 0.2201
3330.2222 15079.7778 0.2208
3442.1111 15079.7778 0.2283
3471.8889 15079.7778 0.2302
3536 15079.7778 0.2345
3516.1111 15079.7778 0.2332
3425.8889 15079.7778 0.2272
3370.1111 15079.7778 0.2235
3272.4444 15079.7778 0.217
2736.3333 15079.7778 0.1815
2064.7778 15079.7778 0.1369
1659.3333 15079.7778 0.11
1423.1111 15079.7778 0.0944
1211.4444 15079.7778 0.0803
1190.4444 15079.7778 0.0789
1264.3333 15079.7778 0.0838
1440.6667 15079.7778 0.0955
1692.3333 15079.7778 0.1122
2136.7778 15079.7778 0.1417
2371.6667 15079.7778 0.1573
2618.4444 15079.7778 0.1736
2966.6667 15079.7778 0.1967
3198.7778 15079.7778 0.2121
3301.1111 15079.7778 0.2189
3415.7778 15079.7778 0.2265
3460.6667 15079.7778 0.2295
3359.8889 15079.7778 0.2228
3425 15079.7778 0.2271
3541.5556 15079.7778 0.2349
3551.8889 15079.7778 0.2355
3392.4444 15079.7778 0.225
3225.2222 15079.7778 0.2139
3345.4444 15079.7778 0.2218
2867.7778 15079.7778 0.1902
2261.6667 15079.7778 0.15
1821.6667 15079.7778 0.1208
1433.7778 15079.7778 0.0951
1278.3333 15079.7778 0.0848
1332.1111 15079.7778 0.0883
1570.2222 15079.7778 0.1041
1837.2222 15079.7778 0.1218
2178.1111 15079.7778 0.1444
2633.4444 15079.7778 0.1746
2955.7778 15079.7778 0.196
3108 15079.7778 0.2061
3352.6667 15079.7778 0.2223
3562.8889 15079.7778 0.2363
3659.8889 15079.7778 0.2427
3772.1111 15079.7778 0.2501
3781.7778 15079.7778 0.2508
4071.8889 15079.7778 0.27
4160.6667 15079.7778 0.2759
4214.5556 15079.7778 0.2795
4030.3333 15079.7778 0.2673
3871.1111 15079.7778 0.2567
3546.2222 15079.7778 0.2352
3572.8889 15079.7778 0.2369
3300.1111 15079.7778 0.2188
2494.1111 15079.7778 0.1654
1822.4444 15079.7778 0.1209
1476.8889 15079.7778 0.0979
1382.2222 15079.7778 0.0917
1366.7778 15079.7778 0.0906
1463 15079.7778 0.097
1698.8889 15079.7778 0.1127
2016.8889 15079.7778 0.1337
2502.6667 15079.7778 0.166
2924.4444 15079.7778 0.1939
3279 15079.7778 0.2174
3529.8889 15079.7778 0.2341
3869 15079.7778 0.2566
3948.1111 15079.7778 0.2618
4098.6667 15079.7778 0.2718
4238.4444 15079.7778 0.2811
4497.4444 15079.7778 0.2982
4583.2222 15079.7778 0.3039
4526 15079.7778 0.3001
4345.5556 15079.7778 0.2882
4211.8889 15079.7778 0.2793
3980 15079.7778 0.2639
3942.1111 15079.7778 0.2614
3497.1111 15079.7778 0.2319
2617.3333 15079.7778 0.1736
2017.1111 15079.7778 0.1338