1549.3333 15079.7778 0.1027
1358.1111 15079.7778 0.0901
1453 15079.7778 0.0964
1590.4444 15079.7778 0.1055
1880.4444 15079.7778 0.1247
2420.3333 15079.7778 0.1605
2999 15079.7778 0.1989
3202.7778 15079.7778 0.2124
3341.8889 15079.7778 0.2216
3679.4444 15079.7778 0.244
3801.6667 15079.7778 0.2521
3836.6667 15079.7778 0.2544
3855.6667 15079.7778 0.2557
3721.1111 15079.7778 0.2468
3672.8889 15079.7778 0.2436
3821.4444 15079.7778 0.2534
3841.8889 15079.7778 0.2548
3621.8889 15079.7778 0.2402
3488.4444 15079.7778 0.2313
3249 15079.7778 0.2155
3179.1111 15079.7778 0.2108
2817.6667 15079.7778 0.1869
2089.4444 15079.7778 0.1386
1621.6667 15079.7778 0.1075
1315.1111 15079.7778 0.0872
1251.6667 15079.7778 0.083
1273.2222 15079.7778 0.0844
1396.2222 15079.7778 0.0926
1494.6667 15079.7778 0.0991
1697.6667 15079.7778 0.1126
2001.4444 15079.7778 0.1327
2258.7778 15079.7778 0.1498
2461.4444 15079.7778 0.1632
2733.1111 15079.7778 0.1812
2874.1111 15079.7778 0.1906
2961.1111 15079.7778 0.1964
3031.4444 15079.7778 0.201
3109.2222 15079.7778 0.2062
3074.5556 15079.7778 0.2039
3008.2222 15079.7778 0.1995
3013 15079.7778 0.1998
2939.1111 15079.7778 0.1949
2709.3333 15079.7778 0.1797
2506 15079.7778 0.1662
2479.1111 15079.7778 0.1644
2111 15079.7778 0.14
1566.6667 15079.7778 0.1039
1348.6667 15079.7778 0.0894
1229.2222 15079.7778 0.0815
1206.3333 15079.7778 0.08
1326.4444 15079.7778 0.088
1572.8889 15079.7778 0.1043
1750 15079.7778 0.116
2053.7778 15079.7778 0.1362
2352.2222 15079.7778 0.156
2557.5556 15079.7778 0.1696
2674.7778 15079.7778 0.1774
2836.5556 15079.7778 0.1881
2890.2222 15079.7778 0.1917
3034.6667 15079.7778 0.2012
2907.3333 15079.7778 0.1928
2869.8889 15079.7778 0.1903
2884.4444 15079.7778 0.1913
2898.1111 15079.7778 0.1922
2954 15079.7778 0.1959
2729.1111 15079.7778 0.181
2717.8889 15079.7778 0.1802
2693.6667 15079.7778 0.1786
2688.3333 15079.7778 0.1783
2376.6667 15079.7778 0.1576
1887 15079.7778 0.1251
1382.5556 15079.7778 0.0917
1196.6667 15079.7778 0.0794
1189.2222 15079.7778 0.0789
1258 15079.7778 0.0834
1413.1111 15079.7778 0.0937
1566.8889 15079.7778 0.1039
1735.1111 15079.7778 0.1151
1891.2222 15079.7778 0.1254
1972.7778 15079.7778 0.1308
2142.6667 15079.7778 0.1421
2357.8889 15079.7778 0.1564
2578.6667 15079.7778 0.171
2645.6667 15079.7778 0.1754
2727 15079.7778 0.1808
2873.4444 15079.7778 0.1905
2855.8889 15079.7778 0.1894
2917.3333 15079.7778 0.1935
2893 15079.7778 0.1918
2832.2222 15079.7778 0.1878
2745.7778 15079.7778 0.1821
2590.7778 15079.7778 0.1718
2623 15079.7778 0.1739
2316.8889 15079.7778 0.1536
1603 15079.7778 0.1063
1284.8889 15079.7778 0.0852
1080.1111 15079.7778 0.0716
1034 15079.7778 0.0686
1096.8889 15079.7778 0.0727
1187.2222 15079.7778 0.0787
1293.8889 15079.7778 0.0858
1428.8889 15079.7778 0.0948
1655.5556 15079.7778 0.1098
1867.7778 15079.7778 0.1239
2213 15079.7778 0.1468
2584.8889 15079.7778 0.1714
2791.7778 15079.7778 0.1851
2983.3333 15079.7778 0.1978
3082.1111 15079.7778 0.2044
3076.7778 15079.7778 0.204
3055.4444 15079.7778 0.2026
3067.2222 15079.7778 0.2034
3131.1111 15079.7778 0.2076
3058.5556 15079.7778 0.2028
2714.8889 15079.7778 0.18
2492.8889 15079.7778 0.1653
2259.8889 15079.7778 0.1499
1961.6667 15079.7778 0.1301
1629 15079.7778 0.108
1340.6667 15079.7778 0.0889
1138.3333 15079.7778 0.0755
1083.4444 15079.7778 0.0718
1131.3333 15079.7778 0.075
1208.2222 15079.7778 0.0801
1462.4444 15079.7778 0.097
1737.5556 15079.7778 0.1152
2028.7778 15079.7778 0.1345
2158.7778 15079.7778 0.1432
2197.8889 15079.7778 0.1458
2330.3333 15079.7778 0.1545
2473.5556 15079.7778 0.164
2633.6667 15079.7778 0.1746
2696.7778 15079.7778 0.1788
2682 15079.7778 0.1779
2771.1111 15079.7778 0.1838
2800.6667 15079.7778 0.1857
2719.5556 15079.7778 0.1803
2650.3333 15079.7778 0.1758
2624.1111 15079.7778 0.174
2617.6667 15079.7778 0.1736
2533.8889 15079.7778 0.168
2155 15079.7778 0.1429
1705.7778 15079.7778 0.1131
1367.4444 15079.7778 0.0907
1235.5556 15079.7778 0.0819
1120.5556 15079.7778 0.0743
1167 15079.7778 0.0774
1382 15079.7778 0.0916
1651.1111 15079.7778 0.1095
1901.8889 15079.7778 0.1261
2076.2222 15079.7778 0.1377
2212.4444 15079.7778 0.1467
2442.5556 15079.7778 0.162
2709.1111 15079.7778 0.1797
2803.6667 15079.7778 0.1859
2923.8889 15079.7778 0.1939
2865.4444 15079.7778 0.19
2778.1111 15079.7778 0.1842
2766 15079.7778 0.1834
2765.7778 15079.7778 0.1834
2815.1111 15079.7778 0.1867
2794.3333 15079.7778 0.1853
2612.3333 15079.7778 0.1732
2622.4444 15079.7778 0.1739
2700.5556 15079.7778 0.1791
2368.1111 15079.7778 0.157
2005.3333 15079.7778 0.133
1748.8889 15079.7778 0.116
1355.8889 15079.7778 0.0899
1219.2222 15079.7778 0.0809
1267.5556 15079.7778 0.0841
1344.2222 15079.7778 0.0891
1476.1111 15079.7778 0.0979
1731.4444 15079.7778 0.1148
2186.3333 15079.7778 0.145
2524.8889 15079.7778 0.1674
2773.6667 15079.7778 0.1839
2948.1111 15079.7778 0.1955
3066 15079.7778 0.2033
3206 15079.7778 0.2126
3356 15079.7778 0.2225
3375 15079.7778 0.2238
3360 15079.7778 0.2228
3545.8889 15079.7778 0.2351
3611.2222 15079.7778 0.2395
3469.1111 15079.7778 0.2301
3378.8889 15079.7778 0.2241
3346 15079.7778 0.2219
3288.2222 15079.7778 0.2181
2939.7778 15079.7778 0.1949
2258.4444 15079.7778 0.1498
1645 15079.7778 0.1091
1370.7778 15079.7778 0.0909
1276.7778 15079.7778 0.0847
1333.8889 15079.7778 0.0885
1459.1111 15079.7778 0.0968
1721.7778 15079.7778 0.1142
2069.5556 15079.7778 0.1372
2423.4444 15079.7778 0.1607
2723.2222 15079.7778 0.1806
2800.6667 15079.7778 0.1857
3014.2222 15079.7778 0.1999
3140.5556 15079.7778 0.2083
3169.8889 15079.7778 0.2102
3253.2222 15079.7778 0.2157
3248 15079.7778 0.2154
3178.6667 15079.7778 0.2108
3178.5556 15079.7778 0.2108
3032.5556 15079.7778 0.2011
2920.4444 15079.7778 0.1937
2669.6667 15079.7778 0.177
2655.4444 15079.7778 0.1761
2716.7778 15079.7778 0.1802
2357.4444 15079.7778 0.1563
1730.5556 15079.7778 0.1148
1271.4444 15079.7778 0.0843
1183 15079.7778 0.0784
1197.6667 15079.7778 0.0794
1212.1111 15079.7778 0.0804
1266.2222 15079.7778 0.084
1399 15079.7778 0.0928
1600 15079.7778 0.1061
1850.2222 15079.7778 0.1227
2118.6667 15079.7778 0.1405
2336.7778 15079.7778 0.155
2496.6667 15079.7778 0.1656
2590.5556 15079.7778 0.1718
2724.8889 15079.7778 0.1807
2725.8889 15079.7778 0.1808
2752.7778 15079.7778 0.1825
2761.1111 15079.7778 0.1831
2774.3333 15079.7778 0.184
2740.1111 15079.7778 0.1817
2578.3333 15079.7778 0.171
2341.5556 15079.7778 0.1553
2304.6667 15079.7778 0.1528
2287.7778 15079.7778 0.1517
1994 15079.7778 0.1322
1506.8889 15079.7778 0.0999
1220.8889 15079.7778 0.081
1132.1111 15079.7778 0.0751
1157.5556 15079.7778 0.0768
1202.2222 15079.7778 0.0797
1263.1111 15079.7778 0.0838
1379.5556 15079.7778 0.0915
1565.2222 15079.7778 0.1038
1784.6667 15079.7778 0.1183
2127.5556 15079.7778 0.1411
2371.8889 15079.7778 0.1573
2572 15079.7778 0.1706
2779.3333 15079.7778 0.1843
2891.2222 15079.7778 0.1917
3004.8889 15079.7778 0.1993
3234.3333 15079.7778 0.2145
3350.7778 15079.7778 0.2222
3488.5556 15079.7778 0.2313
3483.1111 15079.7778 0.231
3296.1111 15079.7778 0.2186
3209.4444 15079.7778 0.2128
3025.3333 15079.7778 0.2006
2908.1111 15079.7778 0.1928
2478.7778 15079.7778 0.1644
1942.3333 15079.7778 0.1288
1518.6667 15079.7778 0.1007
1208.4444 15079.7778 0.0801
1140.7778 15079.7778 0.0756
1187.2222 15079.7778 0.0787
1324.4444 15079.7778 0.0878
1458.6667 15079.7778 0.0967
1668.2222 15079.7778 0.1106
2025.5556 15079.7778 0.1343
2413.3333 15079.7778 0.16
2617.6667 15079.7778 0.1736
2779.6667 15079.7778 0.1843
2920.4444 15079.7778 0.1937
3166.6667 15079.7778 0.21
3339.5556 15079.7778 0.2215
3362.8889 15079.7778 0.223
3389.5556 15079.7778 0.2248
3460.8889 15079.7778 0.2295
3513.1111 15079.7778 0.233
3326.1111 15079.7778 0.2206
3175.7778 15079.7778 0.2106
3124 15079.7778 0.2072
3148.8889 15079.7778 0.2088
2546 15079.7778 0.1688
2002.4444 15079.7778 0.1328
1463.3333 15079.7778 0.097
1181.1111 15079.7778 0.0783
1129.2222 15079.7778 0.0749
1171.5556 15079.7778 0.0777
1312 15079.7778 0.087
1506.1111 15079.7778 0.0999
1867.2222 15079.7778 0.1238
2281.1111 15079.7778 0.1513
2677.7778 15079.7778 0.1776
2851.7778 15079.7778 0.1891
2941.8889 15079.7778 0.1951
3049.7778 15079.7778 0.2022
3162 15079.7778 0.2097
3273.8889 15079.7778 0.2171
3154.8889 15079.7778 0.2092
3081.6667 15079.7778 0.2044
3076.1111 15079.7778 0.204
3079.5556 15079.7778 0.2042
2842.1111 15079.7778 0.1885
2581.4444 15079.7778 0.1712
2456.4444 15079.7778 0.1629
2260.7778 15079.7778 0.1499
2018.5556 15079.7778 0.1339
1646.4444 15079.7778 0.1092
1399 15079.7778 0.0928
1310.3333 15079.7778 0.0869
1184.5556 15079.7778 0.0786
1250.3333 15079.7778 0.0829
1351.7778 15079.7778 0.0896
1500.6667 15079.7778 0.0995
1773.8889 15079.7778 0.1176
2144.8889 15079.7778 0.1422
2311.4444 15079.7778 0.1533
2438.2222 15079.7778 0.1617
2540.3333 15079.7778 0.1685
1919.5556 15079.7778 0.1273
2738.3333 15079.7778 0.1816
2895.1111 15079.7778 0.192
3141.2222 15079.7778 0.2083
3176.8889 15079.7778 0.2107
3259.2222 15079.7778 0.2161
3224.5556 15079.7778 0.2138
2974.3333 15079.7778 0.1972
2793.1111 15079.7778 0.1852
2677.4444 15079.7778 0.1776
2597.1111 15079.7778 0.1722
2227.8889 15079.7778 0.1477
1488.7778 15079.7778 0.0987
1323.6667 15079.7778 0.0878
1228.5556 15079.7778 0.0815
1212.8889 15079.7778 0.0804
1283.6667 15079.7778 0.0851
1360.5556 15079.7778 0.0902
1514.7778 15079.7778 0.1005
1794.5556 15079.7778 0.119
2170 15079.7778 0.1439
2421 15079.7778 0.1605
2611.6667 15079.7778 0.1732
2798.6667 15079.7778 0.1856
3126.3333 15079.7778 0.2073
3447.3333 15079.7778 0.2286
3731.1111 15079.7778 0.2474
3869.6667 15079.7778 0.2566
3939.8889 15079.7778 0.2613
4092.5556 15079.7778 0.2714
4117.4444 15079.7778 0.273
3778.4444 15079.7778 0.2506
3564.8889 15079.7778 0.2364
3333.7778 15079.7778 0.2211
3248.1111 15079.7778 0.2154
2590.4444 15079.7778 0.1718
1940.1111 15079.7778 0.1287
1502.4444 15079.7778 0.0996
1259.8889 15079.7778 0.0835
1252.6667 15079.7778 0.0831
1335.6667 15079.7778 0.0886
1480.4444 15079.7778 0.0982
1569.6667 15079.7778 0.1041
1859.1111 15079.7778 0.1233
2258.1111 15079.7778 0.1497
2652.2222 15079.7778 0.1759
2825.5556 15079.7778 0.1874
2955.3333 15079.7778 0.196
3163.3333 15079.7778 0.2098
3358.3333 15079.7778 0.2227
3535.7778 15079.7778 0.2345
3700.4444 15079.7778 0.2454
3726.8889 15079.7778 0.2471
3886.2222 15079.7778 0.2577
3984 15079.7778 0.2642
3928.2222 15079.7778 0.2605
3762.2222 15079.7778 0.2495
3513.3333 15079.7778 0.233
3361.6667 15079.7778 0.2229
2922.2222 15079.7778 0.1938
2201 15079.7778 0.146
1695.5556 15079.7778 0.1124
1404 15079.7778 0.0931
1304.2222 15079.7778 0.0865
1314.7778 15079.7778 0.0872
1473.5556 15079.7778 0.0977
1653.7778 15079.7778 0.1097
1877.8889 15079.7778 0.1245
2272 15079.7778 0.1507
2611.7778 15079.7778 0.1732
2904.1111 15079.7778 0.1926
3207.3333 15079.7778 0.2127
3642.5556 15079.7778 0.2416
3960 15079.7778 0.2626
4127.4444 15079.7778 0.2737
4217.3333 15079.7778 0.2797
4297.8889 15079.7778 0.285
4203.8889 15079.7778 0.2788
4225.1111 15079.7778 0.2802
4063.3333 15079.7778 0.2695
3930.7778 15079.7778 0.2607
3697.8889 15079.7778 0.2452
3538.5556 15079.7778 0.2347
2952.7778 15079.7778 0.1958
2111.6667 15079.7778 0.14
1653.8889 15079.7778 0.1097
1368.5556 15079.7778 0.0908
1319.3333 15079.7778 0.0875
1403.5556 15079.7778 0.0931
1660.2222 15079.7778 0.1101
1936.1111 15079.7778 0.1284
2172.8889 15079.7778 0.1441
2378.4444 15079.7778 0.1577
2633.8889 15079.7778 0.1747
2837.5556 15079.7778 0.1882
3104.7778 15079.7778 0.2059
3362.8889 15079.7778 0.223
3609.3333 15079.7778 0.2393
3835.7778 15079.7778 0.2544
4005.7778 15079.7778 0.2656
4122.3333 15079.7778 0.2734
4264.4444 15079.7778 0.2828
4238.4444 15079.7778 0.2811
4169.3333 15079.7778 0.2765
4071.8889 15079.7778 0.27
3997.7778 15079.7778 0.2651
3627.1111 15079.7778 0.2405
3039.2222 15079.7778 0.2015
2204.3333 15079.7778 0.1462
1749 15079.7778 0.116
1371.7778 15079.7778 0.091
1258.5556 15079.7778 0.0835
1329.5556 15079.7778 0.0882
1467 15079.7778 0.0973
1751.6667 15079.7778 0.1162
2079.6667 15079.7778 0.1379
2454.5556 15079.7778 0.1628
2872.7778 15079.7778 0.1905
3066.6667 15079.7778 0.2034
3319 15079.7778 0.2201
3465.7778 15079.7778 0.2298
3680 15079.7778 0.244
3839.1111 15079.7778 0.2546
4067.2222 15079.7778 0.2697
4108.1111 15079.7778 0.2724
4143.2222 15079.7778 0.2748
4159.2222 15079.7778 0.2758
4032.1111 15079.7778 0.2674
3712.4444 15079.7778 0.2462
3600.4444 15079.7778 0.2388
3360.1111 15079.7778 0.2228
2760.5556 15079.7778 0.1831
2090.4444 15079.7778 0.1386
1630.5556 15079.7778 0.1081
1301.2222 15079.7778 0.0863
1230 15079.7778 0.0816
1313.1111 15079.7778 0.0871
1463.7778 15079.7778 0.0971
1720.7778 15079.7778 0.1141
2040.3333 15079.7778 0.1353
2385.5556 15079.7778 0.1582
2724.2222 15079.7778 0.1807
2876.5556 15079.7778 0.1908
3202.1111 15079.7778 0.2123
3425.7778 15079.7778 0.2272
3563.1111 15079.7778 0.2363
3663.8889 15079.7778 0.243
3932.6667 15079.7778 0.2608
3976.7778 15079.7778 0.2637
4025.1111 15079.7778 0.2669
4232.1111 15079.7778 0.2806
4239.1111 15079.7778 0.2811
4067.2222 15079.7778 0.2697
3923.5556 15079.7778 0.2602
3741.6667 15079.7778 0.2481
3309.7778 15079.7778 0.2195
2547.7778 15079.7778 0.169
2126.8889 15079.7778 0.141
1766.7778 15079.7778 0.1172
1566.8889 15079.7778 0.1039
1617.2222 15079.7778 0.1072
1743.8889 15079.7778 0.1156
1988 15079.7778 0.1318
2249.8889 15079.7778 0.1492
2584.6667 15079.7778 0.1714
2856.3333 15079.7778 0.1894
3244.4444 15079.7778 0.2152
3595.5556 15079.7778 0.2384
3930.6667 15079.7778 0.2607
4310.6667 15079.7778 0.2859
4521.6667 15079.7778 0.2998
4497.8889 15079.7778 0.2983
4715.2222 15079.7778 0.3127
4836.1111 15079.7778 0.3207
4922.8889 15079.7778 0.3265
4951.5556 15079.7778 0.3284
4748.6667 15079.7778 0.3149
4603.5556 15079.7778 0.3053
4564.7778 15079.7778 0.3027
3830.5556 15079.7778 0.254
2942.7778 15079.7778 0.1951
2265.8889 15079.7778 0.1503
1876.1111 15079.7778 0.1244
1661.8889 15079.7778 0.1102
1662.8889 15079.7778 0.1103
1831 15079.7778 0.1214
2084.2222 15079.7778 0.1382
2454.4444 15079.7778 0.1628
2886.3333 15079.7778 0.1914
3198.3333 15079.7778 0.2121
3455.8889 15079.7778 0.2292
3820.3333 15079.7778 0.2533
4062.8889 15079.7778 0.2694
4268.7778 15079.7778 0.2831
4289.8889 15079.7778 0.2845
4315.4444 15079.7778 0.2862
4362.3333 15079.7778 0.2893
4514.3333 15079.7778 0.2994
4585.2222 15079.7778 0.3041
4485 15079.7778 0.2974
4247.1111 15079.7778 0.2816
4023.2222 15079.7778 0.2668
3860 15079.7778 0.256
3066.2222 15079.7778 0.2033
2238.5556 15079.7778 0.1484
1792.3333 15079.7778 0.1189
1444.5556 15079.7778 0.0958
1246.3333 15079.7778 0.0826
1296.2222 15079.7778 0.086
1444.4444 15079.7778 0.0958
1730.4444 15079.7778 0.1148
2154.8889 15079.7778 0.1429
2705 15079.7778 0.1794
3143.5556 15079.7778 0.2085
3454.3333 15079.7778 0.2291
3763.5556 15079.7778 0.2496
4040.4444 15079.7778 0.2679
4268.8889 15079.7778 0.2831
4412.5556 15079.7778 0.2926
4405.1111 15079.7778 0.2921
4612.3333 15079.7778 0.3059
4800.4444 15079.7778 0.3183
4716.5556 15079.7778 0.3128
4655.2222 15079.7778 0.3087
4449.2222 15079.7778 0.295
4344.1111 15079.7778 0.2881
4161 15079.7778 0.2759
3457.5556 15079.7778 0.2293
2281.1111 15079.7778 0.1513
1582 15079.7778 0.1049
1351 15079.7778 0.0896
1182.4444 15079.7778 0.0784
1200.1111 15079.7778 0.0796
1412.2222 15079.7778 0.0937
1727.7778 15079.7778 0.1146
2081.7778 15079.7778 0.1381
2530.6667 15079.7778 0.1678
2976.4444 15079.7778 0.1974
3448.3333 15079.7778 0.2287
3927.6667 15079.7778 0.2605
4157.6667 15079.7778 0.2757
4298.3333 15079.7778 0.285
4225 15079.7778 0.2802
4127.1111 15079.7778 0.2737
4136.6667 15079.7778 0.2743
4089.2222 15079.7778 0.2712
4044.6667 15079.7778 0.2682
4109.5556 15079.7778 0.2725
4126 15079.7778 0.2736
3946.5556 15079.7778 0.2617
3755 15079.7778 0.249
3095.6667 15079.7778 0.2053
2131.3333 15079.7778 0.1413
1476 15079.7778 0.0979
1326.4444 15079.7778 0.088
1300.4444 15079.7778 0.0862
1341 15079.7778 0.0889
1458.3333 15079.7778 0.0967
1595.1111 15079.7778 0.1058
1842.4444 15079.7778 0.1222
2118.1111 15079.7778 0.1405
2309.7778 15079.7778 0.1532
2598 15079.7778 0.1723
2871.3333 15079.7778 0.1904
3285 15079.7778 0.2178
3553.2222 15079.7778 0.2356
3824.5556 15079.7778 0.2536
3919.8889 15079.7778 0.2599
3849.6667 15079.7778 0.2553
3859.8889 15079.7778 0.256
3928.4444 15079.7778 0.2605
3851.3333 15079.7778 0.2554
3669.7778 15079.7778 0.2434
3583.7778 15079.7778 0.2377
3396.1111 15079.7778 0.2252
2780.5556 15079.7778 0.1844
2142 15079.7778 0.142
1602.5556 15079.7778 0.1063
1369.6667 15079.7778 0.0908
1299.8889 15079.7778 0.0862
1343.5556 15079.7778 0.0891
1423 15079.7778 0.0944
1472.4444 15079.7778 0.0976
1587.5556 15079.7778 0.1053
1873.5556 15079.7778 0.1242
2056.4444 15079.7778 0.1364
2177.4444 15079.7778 0.1444
2353.1111 15079.7778 0.156
2422.2222 15079.7778 0.1606
2592.3333 15079.7778 0.1719
2745.3333 15079.7778 0.1821
2803.8889 15079.7778 0.1859
2901.1111 15079.7778 0.1924
3009.4444 15079.7778 0.1996
3095.6667 15079.7778 0.2053
3086.1111 15079.7778 0.2047
3111.1111 15079.7778 0.2063
3060.8889 15079.7778 0.203
2906.1111 15079.7778 0.1927
2675.7778 15079.7778 0.1774
2003.7778 15079.7778 0.1329
1634.3333 15079.7778 0.1084
1409.2222 15079.7778 0.0935
1369.3333 15079.7778 0.0908
1438.7778 15079.7778 0.0954
1487.5556 15079.7778 0.0986
1618.1111 15079.7778 0.1073
1882.3333 15079.7778 0.1248
2175.4444 15079.7778 0.1443
2449.6667 15079.7778 0.1624
2703 15079.7778 0.1792
3060 15079.7778 0.2029
3234.7778 15079.7778 0.2145
3393.4444 15079.7778 0.225
3676.8889 15079.7778 0.2438
3781.7778 15079.7778 0.2508
3706.8889 15079.7778 0.2458
3724.4444 15079.7778 0.247
3754.4444 15079.7778 0.249
3667.4444 15079.7778 0.2432
3400.8889 15079.7778 0.2255
3181.6667 15079.7778 0.211
3161.3333 15079.7778 0.2096
2642.4444 15079.7778 0.1752
1954.8889 15079.7778 0.1296
1556.2222 15079.7778 0.1032
1380.7778 15079.7778 0.0916
1360.8889 15079.7778 0.0902
1441.7778 15079.7778 0.0956
1644 15079.7778 0.109
1980.5556 15079.7778 0.1313
2442.7778 15079.7778 0.162
2899.7778 15079.7778 0.1923
3295 15079.7778 0.2185
3737.1111 15079.7778 0.2478
4033.1111 15079.7778 0.2675
4325.6667 15079.7778 0.2869
4516.7778 15079.7778 0.2995
4555.5556 15079.7778 0.3021
4481.7778 15079.7778 0.2972
4466.6667 15079.7778 0.2962
4507.2222 15079.7778 0.2989
4611.3333 15079.7778 0.3058
4714.6667 15079.7778 0.3126
4416.2222 15079.7778 0.2929
4185.5556 15079.7778 0.2776
3735.6667 15079.7778 0.2477
3175.5556 15079.7778 0.2106
2090.3333 15079.7778 0.1386
1558.7778 15079.7778 0.1034
1341.1111 15079.7778 0.0889
1289.5556 15079.7778 0.0855
1330.5556 15079.7778 0.0882
1446.8889 15079.7778 0.0959
1866.5556 15079.7778 0.1238
2293.4444 15079.7778 0.1521
2561.8889 15079.7778 0.1699
2836.4444 15079.7778 0.1881
3079 15079.7778 0.2042
3444.5556 15079.7778 0.2284
3679.1111 15079.7778 0.244
3597.7778 15079.7778 0.2386
3571.7778 15079.7778 0.2369
3512.6667 15079.7778 0.2329
3475.1111 15079.7778 0.2304
3467 15079.7778 0.2299
3548.6667 15079.7778 0.2353
3558.8889 15079.7778 0.236
3279.7778 15079.7778 0.2175
3152.7778 15079.7778 0.2091
3104.6667 15079.7778 0.2059
2781.2222 15079.7778 0.1844
2189.8889 15079.7778 0.1452
1651.1111 15079.7778 0.1095
1415.5556 15079.7778 0.0939
1352 15079.7778 0.0897
1424.4444 15079.7778 0.0945
1484.6667 15079.7778 0.0985
1669.8889 15079.7778 0.1107
1977.7778 15079.7778 0.1312
2402.5556 15079.7778 0.1593
2791.8889 15079.7778 0.1851
3159.3333 15079.7778 0.2095
3352.8889 15079.7778 0.2223
3538.6667 15079.7778 0.2347
3657.2222 15079.7778 0.2425
3865.3333 15079.7778 0.2563
3928.3333 15079.7778 0.2605
4008.2222 15079.7778 0.2658
4051.6667 15079.7778 0.2687
4014 15079.7778 0.2662
4087 15079.7778 0.271
3978.6667 15079.7778 0.2638
3713.6667 15079.7778 0.2463
3590.5556 15079.7778 0.2381
2873.7778 15079.7778 0.1906
2106 15079.7778 0.1397
1580.7778 15079.7778 0.1048