1641 15079.7778 0.1088
1401.3333 15079.7778 0.0929
1325 15079.7778 0.0879
1331.7778 15079.7778 0.0883
1433.4444 15079.7778 0.0951
1803.3333 15079.7778 0.1196
2302.5556 15079.7778 0.1527
2909.2222 15079.7778 0.1929
3446.1111 15079.7778 0.2285
3883 15079.7778 0.2575
4383.5556 15079.7778 0.2907
4642.1111 15079.7778 0.3078
4805.4444 15079.7778 0.3187
4864.8889 15079.7778 0.3226
4964.3333 15079.7778 0.3292
5090 15079.7778 0.3375
5019 15079.7778 0.3328
4923.5556 15079.7778 0.3265
4663.1111 15079.7778 0.3092
4569.6667 15079.7778 0.303
4469.4444 15079.7778 0.2964
3860.1111 15079.7778 0.256
2984.1111 15079.7778 0.1979
1996.5556 15079.7778 0.1324
1562.6667 15079.7778 0.1036
1377.2222 15079.7778 0.0913
1410 15079.7778 0.0935
1493.6667 15079.7778 0.0991
1713.2222 15079.7778 0.1136
2002.6667 15079.7778 0.1328
2532.8889 15079.7778 0.168
3164.8889 15079.7778 0.2099
3628.6667 15079.7778 0.2406
4155 15079.7778 0.2755
4650.7778 15079.7778 0.3084
4925.8889 15079.7778 0.3267
5171.4444 15079.7778 0.3429
5185.2222 15079.7778 0.3439
5228.3333 15079.7778 0.3467
5365.5556 15079.7778 0.3558
5232.2222 15079.7778 0.347
5101.7778 15079.7778 0.3383
4956 15079.7778 0.3287
4979.4444 15079.7778 0.3302
5070.3333 15079.7778 0.3362
4323.4444 15079.7778 0.2867
3353.2222 15079.7778 0.2224
2507.8889 15079.7778 0.1663
1948.2222 15079.7778 0.1292
1603.6667 15079.7778 0.1063
1512.2222 15079.7778 0.1003
1662.8889 15079.7778 0.1103
1965.6667 15079.7778 0.1304
2531.1111 15079.7778 0.1678
3235.6667 15079.7778 0.2146
3816 15079.7778 0.2531
4457.5556 15079.7778 0.2956
5111.1111 15079.7778 0.3389
5518.7778 15079.7778 0.366
5729.3333 15079.7778 0.3799
5606.4444 15079.7778 0.3718
5969.1111 15079.7778 0.3958
5965.2222 15079.7778 0.3956
5953.7778 15079.7778 0.3948
5943 15079.7778 0.3941
5887.5556 15079.7778 0.3904
5744.5556 15079.7778 0.3809
5532.1111 15079.7778 0.3669
5421.4444 15079.7778 0.3595
4747.1111 15079.7778 0.3148
3844.6667 15079.7778 0.255
2745.3333 15079.7778 0.1821
1919 15079.7778 0.1273
1682.2222 15079.7778 0.1116
1662.1111 15079.7778 0.1102
1782 15079.7778 0.1182
2061.4444 15079.7778 0.1367
2556.8889 15079.7778 0.1696
2966.7778 15079.7778 0.1967
3742.8889 15079.7778 0.2482
4326.8889 15079.7778 0.2869
5066.5556 15079.7778 0.336
5518.2222 15079.7778 0.3659
5841.2222 15079.7778 0.3874
5838.7778 15079.7778 0.3872
6343.8889 15079.7778 0.4207
6187.4444 15079.7778 0.4103
6086.2222 15079.7778 0.4036
6088.2222 15079.7778 0.4037
5909.7778 15079.7778 0.3919
5794 15079.7778 0.3842
5621 15079.7778 0.3728
5342.1111 15079.7778 0.3543
4532 15079.7778 0.3005
3851.4444 15079.7778 0.2554
3005.8889 15079.7778 0.1993
2256.2222 15079.7778 0.1496
1769.6667 15079.7778 0.1174
1685.7778 15079.7778 0.1118
1677.2222 15079.7778 0.1112
1932.3333 15079.7778 0.1281
2458 15079.7778 0.163
3038.6667 15079.7778 0.2015
3746.6667 15079.7778 0.2485
4482.3333 15079.7778 0.2972
5080.6667 15079.7778 0.3369
5388.1111 15079.7778 0.3573
5613 15079.7778 0.3722
5786.7778 15079.7778 0.3837
5945.6667 15079.7778 0.3943
5939.2222 15079.7778 0.3939
6233.5556 15079.7778 0.4134
6273.8889 15079.7778 0.416
6090.4444 15079.7778 0.4039
5973.7778 15079.7778 0.3961
5707.3333 15079.7778 0.3785
5437.5556 15079.7778 0.3606
4649.8889 15079.7778 0.3084
3805.6667 15079.7778 0.2524
2848.6667 15079.7778 0.1889
1959.8889 15079.7778 0.13
1714.8889 15079.7778 0.1137
1662.5556 15079.7778 0.1103
1767.6667 15079.7778 0.1172
2013.8889 15079.7778 0.1335
2454.5556 15079.7778 0.1628
3026.2222 15079.7778 0.2007
3496.6667 15079.7778 0.2319
4170.2222 15079.7778 0.2765
4639.1111 15079.7778 0.3076
4865.4444 15079.7778 0.3226
5101.5556 15079.7778 0.3383
5030.8889 15079.7778 0.3336
5240.8889 15079.7778 0.3475
5257.3333 15079.7778 0.3486
5350.8889 15079.7778 0.3548
5519.4444 15079.7778 0.366
5355.2222 15079.7778 0.3551
5044.6667 15079.7778 0.3345
4811.8889 15079.7778 0.3191
4768.1111 15079.7778 0.3162
4118.5556 15079.7778 0.2731
3183.8889 15079.7778 0.2111
2447.7778 15079.7778 0.1623
2016.6667 15079.7778 0.1337
1810.3333 15079.7778 0.1201
1675.3333 15079.7778 0.1111
1680.3333 15079.7778 0.1114
1829.8889 15079.7778 0.1213
2124.5556 15079.7778 0.1409
2579.2222 15079.7778 0.171
3068.6667 15079.7778 0.2035
3825.3333 15079.7778 0.2537
4244.6667 15079.7778 0.2815
4477.1111 15079.7778 0.2969
4731.3333 15079.7778 0.3138
4820.3333 15079.7778 0.3197
4921 15079.7778 0.3263
4989.7778 15079.7778 0.3309
5039 15079.7778 0.3342
5159.3333 15079.7778 0.3421
5189.8889 15079.7778 0.3442
4987.6667 15079.7778 0.3308
4769.3333 15079.7778 0.3163
4616.6667 15079.7778 0.3061
3818 15079.7778 0.2532
3081.4444 15079.7778 0.2043
2488.2222 15079.7778 0.165
2006.6667 15079.7778 0.1331
1800.1111 15079.7778 0.1194
1772 15079.7778 0.1175
1883.8889 15079.7778 0.1249
2115.2222 15079.7778 0.1403
2517.1111 15079.7778 0.1669
3042.1111 15079.7778 0.2017
3480.3333 15079.7778 0.2308
3945.1111 15079.7778 0.2616
4382.5556 15079.7778 0.2906
4711.5556 15079.7778 0.3124
4946.2222 15079.7778 0.328
5269.1111 15079.7778 0.3494
5279.8889 15079.7778 0.3501
5362.8889 15079.7778 0.3556
5378.8889 15079.7778 0.3567
5487 15079.7778 0.3639
5417.6667 15079.7778 0.3593
5075.6667 15079.7778 0.3366
5026 15079.7778 0.3333
4760 15079.7778 0.3157
4247 15079.7778 0.2816
3414.8889 15079.7778 0.2265
2620.7778 15079.7778 0.1738
2176.6667 15079.7778 0.1443
1904.8889 15079.7778 0.1263
1817.5556 15079.7778 0.1205
1835 15079.7778 0.1217
2130.8889 15079.7778 0.1413
2666.1111 15079.7778 0.1768
3303 15079.7778 0.219
3835.8889 15079.7778 0.2544
4311.6667 15079.7778 0.2859
4874.8889 15079.7778 0.3233
5248.2222 15079.7778 0.348
5438.2222 15079.7778 0.3606
5604.8889 15079.7778 0.3717
5642.5556 15079.7778 0.3742
5636.8889 15079.7778 0.3738
5587.5556 15079.7778 0.3705
5758.7778 15079.7778 0.3819
5672.6667 15079.7778 0.3762
5414 15079.7778 0.359
5252.5556 15079.7778 0.3483
5282.6667 15079.7778 0.3503
4590.1111 15079.7778 0.3044
3488 15079.7778 0.2313
2577.1111 15079.7778 0.1709
1930.3333 15079.7778 0.128
1628 15079.7778 0.108
1626.2222 15079.7778 0.1078
1703.4444 15079.7778 0.113
2025.2222 15079.7778 0.1343
2452.2222 15079.7778 0.1626
2887.5556 15079.7778 0.1915
3407.1111 15079.7778 0.2259
4044.4444 15079.7778 0.2682
4506.3333 15079.7778 0.2988
4800.4444 15079.7778 0.3183
4933.2222 15079.7778 0.3271
5206.7778 15079.7778 0.3453
5380.7778 15079.7778 0.3568
5370.5556 15079.7778 0.3561
5379.1111 15079.7778 0.3567
5297.5556 15079.7778 0.3513
5036 15079.7778 0.334
4864 15079.7778 0.3226
4763.6667 15079.7778 0.3159
4527.7778 15079.7778 0.3003
3857.5556 15079.7778 0.2558
2866.7778 15079.7778 0.1901
2095.4444 15079.7778 0.139
1705.4444 15079.7778 0.1131
1568.6667 15079.7778 0.104
1630.4444 15079.7778 0.1081
1705.5556 15079.7778 0.1131
1956.4444 15079.7778 0.1297
2363.1111 15079.7778 0.1567
2772 15079.7778 0.1838
3180 15079.7778 0.2109
3739.4444 15079.7778 0.248
4282 15079.7778 0.284
4690.3333 15079.7778 0.311
4898.6667 15079.7778 0.3249
5155.5556 15079.7778 0.3419
5019.6667 15079.7778 0.3329
5008.5556 15079.7778 0.3321
5364.7778 15079.7778 0.3558
5423.7778 15079.7778 0.3597
5301.5556 15079.7778 0.3516
5119.5556 15079.7778 0.3395
4833.4444 15079.7778 0.3205
4925.3333 15079.7778 0.3266
3983.1111 15079.7778 0.2641
3104.8889 15079.7778 0.2059
2623.5556 15079.7778 0.174
2158.2222 15079.7778 0.1431
1906.6667 15079.7778 0.1264
1857.5556 15079.7778 0.1232
1942.7778 15079.7778 0.1288
2157.1111 15079.7778 0.143
2503.2222 15079.7778 0.166
2894.8889 15079.7778 0.192
3290.4444 15079.7778 0.2182
3667 15079.7778 0.2432
4151.6667 15079.7778 0.2753
4294.4444 15079.7778 0.2848
4748.5556 15079.7778 0.3149
5074.1111 15079.7778 0.3365
5176.7778 15079.7778 0.3433
5240.5556 15079.7778 0.3475
5102.5556 15079.7778 0.3384
5209.7778 15079.7778 0.3455
5253.1111 15079.7778 0.3484
5083.5556 15079.7778 0.3371
4715.5556 15079.7778 0.3127
4682.3333 15079.7778 0.3105
4040.6667 15079.7778 0.268
3331.3333 15079.7778 0.2209
2665.7778 15079.7778 0.1768
2242.4444 15079.7778 0.1487
2073.5556 15079.7778 0.1375
2010.1111 15079.7778 0.1333
2079.3333 15079.7778 0.1379
2275.8889 15079.7778 0.1509
2641.4444 15079.7778 0.1752
3009.5556 15079.7778 0.1996
3329.1111 15079.7778 0.2208
3715.3333 15079.7778 0.2464
4115.1111 15079.7778 0.2729
4496.3333 15079.7778 0.2982
4588.2222 15079.7778 0.3043
4732.4444 15079.7778 0.3138
4762 15079.7778 0.3158
4955.7778 15079.7778 0.3286
5137.3333 15079.7778 0.3407
5216.3333 15079.7778 0.3459
5085.1111 15079.7778 0.3372
5005.4444 15079.7778 0.3319
5031.1111 15079.7778 0.3336
5024.1111 15079.7778 0.3332
4453.4444 15079.7778 0.2953
3638 15079.7778 0.2413
2998.4444 15079.7778 0.1988
2462.4444 15079.7778 0.1633
2267.2222 15079.7778 0.1503
2224.5556 15079.7778 0.1475
2229.6667 15079.7778 0.1479
2448.4444 15079.7778 0.1624
2725.5556 15079.7778 0.1807
3039.3333 15079.7778 0.2016
3501.4444 15079.7778 0.2322
4108.7778 15079.7778 0.2725
4610.6667 15079.7778 0.3058
4956.1111 15079.7778 0.3287
5247 15079.7778 0.3479
5442.8889 15079.7778 0.3609
5296.3333 15079.7778 0.3512
5109.6667 15079.7778 0.3388
5110.1111 15079.7778 0.3389
5169.5556 15079.7778 0.3428
5058.2222 15079.7778 0.3354
4978.6667 15079.7778 0.3302
5018.2222 15079.7778 0.3328
4876 15079.7778 0.3233
4091.5556 15079.7778 0.2713
3473.1111 15079.7778 0.2303
2468.2222 15079.7778 0.1637
1907.7778 15079.7778 0.1265
1753.1111 15079.7778 0.1163
1705.7778 15079.7778 0.1131
1755.5556 15079.7778 0.1164
1936.1111 15079.7778 0.1284
2359.5556 15079.7778 0.1565
2842.5556 15079.7778 0.1885
3437.1111 15079.7778 0.2279
3959.1111 15079.7778 0.2625
4521 15079.7778 0.2998
5009.3333 15079.7778 0.3322
5169.2222 15079.7778 0.3428
5204.5556 15079.7778 0.3451
5244.4444 15079.7778 0.3478
5229.7778 15079.7778 0.3468
5371.3333 15079.7778 0.3562
5362.1111 15079.7778 0.3556
5389.2222 15079.7778 0.3574
5267.6667 15079.7778 0.3493
5161.5556 15079.7778 0.3423
5098.3333 15079.7778 0.3381
4566.2222 15079.7778 0.3028
3632.5556 15079.7778 0.2409
2585.1111 15079.7778 0.1714
1886.7778 15079.7778 0.1251
1601.4444 15079.7778 0.1062
1652.1111 15079.7778 0.1096
1747.7778 15079.7778 0.1159
2084 15079.7778 0.1382
2550.5556 15079.7778 0.1691
3220.8889 15079.7778 0.2136
3677.2222 15079.7778 0.2439
4127.7778 15079.7778 0.2737
4560.6667 15079.7778 0.3024
5137.1111 15079.7778 0.3407
5332.1111 15079.7778 0.3536
5146.7778 15079.7778 0.3413
5534.2222 15079.7778 0.367
5503.4444 15079.7778 0.365
5605.5556 15079.7778 0.3717
5704.7778 15079.7778 0.3783
5611.8889 15079.7778 0.3721
5406.2222 15079.7778 0.3585
5107.5556 15079.7778 0.3387
5089 15079.7778 0.3375
4310.7778 15079.7778 0.2859
3362.3333 15079.7778 0.223
2359 15079.7778 0.1564
1791.5556 15079.7778 0.1188
1606.8889 15079.7778 0.1066
1589 15079.7778 0.1054
1750.2222 15079.7778 0.1161
2052.7778 15079.7778 0.1361
2522.1111 15079.7778 0.1673
3025.7778 15079.7778 0.2007
3529 15079.7778 0.234
3960.7778 15079.7778 0.2627
4467.3333 15079.7778 0.2962
4890.6667 15079.7778 0.3243
5059.1111 15079.7778 0.3355
5110.8889 15079.7778 0.3389
5148.1111 15079.7778 0.3414
5202.5556 15079.7778 0.345
5160.3333 15079.7778 0.3422
5107.6667 15079.7778 0.3387
5060.5556 15079.7778 0.3356
4771.6667 15079.7778 0.3164
4782.8889 15079.7778 0.3172
4638.5556 15079.7778 0.3076
3825.2222 15079.7778 0.2537
3052.5556 15079.7778 0.2024
2255.8889 15079.7778 0.1496
1878.7778 15079.7778 0.1246
1696.5556 15079.7778 0.1125
1733.8889 15079.7778 0.115
1863.5556 15079.7778 0.1236
2230 15079.7778 0.1479
2777.1111 15079.7778 0.1842
3203 15079.7778 0.2124
3466.1111 15079.7778 0.2299
3811 15079.7778 0.2527
4244.3333 15079.7778 0.2815
4561.6667 15079.7778 0.3025
4819.2222 15079.7778 0.3196
4930 15079.7778 0.3269
4973.4444 15079.7778 0.3298
5029.3333 15079.7778 0.3335
5155.2222 15079.7778 0.3419
5168 15079.7778 0.3427
5047.6667 15079.7778 0.3347
4855.5556 15079.7778 0.322
4646 15079.7778 0.3081
4447.2222 15079.7778 0.2949
3780.1111 15079.7778 0.2507
2737.4444 15079.7778 0.1815
2005.5556 15079.7778 0.133
1670.4444 15079.7778 0.1108
1550.7778 15079.7778 0.1028
1635.3333 15079.7778 0.1084
1739.2222 15079.7778 0.1153
1981.5556 15079.7778 0.1314
2401.8889 15079.7778 0.1593
2868 15079.7778 0.1902
3269.1111 15079.7778 0.2168
3728.5556 15079.7778 0.2473
4199.1111 15079.7778 0.2785
4581.1111 15079.7778 0.3038
4806.2222 15079.7778 0.3187
4875.7778 15079.7778 0.3233
4954 15079.7778 0.3285
4994.3333 15079.7778 0.3312
4978.8889 15079.7778 0.3302
4970.2222 15079.7778 0.3296
4977.6667 15079.7778 0.3301
4926.4444 15079.7778 0.3267
4890.5556 15079.7778 0.3243
4857.3333 15079.7778 0.3221
3973.7778 15079.7778 0.2635
3267 15079.7778 0.2166
2579.7778 15079.7778 0.1711
1739.6667 15079.7778 0.1154
1436.1111 15079.7778 0.0952
1429.1111 15079.7778 0.0948
1530.2222 15079.7778 0.1015
1754.5556 15079.7778 0.1164
2259.2222 15079.7778 0.1498
2782 15079.7778 0.1845
3327.6667 15079.7778 0.2207
3909.8889 15079.7778 0.2593
4200.8889 15079.7778 0.2786
4569.3333 15079.7778 0.303
4837.4444 15079.7778 0.3208
5016.1111 15079.7778 0.3326
5201.3333 15079.7778 0.3449
5156.1111 15079.7778 0.3419
5202.6667 15079.7778 0.345
4964.5556 15079.7778 0.3292
4922.5556 15079.7778 0.3264
4663.7778 15079.7778 0.3093
4599.8889 15079.7778 0.305
4262 15079.7778 0.2826
3104.8889 15079.7778 0.2059
2416.2222 15079.7778 0.1602
1817.4444 15079.7778 0.1205
1506.2222 15079.7778 0.0999
1377 15079.7778 0.0913
1393.6667 15079.7778 0.0924
1495.3333 15079.7778 0.0992
1669.4444 15079.7778 0.1107
2110.8889 15079.7778 0.14
2560.1111 15079.7778 0.1698
3032.4444 15079.7778 0.2011
3530.6667 15079.7778 0.2341
4139.1111 15079.7778 0.2745
4598.7778 15079.7778 0.305
4780.5556 15079.7778 0.317
4923.5556 15079.7778 0.3265
4872.6667 15079.7778 0.3231
4874 15079.7778 0.3232
4811.5556 15079.7778 0.3191
4915.8889 15079.7778 0.326
4782.2222 15079.7778 0.3171
4387.2222 15079.7778 0.2909
4294.7778 15079.7778 0.2848
3997.2222 15079.7778 0.2651
3167.6667 15079.7778 0.2101
2290 15079.7778 0.1519
1567 15079.7778 0.1039
1376.3333 15079.7778 0.0913
1326.2222 15079.7778 0.0879
1369 15079.7778 0.0908
1492.3333 15079.7778 0.099
1530 15079.7778 0.1015
1866.5556 15079.7778 0.1238
2135.5556 15079.7778 0.1416
2486.6667 15079.7778 0.1649
2691 15079.7778 0.1785
2910.6667 15079.7778 0.193
3016.6667 15079.7778 0.2
3205.3333 15079.7778 0.2126
3397.7778 15079.7778 0.2253
3516.4444 15079.7778 0.2332
3626.5556 15079.7778 0.2405
3610.6667 15079.7778 0.2394
3609.6667 15079.7778 0.2394
3472.2222 15079.7778 0.2303
3447.5556 15079.7778 0.2286
3489.3333 15079.7778 0.2314
3333.8889 15079.7778 0.2211
2423 15079.7778 0.1607
1906.6667 15079.7778 0.1264
1486.8889 15079.7778 0.0986
1338.6667 15079.7778 0.0888
1315.8889 15079.7778 0.0873
1356.7778 15079.7778 0.09
1392.8889 15079.7778 0.0924
1582.5556 15079.7778 0.1049
1856.1111 15079.7778 0.1231
2178.6667 15079.7778 0.1445
2497.1111 15079.7778 0.1656
2732.6667 15079.7778 0.1812
2946.3333 15079.7778 0.1954
3207.3333 15079.7778 0.2127
3402.4444 15079.7778 0.2256
3601 15079.7778 0.2388
3728 15079.7778 0.2472
3863.4444 15079.7778 0.2562
3988 15079.7778 0.2645
3951.8889 15079.7778 0.2621
3896.4444 15079.7778 0.2584
3772.7778 15079.7778 0.2502
3532.8889 15079.7778 0.2343
3506.4444 15079.7778 0.2325
2909.1111 15079.7778 0.1929
2038.1111 15079.7778 0.1352
1546.8889 15079.7778 0.1026
1301.7778 15079.7778 0.0863
1235.6667 15079.7778 0.0819
1281.6667 15079.7778 0.085
1327 15079.7778 0.088
1491.4444 15079.7778 0.0989
1767.1111 15079.7778 0.1172
2179.3333 15079.7778 0.1445
2544.2222 15079.7778 0.1687
2878.1111 15079.7778 0.1909
3123.4444 15079.7778 0.2071
3497.8889 15079.7778 0.232
3713.5556 15079.7778 0.2463
3940.7778 15079.7778 0.2613
4113.7778 15079.7778 0.2728
4235.1111 15079.7778 0.2808
4444.7778 15079.7778 0.2948
4527.7778 15079.7778 0.3003
4491.8889 15079.7778 0.2979
4292.5556 15079.7778 0.2847
4227.6667 15079.7778 0.2804
3995.2222 15079.7778 0.2649
3190 15079.7778 0.2115
2629.4444 15079.7778 0.1744
1749.3333 15079.7778 0.116
1349 15079.7778 0.0895
1241.7778 15079.7778 0.0823
1292.1111 15079.7778 0.0857
1323.6667 15079.7778 0.0878
1502.7778 15079.7778 0.0997
1921.7778 15079.7778 0.1274
2390.6667 15079.7778 0.1585
2838.6667 15079.7778 0.1882
3233.2222 15079.7778 0.2144
3655.8889 15079.7778 0.2424
4099.3333 15079.7778 0.2718
4076.6667 15079.7778 0.2703
4233.6667 15079.7778 0.2808
4519.7778 15079.7778 0.2997
4760.3333 15079.7778 0.3157
4789.7778 15079.7778 0.3176
4669 15079.7778 0.3096
4495.1111 15079.7778 0.2981
4166.1111 15079.7778 0.2763
4117.5556 15079.7778 0.2731
3890.8889 15079.7778 0.258
3413.1111 15079.7778 0.2263
2777.1111 15079.7778 0.1842
2107.5556 15079.7778 0.1398
1632.3333 15079.7778 0.1082
1480.6667 15079.7778 0.0982
1517.6667 15079.7778 0.1006
1575.8889 15079.7778 0.1045
1745.8889 15079.7778 0.1158
2140.8889 15079.7778 0.142
2792.1111 15079.7778 0.1852
3391.1111 15079.7778 0.2249
4015.8889 15079.7778 0.2663
4557.3333 15079.7778 0.3022
4868.4444 15079.7778 0.3228
5035.5556 15079.7778 0.3339
5278.7778 15079.7778 0.3501
5228.2222 15079.7778 0.3467
5223.4444 15079.7778 0.3464
5205.3333 15079.7778 0.3452
5319.2222 15079.7778 0.3527
5289.8889 15079.7778 0.3508
5069.8889 15079.7778 0.3362
4929.8889 15079.7778 0.3269
4762.2222 15079.7778 0.3158
4064 15079.7778 0.2695
3212 15079.7778 0.213
2438.6667 15079.7778 0.1617
1794.2222 15079.7778 0.119
1539.3333 15079.7778 0.1021
1602.7778 15079.7778 0.1063
1729.4444 15079.7778 0.1147
1912.6667 15079.7778 0.1268
2246.1111 15079.7778 0.1489
2754.8889 15079.7778 0.1827
3257.8889 15079.7778 0.216
3927.5556 15079.7778 0.2605
4409.1111 15079.7778 0.2924
4791 15079.7778 0.3177
5090 15079.7778 0.3375
5161.4444 15079.7778 0.3423
5204.7778 15079.7778 0.3451
5157.5556 15079.7778 0.342
5170.6667 15079.7778 0.3429
5246.3333 15079.7778 0.3479
5142.3333 15079.7778 0.341
4953.1111 15079.7778 0.3285
4882.3333 15079.7778 0.3238
4666.1111 15079.7778 0.3094
3807.1111 15079.7778 0.2525
2889.2222 15079.7778 0.1916
2123.6667 15079.7778 0.1408
1629.4444 15079.7778 0.1081
1492 15079.7778 0.0989
1531.1111 15079.7778 0.1015
1727.6667 15079.7778 0.1146
1971.7778 15079.7778 0.1308
2433.8889 15079.7778 0.1614
2842.6667 15079.7778 0.1885
2999.4444 15079.7778 0.1989
3353.5556 15079.7778 0.2224
3811.2222 15079.7778 0.2527
4080.1111 15079.7778 0.2706
4406.6667 15079.7778 0.2922
4605.2222 15079.7778 0.3054
4839.6667 15079.7778 0.3209
4948.5556 15079.7778 0.3282
4912.5556 15079.7778 0.3258
4817 15079.7778 0.3194
4577.1111 15079.7778 0.3035
4388.4444 15079.7778 0.291
4473.3333 15079.7778 0.2966
4288.6667 15079.7778 0.2844
3169.3333 15079.7778 0.2102
2557.4444 15079.7778 0.1696
1982 15079.7778 0.1314
1656.3333 15079.7778 0.1098
1499.6667 15079.7778 0.0994
1540 15079.7778 0.1021
1601.7778 15079.7778 0.1062
1817.3333 15079.7778 0.1205
2210.3333 15079.7778 0.1466
2664.8889 15079.7778 0.1767
3255.3333 15079.7778 0.2159
3701.8889 15079.7778 0.2455
4106.8889 15079.7778 0.2723
4473.5556 15079.7778 0.2967
4718.7778 15079.7778 0.3129
4946.7778 15079.7778 0.328
5254.5556 15079.7778 0.3485
5204.8889 15079.7778 0.3452
5161.6667 15079.7778 0.3423
5156.2222 15079.7778 0.3419
5012.6667 15079.7778 0.3324
4746.2222 15079.7778 0.3147
4856.3333 15079.7778 0.322
4667 15079.7778 0.3095
3886.7778 15079.7778 0.2577
3047.8889 15079.7778 0.2021
2202.7778 15079.7778 0.1461
1580.4444 15079.7778 0.1048
1432.8889 15079.7778 0.095
1456 15079.7778 0.0966
1612.7778 15079.7778 0.1069
2027.3333 15079.7778 0.1344
2557.3333 15079.7778 0.1696
3063.5556 15079.7778 0.2032
3493.4444 15079.7778 0.2317
3861.7778 15079.7778 0.2561
4276 15079.7778 0.2836
4616.3333 15079.7778 0.3061
4747.2222 15079.7778 0.3148
4923 15079.7778 0.3265
5013.1111 15079.7778 0.3324
5220.7778 15079.7778 0.3462
5214 15079.7778 0.3458
5241.7778 15079.7778 0.3476
5252.7778 15079.7778 0.3483
5155.4444 15079.7778 0.3419
5135 15079.7778 0.3405
4976.5556 15079.7778 0.33
4008.6667 15079.7778 0.2658
3143.6667 15079.7778 0.2085
2381.8889 15079.7778 0.158
1669.4444 15079.7778 0.1107
1410.1111 15079.7778 0.0935
1392.6667 15079.7778 0.0924
1462.1111 15079.7778 0.097
1770 15079.7778 0.1174
2259.1111 15079.7778 0.1498
2705.5556 15079.7778 0.1794
3203 15079.7778 0.2124
3746.2222 15079.7778 0.2484
4337.7778 15079.7778 0.2877
4612.5556 15079.7778 0.3059
4901.3333 15079.7778 0.325
5181.8889 15079.7778 0.3436
5424.3333 15079.7778 0.3597
5507.3333 15079.7778 0.3652
5612.7778 15079.7778 0.3722
5736.1111 15079.7778 0.3804
5513.7778 15079.7778 0.3656
5211.2222 15079.7778 0.3456
5244.8889 15079.7778 0.3478
4876.5556 15079.7778 0.3234
4231.8889 15079.7778 0.2806
3170.4444 15079.7778 0.2102
2330 15079.7778 0.1545