3528.1111 8592.6667 0.4106
3454 8592.6667 0.402
3341.7778 8592.6667 0.3889
3430.3333 8592.6667 0.3992
3529 8592.6667 0.4107
3729.4444 8592.6667 0.434
4148.8889 8592.6667 0.4828
4520.1111 8592.6667 0.526
4691 8592.6667 0.5459
4796 8592.6667 0.5582
4850.7778 8592.6667 0.5645
4746.3333 8592.6667 0.5524
4568.2222 8592.6667 0.5316
4547.5556 8592.6667 0.5292
4558.1111 8592.6667 0.5305
4631 8592.6667 0.5389
4646.6667 8592.6667 0.5408
4645.7778 8592.6667 0.5407
4767.3333 8592.6667 0.5548
4862.6667 8592.6667 0.5659
4825.8889 8592.6667 0.5616
4501.3333 8592.6667 0.5239
4047.5556 8592.6667 0.471
3644.2222 8592.6667 0.4241
3539.8889 8592.6667 0.412
3510 8592.6667 0.4085
3412.3333 8592.6667 0.3971
3479.3333 8592.6667 0.4049
3619.6667 8592.6667 0.4213
3747.2222 8592.6667 0.4361
4092.8889 8592.6667 0.4763
4566.2222 8592.6667 0.5314
4696.4444 8592.6667 0.5466
4778.5556 8592.6667 0.5561
4708.2222 8592.6667 0.5479
4731 8592.6667 0.5506
4669.6667 8592.6667 0.5434
4685.8889 8592.6667 0.5453
4587.5556 8592.6667 0.5339
4681.8889 8592.6667 0.5449
4811.5556 8592.6667 0.56
4800.3333 8592.6667 0.5587
4915.5556 8592.6667 0.5721
5035.1111 8592.6667 0.586
4911.4444 8592.6667 0.5716
4595.2222 8592.6667 0.5348
4036.6667 8592.6667 0.4698
3774.1111 8592.6667 0.4392
3700.1111 8592.6667 0.4306
3613.2222 8592.6667 0.4205
3520 8592.6667 0.4097
3647.5556 8592.6667 0.4245
3868.1111 8592.6667 0.4502
4140.7778 8592.6667 0.4819
4584 8592.6667 0.5335
4937.6667 8592.6667 0.5746
4977.6667 8592.6667 0.5793
5058.5556 8592.6667 0.5887
5008.5556 8592.6667 0.5829
4882.4444 8592.6667 0.5682
4786.3333 8592.6667 0.557
4695.5556 8592.6667 0.5465
4659.2222 8592.6667 0.5422
4760.2222 8592.6667 0.554
4962.5556 8592.6667 0.5775
4969.2222 8592.6667 0.5783
4954.6667 8592.6667 0.5766
5056.2222 8592.6667 0.5884
5222.6667 8592.6667 0.6078
4720.7778 8592.6667 0.5494
4328.7778 8592.6667 0.5038
3950.6667 8592.6667 0.4598
3717.3333 8592.6667 0.4326
3579.1111 8592.6667 0.4165
3496.2222 8592.6667 0.4069
3539.2222 8592.6667 0.4119
3668.5556 8592.6667 0.4269
3978.6667 8592.6667 0.463
4336.6667 8592.6667 0.5047
4574.5556 8592.6667 0.5324
4708.4444 8592.6667 0.548
4681 8592.6667 0.5448
4635.8889 8592.6667 0.5395
4555.5556 8592.6667 0.5302
4587.1111 8592.6667 0.5338
4514.5556 8592.6667 0.5254
4501.5556 8592.6667 0.5239
4623.4444 8592.6667 0.5381
4556.7778 8592.6667 0.5303
4711.3333 8592.6667 0.5483
4864.2222 8592.6667 0.5661
5079.6667 8592.6667 0.5912
5025.6667 8592.6667 0.5849
4566 8592.6667 0.5314
4330 8592.6667 0.5039
3884.7778 8592.6667 0.4521
3685.5556 8592.6667 0.4289
3563.7778 8592.6667 0.4147
3481.7778 8592.6667 0.4052
3469.2222 8592.6667 0.4037
3661.3333 8592.6667 0.4261
3931.6667 8592.6667 0.4576
4345.4444 8592.6667 0.5057
4635.8889 8592.6667 0.5395
4713.3333 8592.6667 0.5485
4665.7778 8592.6667 0.543
4708 8592.6667 0.5479
4800.4444 8592.6667 0.5587
4845 8592.6667 0.5639
4727.8889 8592.6667 0.5502
4663.6667 8592.6667 0.5427
4770.4444 8592.6667 0.5552
4819.6667 8592.6667 0.5609
4760.6667 8592.6667 0.554
4881.1111 8592.6667 0.5681
5118.1111 8592.6667 0.5956
5053.3333 8592.6667 0.5881
4553.7778 8592.6667 0.53
4155.2222 8592.6667 0.4836
3837.8889 8592.6667 0.4466
3699.7778 8592.6667 0.4306
3607.2222 8592.6667 0.4198
3484.5556 8592.6667 0.4055
3504.3333 8592.6667 0.4078
3722.3333 8592.6667 0.4332
3898.6667 8592.6667 0.4537
4330.4444 8592.6667 0.504
4626.7778 8592.6667 0.5385
4649.2222 8592.6667 0.5411
4731.8889 8592.6667 0.5507
4761 8592.6667 0.5541
4735.2222 8592.6667 0.5511
4692.4444 8592.6667 0.5461
4618 8592.6667 0.5374
4705 8592.6667 0.5476
4763.1111 8592.6667 0.5543
4822.1111 8592.6667 0.5612
4860.8889 8592.6667 0.5657
4958.7778 8592.6667 0.5771
5059.4444 8592.6667 0.5888
4991.3333 8592.6667 0.5809
4607.6667 8592.6667 0.5362
4372.5556 8592.6667 0.5089
4002.8889 8592.6667 0.4658
3737.2222 8592.6667 0.4349
3547.8889 8592.6667 0.4129
3421 8592.6667 0.3981
3415.6667 8592.6667 0.3975
3516.3333 8592.6667 0.4092
3792.6667 8592.6667 0.4414
4249.8889 8592.6667 0.4946
4654.3333 8592.6667 0.5417
4869.5556 8592.6667 0.5667
4839.2222 8592.6667 0.5632
4764.8889 8592.6667 0.5545
4659.1111 8592.6667 0.5422
4616.7778 8592.6667 0.5373
4596.4444 8592.6667 0.5349
4656.7778 8592.6667 0.5419
4751 8592.6667 0.5529
4845.5556 8592.6667 0.5639
4959.7778 8592.6667 0.5772
5054.5556 8592.6667 0.5882
5260.5556 8592.6667 0.6122
5199.7778 8592.6667 0.6051
4772.7778 8592.6667 0.5554
4376.8889 8592.6667 0.5094
3949 8592.6667 0.4596
3669.5556 8592.6667 0.4271
3396.6667 8592.6667 0.3953
3271.8889 8592.6667 0.3808
3293 8592.6667 0.3832
3489.7778 8592.6667 0.4061
3864.8889 8592.6667 0.4498
4377.4444 8592.6667 0.5094
4760.1111 8592.6667 0.554
4932 8592.6667 0.574
4857.6667 8592.6667 0.5653
4837.7778 8592.6667 0.563
4833.2222 8592.6667 0.5625
4831.8889 8592.6667 0.5623
4753 8592.6667 0.5531
4706.5556 8592.6667 0.5477
4814.6667 8592.6667 0.5603
4951 8592.6667 0.5762
4934.1111 8592.6667 0.5742
4987.1111 8592.6667 0.5804
5162.7778 8592.6667 0.6008
5104.1111 8592.6667 0.594
4698 8592.6667 0.5467
4276.8889 8592.6667 0.4977
3913.6667 8592.6667 0.4555
3718.5556 8592.6667 0.4328
3610.3333 8592.6667 0.4202
3505.6667 8592.6667 0.408
3476.8889 8592.6667 0.4046
3545.1111 8592.6667 0.4126
3740.5556 8592.6667 0.4353
4254.7778 8592.6667 0.4952
4619.4444 8592.6667 0.5376
4803.4444 8592.6667 0.559
4857 8592.6667 0.5652
4785.1111 8592.6667 0.5569
4605.2222 8592.6667 0.5359
4631.4444 8592.6667 0.539
4619.5556 8592.6667 0.5376
4671.7778 8592.6667 0.5437
4780 8592.6667 0.5563
4838.7778 8592.6667 0.5631
4907.3333 8592.6667 0.5711
4836.5556 8592.6667 0.5629
5089.4444 8592.6667 0.5923
5152.2222 8592.6667 0.5996
4722.1111 8592.6667 0.5496
4245.2222 8592.6667 0.4941
3878.2222 8592.6667 0.4513
3684.3333 8592.6667 0.4288
3588.2222 8592.6667 0.4176
3574.7778 8592.6667 0.416
3556 8592.6667 0.4138
3717.5556 8592.6667 0.4326
3884.4444 8592.6667 0.4521
4318.5556 8592.6667 0.5026
4446.8889 8592.6667 0.5175
4635.6667 8592.6667 0.5395
4775.6667 8592.6667 0.5558
4824.6667 8592.6667 0.5615
4790.7778 8592.6667 0.5575
4795.8889 8592.6667 0.5581
4681.2222 8592.6667 0.5448
4617.1111 8592.6667 0.5373
4676 8592.6667 0.5442
4822.5556 8592.6667 0.5612
4957.5556 8592.6667 0.577
5149.3333 8592.6667 0.5993
5258.4444 8592.6667 0.612
5137.2222 8592.6667 0.5979
4844 8592.6667 0.5637
4336.6667 8592.6667 0.5047
3750.8889 8592.6667 0.4365
3623.8889 8592.6667 0.4217
3538.2222 8592.6667 0.4118
3424.8889 8592.6667 0.3986
3406.1111 8592.6667 0.3964
3472.4444 8592.6667 0.4041
3887.7778 8592.6667 0.4525
4433.5556 8592.6667 0.516
4636.3333 8592.6667 0.5396
4804.3333 8592.6667 0.5591
4746.3333 8592.6667 0.5524
4757.8889 8592.6667 0.5537
4657.5556 8592.6667 0.542
4547.3333 8592.6667 0.5292
4545.1111 8592.6667 0.529
4443.1111 8592.6667 0.5171
4570 8592.6667 0.5318
4601.3333 8592.6667 0.5355
4688 8592.6667 0.5456
4796.4444 8592.6667 0.5582
4961.6667 8592.6667 0.5774
4845.6667 8592.6667 0.5639
4601.7778 8592.6667 0.5355
3995.8889 8592.6667 0.465
3579.8889 8592.6667 0.4166
3404.7778 8592.6667 0.3962
3367.1111 8592.6667 0.3919
3374.2222 8592.6667 0.3927
3367 8592.6667 0.3918
3537.4444 8592.6667 0.4117
3747.8889 8592.6667 0.4362
4178 8592.6667 0.4862
4455.7778 8592.6667 0.5186
4641.3333 8592.6667 0.5402
4643.6667 8592.6667 0.5404
4631.7778 8592.6667 0.539
4654.3333 8592.6667 0.5417
4549.2222 8592.6667 0.5294
4436.4444 8592.6667 0.5163
4509.3333 8592.6667 0.5248
4555.4444 8592.6667 0.5302
4635.5556 8592.6667 0.5395
4605.6667 8592.6667 0.536
4730.4444 8592.6667 0.5505
4913.7778 8592.6667 0.5719
4821.3333 8592.6667 0.5611
4466.3333 8592.6667 0.5198
4020.3333 8592.6667 0.4679
3719.1111 8592.6667 0.4328
3502.8889 8592.6667 0.4077
3417.5556 8592.6667 0.3977
3349.3333 8592.6667 0.3898
3367 8592.6667 0.3918
3560.7778 8592.6667 0.4144
3791.5556 8592.6667 0.4413
4258.1111 8592.6667 0.4956
4537.3333 8592.6667 0.528
4623.8889 8592.6667 0.5381
4602.5556 8592.6667 0.5356
4659.1111 8592.6667 0.5422
4721.5556 8592.6667 0.5495
4600.4444 8592.6667 0.5354
4532.6667 8592.6667 0.5275
4443.4444 8592.6667 0.5171
4527.5556 8592.6667 0.5269
4798.5556 8592.6667 0.5584
4917.4444 8592.6667 0.5723
4993 8592.6667 0.5811
5077.6667 8592.6667 0.5909
4939 8592.6667 0.5748
4590.3333 8592.6667 0.5342
4129.8889 8592.6667 0.4806
3817.5556 8592.6667 0.4443
3637.2222 8592.6667 0.4233
3453.1111 8592.6667 0.4019
3401.1111 8592.6667 0.3958
3396.3333 8592.6667 0.3953
3516.6667 8592.6667 0.4093
3826 8592.6667 0.4453
4329 8592.6667 0.5038
4502.7778 8592.6667 0.524
4591.6667 8592.6667 0.5344
4746.1111 8592.6667 0.5523
4722.7778 8592.6667 0.5496
4668.3333 8592.6667 0.5433
4532.4444 8592.6667 0.5275
4483.1111 8592.6667 0.5217
4493 8592.6667 0.5229
4499.8889 8592.6667 0.5237
4623.8889 8592.6667 0.5381
4698.6667 8592.6667 0.5468
4642.4444 8592.6667 0.5403
4815.5556 8592.6667 0.5604
4858.2222 8592.6667 0.5654
4474.2222 8592.6667 0.5207
4018.4444 8592.6667 0.4677
3682.5556 8592.6667 0.4286
3519.3333 8592.6667 0.4096
3368.3333 8592.6667 0.392
3267.8889 8592.6667 0.3803
3251.8889 8592.6667 0.3784
3313.3333 8592.6667 0.3856
3550.8889 8592.6667 0.4132
4021.3333 8592.6667 0.468
4451.5556 8592.6667 0.5181
4568.4444 8592.6667 0.5317
4602 8592.6667 0.5356
4518.3333 8592.6667 0.5258
4462.4444 8592.6667 0.5193
4336.6667 8592.6667 0.5047
4323.8889 8592.6667 0.5032
4378 8592.6667 0.5095
4617.4444 8592.6667 0.5374
4782.7778 8592.6667 0.5566
4791.2222 8592.6667 0.5576
4827.6667 8592.6667 0.5618
4959.1111 8592.6667 0.5771
4992.4444 8592.6667 0.581
4546.3333 8592.6667 0.5291
4037 8592.6667 0.4698
3636.3333 8592.6667 0.4232
3499.2222 8592.6667 0.4072
3413.1111 8592.6667 0.3972
3424.5556 8592.6667 0.3985
3401.8889 8592.6667 0.3959
3565.6667 8592.6667 0.415
3757.2222 8592.6667 0.4373
4115.1111 8592.6667 0.4789
4502.7778 8592.6667 0.524
4686.6667 8592.6667 0.5454
4805.8889 8592.6667 0.5593
4682 8592.6667 0.5449
4661.8889 8592.6667 0.5425
4632.8889 8592.6667 0.5392
4575 8592.6667 0.5324
4636.5556 8592.6667 0.5396
4765 8592.6667 0.5545
4921.3333 8592.6667 0.5727
4931.6667 8592.6667 0.5739
4937.2222 8592.6667 0.5746
5034.7778 8592.6667 0.5859
5011.1111 8592.6667 0.5832
4624.4444 8592.6667 0.5382
4120.5556 8592.6667 0.4795
3792.6667 8592.6667 0.4414
3605.8889 8592.6667 0.4196
3524 8592.6667 0.4101
3519.4444 8592.6667 0.4096
3481.3333 8592.6667 0.4052
3679.2222 8592.6667 0.4282
3909.1111 8592.6667 0.4549
4331.6667 8592.6667 0.5041
4649.2222 8592.6667 0.5411
4689.3333 8592.6667 0.5457
4619.6667 8592.6667 0.5376
4649.6667 8592.6667 0.5411
4640.4444 8592.6667 0.54
4546.8889 8592.6667 0.5292
4519.4444 8592.6667 0.526
4488.3333 8592.6667 0.5223
4579.7778 8592.6667 0.533
4711.2222 8592.6667 0.5483
4736.5556 8592.6667 0.5512
4827.5556 8592.6667 0.5618
4935.5556 8592.6667 0.5744
4971 8592.6667 0.5785
4419.2222 8592.6667 0.5143
4023 8592.6667 0.4682
3628.5556 8592.6667 0.4223
3562.8889 8592.6667 0.4146
3491.7778 8592.6667 0.4064
3413.1111 8592.6667 0.3972
3413 8592.6667 0.3972
3542.2222 8592.6667 0.4122
3668.1111 8592.6667 0.4269
4002.2222 8592.6667 0.4658
4315.8889 8592.6667 0.5023
4403 8592.6667 0.5124
4475.2222 8592.6667 0.5208
4446.4444 8592.6667 0.5175
4454.8889 8592.6667 0.5185
4527.2222 8592.6667 0.5269
4525.7778 8592.6667 0.5267
4471.5556 8592.6667 0.5204
4568.8889 8592.6667 0.5317
4689.3333 8592.6667 0.5457
4748.4444 8592.6667 0.5526
4872 8592.6667 0.567
4893.6667 8592.6667 0.5695
4865.7778 8592.6667 0.5663
4456.2222 8592.6667 0.5186
4023.6667 8592.6667 0.4683
3571 8592.6667 0.4156
3408.5556 8592.6667 0.3967
3240.1111 8592.6667 0.3771
3233.5556 8592.6667 0.3763
3227.3333 8592.6667 0.3756
3349.1111 8592.6667 0.3898
3598.3333 8592.6667 0.4188
3977.3333 8592.6667 0.4629
4340.2222 8592.6667 0.5051
4528.6667 8592.6667 0.527
4686.3333 8592.6667 0.5454
4764.7778 8592.6667 0.5545
4650.4444 8592.6667 0.5412
4578.2222 8592.6667 0.5328
4583 8592.6667 0.5334
4575.6667 8592.6667 0.5325
4652.2222 8592.6667 0.5414
4768.1111 8592.6667 0.5549
4762.1111 8592.6667 0.5542
4804.5556 8592.6667 0.5591
4767.8889 8592.6667 0.5549
4725.2222 8592.6667 0.5499
4341 8592.6667 0.5052
3915.5556 8592.6667 0.4557
3472.6667 8592.6667 0.4041
3415.7778 8592.6667 0.3975
3344.8889 8592.6667 0.3893
3219.4444 8592.6667 0.3747
3211.4444 8592.6667 0.3737
3395.6667 8592.6667 0.3952
3623.2222 8592.6667 0.4217
4001.8889 8592.6667 0.4657
4197.1111 8592.6667 0.4885
4281.8889 8592.6667 0.4983
4448 8592.6667 0.5177
4484.3333 8592.6667 0.5219
4533.7778 8592.6667 0.5276
4461 8592.6667 0.5192
4421 8592.6667 0.5145
4381.5556 8592.6667 0.5099
4480.1111 8592.6667 0.5214
4661.2222 8592.6667 0.5425
4704.1111 8592.6667 0.5475
4879.7778 8592.6667 0.5679
4919.2222 8592.6667 0.5725
4814.5556 8592.6667 0.5603
4392.4444 8592.6667 0.5112
4044.4444 8592.6667 0.4707
3707.5556 8592.6667 0.4315
3538.6667 8592.6667 0.4118
3350.7778 8592.6667 0.39
3368 8592.6667 0.392
3329.5556 8592.6667 0.3875
3462.3333 8592.6667 0.4029
3674.2222 8592.6667 0.4276
3962.6667 8592.6667 0.4612
4178.6667 8592.6667 0.4863
4339.2222 8592.6667 0.505
4446 8592.6667 0.5174
4558 8592.6667 0.5305
4551.1111 8592.6667 0.5297
4467.6667 8592.6667 0.5199
4502.4444 8592.6667 0.524
4536 8592.6667 0.5279
4622.5556 8592.6667 0.538
4708.5556 8592.6667 0.548
4700.1111 8592.6667 0.547
4710.2222 8592.6667 0.5482
4668.6667 8592.6667 0.5433
4561.8889 8592.6667 0.5309
4331.1111 8592.6667 0.504
3932.6667 8592.6667 0.4577
3670.5556 8592.6667 0.4272
3506 8592.6667 0.408
3425.4444 8592.6667 0.3986
3328 8592.6667 0.3873
3325.3333 8592.6667 0.387
3290.7778 8592.6667 0.383
3454.8889 8592.6667 0.4021
3861 8592.6667 0.4493
4225.1111 8592.6667 0.4917
4351.6667 8592.6667 0.5064
4471.1111 8592.6667 0.5203
4567.2222 8592.6667 0.5315
4520.1111 8592.6667 0.526
4518.8889 8592.6667 0.5259
4548.1111 8592.6667 0.5293
4553.1111 8592.6667 0.5299
4619.2222 8592.6667 0.5376
4620.3333 8592.6667 0.5377
4636.4444 8592.6667 0.5396
4652 8592.6667 0.5414
4640.8889 8592.6667 0.5401
4643.2222 8592.6667 0.5404
4321.8889 8592.6667 0.503
3998.1111 8592.6667 0.4653
3589 8592.6667 0.4177
3447.6667 8592.6667 0.4012
3318.1111 8592.6667 0.3862
3238.6667 8592.6667 0.3769
3226.4444 8592.6667 0.3755
3320 8592.6667 0.3864
3447.7778 8592.6667 0.4012
3776.3333 8592.6667 0.4395
4210.6667 8592.6667 0.49
4465.4444 8592.6667 0.5197
4596.4444 8592.6667 0.5349
4629.3333 8592.6667 0.5388
4519.1111 8592.6667 0.5259
4482.8889 8592.6667 0.5217
4352.8889 8592.6667 0.5066
4271.7778 8592.6667 0.4971
4435.1111 8592.6667 0.5162
4710.2222 8592.6667 0.5482
4777 8592.6667 0.5559
4790.4444 8592.6667 0.5575
4810.7778 8592.6667 0.5599
4804.4444 8592.6667 0.5591
4364.6667 8592.6667 0.508
3826.8889 8592.6667 0.4454
3563.4444 8592.6667 0.4147
3501.3333 8592.6667 0.4075
3433 8592.6667 0.3995
3354.8889 8592.6667 0.3904
3317.7778 8592.6667 0.3861
3413.5556 8592.6667 0.3973
3639.5556 8592.6667 0.4236
3964.1111 8592.6667 0.4613
4373.3333 8592.6667 0.509
4603.6667 8592.6667 0.5358
4703.5556 8592.6667 0.5474
4715 8592.6667 0.5487
4743.8889 8592.6667 0.5521
4528.1111 8592.6667 0.527
4434.3333 8592.6667 0.5161
4505.3333 8592.6667 0.5243
4699.1111 8592.6667 0.5469
4870.7778 8592.6667 0.5669
4920.8889 8592.6667 0.5727
4851.4444 8592.6667 0.5646
4946.1111 8592.6667 0.5756
4864.8889 8592.6667 0.5662
4378.1111 8592.6667 0.5095
3936.2222 8592.6667 0.4581
3500.3333 8592.6667 0.4074
3256 8592.6667 0.3789
3252.2222 8592.6667 0.3785
3269.1111 8592.6667 0.3805
3213.1111 8592.6667 0.3739
3383.1111 8592.6667 0.3937
3564.7778 8592.6667 0.4149
4013.8889 8592.6667 0.4671
4382.1111 8592.6667 0.51
4542 8592.6667 0.5286
4701.4444 8592.6667 0.5471
4650 8592.6667 0.5412
4614 8592.6667 0.537
4618.1111 8592.6667 0.5374
4582.5556 8592.6667 0.5333
4612.4444 8592.6667 0.5368
4808 8592.6667 0.5595
4934.1111 8592.6667 0.5742
4938.3333 8592.6667 0.5747
5047.5556 8592.6667 0.5874
5065.4444 8592.6667 0.5895
4912.1111 8592.6667 0.5717
4341.4444 8592.6667 0.5052
3875.7778 8592.6667 0.4511
3634.1111 8592.6667 0.4229
3490.1111 8592.6667 0.4062
3293.8889 8592.6667 0.3833
3191.8889 8592.6667 0.3715
3287.1111 8592.6667 0.3825
3493 8592.6667 0.4065
3781 8592.6667 0.44
4094.5556 8592.6667 0.4765
4358.3333 8592.6667 0.5072
4487.3333 8592.6667 0.5222
4561.6667 8592.6667 0.5309
4751.5556 8592.6667 0.553
4829.2222 8592.6667 0.562
4897.5556 8592.6667 0.57
4824 8592.6667 0.5614
4944.1111 8592.6667 0.5754
5052.2222 8592.6667 0.588
5166.6667 8592.6667 0.6013
5112.3333 8592.6667 0.595
5053.7778 8592.6667 0.5882
5125.2222 8592.6667 0.5965
4963.8889 8592.6667 0.5777
4560.4444 8592.6667 0.5307
4093.1111 8592.6667 0.4763
3611.7778 8592.6667 0.4203
3362.1111 8592.6667 0.3913
3193.2222 8592.6667 0.3716
3202.8889 8592.6667 0.3727
3257.4444 8592.6667 0.3791
3417.3333 8592.6667 0.3977
3652.1111 8592.6667 0.425
4064.6667 8592.6667 0.473
4257.3333 8592.6667 0.4955
4416.4444 8592.6667 0.514
4579.5556 8592.6667 0.533
4657.7778 8592.6667 0.5421
4644 8592.6667 0.5405
4697.5556 8592.6667 0.5467
4606.4444 8592.6667 0.5361
4702.7778 8592.6667 0.5473
4869 8592.6667 0.5666
5043.6667 8592.6667 0.587
4977.3333 8592.6667 0.5793
4909.1111 8592.6667 0.5713
4935.1111 8592.6667 0.5743
4893.8889 8592.6667 0.5695
4452.7778 8592.6667 0.5182
3938.8889 8592.6667 0.4584
3553.1111 8592.6667 0.4135
3435.4444 8592.6667 0.3998
3355.6667 8592.6667 0.3905
3214.1111 8592.6667 0.3741
3244.5556 8592.6667 0.3776
3342.4444 8592.6667 0.389
3532.1111 8592.6667 0.4111
4070.2222 8592.6667 0.4737
4457.7778 8592.6667 0.5188
4595.8889 8592.6667 0.5349
4608.7778 8592.6667 0.5364
4664.6667 8592.6667 0.5429
4698.4444 8592.6667 0.5468
4735.1111 8592.6667 0.5511
4689.5556 8592.6667 0.5458
4844.1111 8592.6667 0.5637
5054.5556 8592.6667 0.5882
5003.4444 8592.6667 0.5823
4826.5556 8592.6667 0.5617
4881.5556 8592.6667 0.5681
4930.5556 8592.6667 0.5738
4836.3333 8592.6667 0.5628
4435 8592.6667 0.5161
4008.3333 8592.6667 0.4665
3552.3333 8592.6667 0.4134
3380.4444 8592.6667 0.3934
3301.7778 8592.6667 0.3843
3193.5556 8592.6667 0.3717
3230.8889 8592.6667 0.376
3301 8592.6667 0.3842
3601.6667 8592.6667 0.4192
4056.7778 8592.6667 0.4721
4371.2222 8592.6667 0.5087
4518.6667 8592.6667 0.5259
4614.6667 8592.6667 0.537
4815.3333 8592.6667 0.5604
4781.3333 8592.6667 0.5564
4807.5556 8592.6667 0.5595
4906.1111 8592.6667 0.571
5039.3333 8592.6667 0.5865
5110.6667 8592.6667 0.5948
5161.1111 8592.6667 0.6006
5124.4444 8592.6667 0.5964
5004.3333 8592.6667 0.5824
5032.6667 8592.6667 0.5857
4875.4444 8592.6667 0.5674
4433.3333 8592.6667 0.5159
3997.7778 8592.6667 0.4653
3644.5556 8592.6667 0.4241
3473.8889 8592.6667 0.4043
3297.1111 8592.6667 0.3837
3187.4444 8592.6667 0.3709
3152.7778 8592.6667 0.3669
3330.8889 8592.6667 0.3876
3510.3333 8592.6667 0.4085
3844.7778 8592.6667 0.4474
4194.8889 8592.6667 0.4882
4471.3333 8592.6667 0.5204
4640 8592.6667 0.54
4691.4444 8592.6667 0.546
4692.1111 8592.6667 0.5461
4796.6667 8592.6667 0.5582
4921 8592.6667 0.5727
4957.4444 8592.6667 0.5769
5061.7778 8592.6667 0.5891
5101.7778 8592.6667 0.5937
5089.5556 8592.6667 0.5923
4997 8592.6667 0.5815
4880.7778 8592.6667 0.568
4774.6667 8592.6667 0.5557
4419.6667 8592.6667 0.5144
3891.1111 8592.6667 0.4528
3595.6667 8592.6667 0.4185
3470.5556 8592.6667 0.4039
3348 8592.6667 0.3896
3285.2222 8592.6667 0.3823
3347.2222 8592.6667 0.3895
3341.1111 8592.6667 0.3888
3591.5556 8592.6667 0.418
4020.1111 8592.6667 0.4679
4354.1111 8592.6667 0.5067
4456.3333 8592.6667 0.5186
4611.8889 8592.6667 0.5367
4665.2222 8592.6667 0.5429
4689.6667 8592.6667 0.5458
4774.6667 8592.6667 0.5557
4737.5556 8592.6667 0.5513
4807.6667 8592.6667 0.5595
4813.2222 8592.6667 0.5602
4948.8889 8592.6667 0.5759
4940.8889 8592.6667 0.575
4881.4444 8592.6667 0.5681
4802.1111 8592.6667 0.5589
4786.3333 8592.6667 0.557
4303.3333 8592.6667 0.5008
3959.7778 8592.6667 0.4608
3695.3333 8592.6667 0.4301