2775.1111 8592.6667 0.323
2635.4444 8592.6667 0.3067
2570.8889 8592.6667 0.2992
2599.4444 8592.6667 0.3025
2720.6667 8592.6667 0.3166
3143.6667 8592.6667 0.3659
3544.3333 8592.6667 0.4125
3596.7778 8592.6667 0.4186
3616.5556 8592.6667 0.4209
3557.4444 8592.6667 0.414
3641.6667 8592.6667 0.4238
3568.2222 8592.6667 0.4153
3578.5556 8592.6667 0.4165
3565.3333 8592.6667 0.4149
3501.7778 8592.6667 0.4075
3672 8592.6667 0.4273
3792.6667 8592.6667 0.4414
3951.3333 8592.6667 0.4598
4154.5556 8592.6667 0.4835
3968.3333 8592.6667 0.4618
3702.3333 8592.6667 0.4309
3315.3333 8592.6667 0.3858
2941.8889 8592.6667 0.3424
2631.7778 8592.6667 0.3063
2573.1111 8592.6667 0.2995
2461.6667 8592.6667 0.2865
2343.3333 8592.6667 0.2727
2414.1111 8592.6667 0.281
2521.8889 8592.6667 0.2935
3022.4444 8592.6667 0.3517
3447 8592.6667 0.4012
3642.7778 8592.6667 0.4239
3891.7778 8592.6667 0.4529
3865.7778 8592.6667 0.4499
3828.8889 8592.6667 0.4456
3710.1111 8592.6667 0.4318
3689.7778 8592.6667 0.4294
3710.8889 8592.6667 0.4319
3715.5556 8592.6667 0.4324
3902.5556 8592.6667 0.4542
4075.2222 8592.6667 0.4743
4212.6667 8592.6667 0.4903
4363.8889 8592.6667 0.5079
4160.7778 8592.6667 0.4842
3829.2222 8592.6667 0.4456
3505 8592.6667 0.4079
3138.4444 8592.6667 0.3652
2791.2222 8592.6667 0.3248
2578.4444 8592.6667 0.3001
2522.5556 8592.6667 0.2936
2542.5556 8592.6667 0.2959
2529 8592.6667 0.2943
2640.5556 8592.6667 0.3073
3100.2222 8592.6667 0.3608
3499.4444 8592.6667 0.4073
3513.3333 8592.6667 0.4089
3604.4444 8592.6667 0.4195
3724.4444 8592.6667 0.4334
3733.1111 8592.6667 0.4345
3718.6667 8592.6667 0.4328
3682.8889 8592.6667 0.4286
3696.2222 8592.6667 0.4302
3747.5556 8592.6667 0.4361
3878.8889 8592.6667 0.4514
4008.6667 8592.6667 0.4665
4126 8592.6667 0.4802
4317.4444 8592.6667 0.5025
4085.5556 8592.6667 0.4755
3801.2222 8592.6667 0.4424
3433.6667 8592.6667 0.3996
3080.1111 8592.6667 0.3585
2863.2222 8592.6667 0.3332
2789.3333 8592.6667 0.3246
2743.2222 8592.6667 0.3193
2636.8889 8592.6667 0.3069
2714.3333 8592.6667 0.3159
2789.5556 8592.6667 0.3246
3171.4444 8592.6667 0.3691
3544.8889 8592.6667 0.4125
3778.7778 8592.6667 0.4398
3855.8889 8592.6667 0.4487
3838.2222 8592.6667 0.4467
3681.8889 8592.6667 0.4285
3628.2222 8592.6667 0.4222
3647.2222 8592.6667 0.4245
3701.6667 8592.6667 0.4308
3785.2222 8592.6667 0.4405
3927.1111 8592.6667 0.457
4103 8592.6667 0.4775
4265 8592.6667 0.4964
4384.1111 8592.6667 0.5102
4277.2222 8592.6667 0.4978
3944.1111 8592.6667 0.459
3643.6667 8592.6667 0.424
3165.6667 8592.6667 0.3684
2942.4444 8592.6667 0.3424
2743 8592.6667 0.3192
2599.5556 8592.6667 0.3025
2560.3333 8592.6667 0.298
2563.2222 8592.6667 0.2983
2650.8889 8592.6667 0.3085
3056 8592.6667 0.3557
3412.3333 8592.6667 0.3971
3592.3333 8592.6667 0.4181
3746.5556 8592.6667 0.436
3879.3333 8592.6667 0.4515
3736.4444 8592.6667 0.4348
3768.3333 8592.6667 0.4386
3656.3333 8592.6667 0.4255
3711.6667 8592.6667 0.432
3847.2222 8592.6667 0.4477
4037.7778 8592.6667 0.4699
4346.2222 8592.6667 0.5058
4469.6667 8592.6667 0.5202
4619.3333 8592.6667 0.5376
4342.2222 8592.6667 0.5053
4064.8889 8592.6667 0.4731
3629.6667 8592.6667 0.4224
3155.8889 8592.6667 0.3673
2772.5556 8592.6667 0.3227
2660.5556 8592.6667 0.3096
2628.2222 8592.6667 0.3059
2590.2222 8592.6667 0.3014
2583.4444 8592.6667 0.3007
2689.3333 8592.6667 0.313
3060.4444 8592.6667 0.3562
3571.8889 8592.6667 0.4157
3871.6667 8592.6667 0.4506
3981.7778 8592.6667 0.4634
4052.1111 8592.6667 0.4716
3974 8592.6667 0.4625
3984.4444 8592.6667 0.4637
4042.8889 8592.6667 0.4705
3935.6667 8592.6667 0.458
3905.1111 8592.6667 0.4545
4090 8592.6667 0.476
4252.8889 8592.6667 0.4949
4347.5556 8592.6667 0.506
4511.2222 8592.6667 0.525
4351 8592.6667 0.5064
4066.2222 8592.6667 0.4732
3653.2222 8592.6667 0.4252
3206.5556 8592.6667 0.3732
2818.4444 8592.6667 0.328
2588.2222 8592.6667 0.3012
2571.1111 8592.6667 0.2992
2429.8889 8592.6667 0.2828
2402.5556 8592.6667 0.2796
2536 8592.6667 0.2951
2986.7778 8592.6667 0.3476
3432 8592.6667 0.3994
3620.7778 8592.6667 0.4214
3828.7778 8592.6667 0.4456
3968.4444 8592.6667 0.4618
4013.8889 8592.6667 0.4671
3942.2222 8592.6667 0.4588
3875.1111 8592.6667 0.451
3874.3333 8592.6667 0.4509
3853.5556 8592.6667 0.4485
3850.4444 8592.6667 0.4481
3942.7778 8592.6667 0.4589
4167.4444 8592.6667 0.485
4421.4444 8592.6667 0.5146
4246 8592.6667 0.4941
3878 8592.6667 0.4513
3426.3333 8592.6667 0.3988
2963.1111 8592.6667 0.3448
2691.7778 8592.6667 0.3133
2605.4444 8592.6667 0.3032
2476.4444 8592.6667 0.2882
2424.7778 8592.6667 0.2822
2401.2222 8592.6667 0.2795
2555.7778 8592.6667 0.2974
2949.8889 8592.6667 0.3433
3340.5556 8592.6667 0.3888
3438.7778 8592.6667 0.4002
3565.2222 8592.6667 0.4149
3680.6667 8592.6667 0.4283
3912.2222 8592.6667 0.4553
3900 8592.6667 0.4539
3883.2222 8592.6667 0.4519
3916.4444 8592.6667 0.4558
3879.7778 8592.6667 0.4515
3985.6667 8592.6667 0.4638
4147.2222 8592.6667 0.4826
4174.1111 8592.6667 0.4858
4372.7778 8592.6667 0.5089
4281.2222 8592.6667 0.4982
3894.2222 8592.6667 0.4532
3403.1111 8592.6667 0.396
3062.2222 8592.6667 0.3564
2772.7778 8592.6667 0.3227
2555.3333 8592.6667 0.2974
2475.3333 8592.6667 0.2881
2458.5556 8592.6667 0.2861
2460.6667 8592.6667 0.2864
2563.7778 8592.6667 0.2984
2849.5556 8592.6667 0.3316
3202.5556 8592.6667 0.3727
3377.2222 8592.6667 0.393
3562.8889 8592.6667 0.4146
3684.2222 8592.6667 0.4288
3750.6667 8592.6667 0.4365
3707.8889 8592.6667 0.4315
3717.2222 8592.6667 0.4326
3683.2222 8592.6667 0.4286
3712.7778 8592.6667 0.4321
3821.4444 8592.6667 0.4447
3987.4444 8592.6667 0.4641
4138.8889 8592.6667 0.4817
4440.8889 8592.6667 0.5168
4304 8592.6667 0.5009
3898.6667 8592.6667 0.4537
3508 8592.6667 0.4083
3040.6667 8592.6667 0.3539
2766.1111 8592.6667 0.3219
2628.3333 8592.6667 0.3059
2550.5556 8592.6667 0.2968
2473.7778 8592.6667 0.2879
2446.2222 8592.6667 0.2847
2601.5556 8592.6667 0.3028
2973.3333 8592.6667 0.346
3462.5556 8592.6667 0.403
3597.8889 8592.6667 0.4187
3771.1111 8592.6667 0.4389
3870.8889 8592.6667 0.4505
3864.7778 8592.6667 0.4498
3912.8889 8592.6667 0.4554
3877.8889 8592.6667 0.4513
3825 8592.6667 0.4451
3809.7778 8592.6667 0.4434
3905.3333 8592.6667 0.4545
4024.8889 8592.6667 0.4684
4192.2222 8592.6667 0.4879
4349.7778 8592.6667 0.5062
4151.7778 8592.6667 0.4832
3776.3333 8592.6667 0.4395
3316.5556 8592.6667 0.386
3051.4444 8592.6667 0.3551
2771.6667 8592.6667 0.3226
2626.6667 8592.6667 0.3057
2528.3333 8592.6667 0.2942
2451.6667 8592.6667 0.2853
2391.7778 8592.6667 0.2784
2562.8889 8592.6667 0.2983
2800.4444 8592.6667 0.3259
3143.4444 8592.6667 0.3658
3415.8889 8592.6667 0.3975
3664.4444 8592.6667 0.4265
3777.7778 8592.6667 0.4397
3782.6667 8592.6667 0.4402
3755.1111 8592.6667 0.437
3718.1111 8592.6667 0.4327
3663.4444 8592.6667 0.4263
3692.1111 8592.6667 0.4297
3853.8889 8592.6667 0.4485
3966.5556 8592.6667 0.4616
4111.7778 8592.6667 0.4785
4269.1111 8592.6667 0.4968
4153.7778 8592.6667 0.4834
3868.6667 8592.6667 0.4502
3393.7778 8592.6667 0.395
3023.6667 8592.6667 0.3519
2715.7778 8592.6667 0.3161
2646.4444 8592.6667 0.308
2649.2222 8592.6667 0.3083
2577.5556 8592.6667 0.3
2597 8592.6667 0.3022
2660.2222 8592.6667 0.3096
2913.3333 8592.6667 0.339
3390 8592.6667 0.3945
3572.1111 8592.6667 0.4157
3703 8592.6667 0.4309
3725.5556 8592.6667 0.4336
3744 8592.6667 0.4357
3771 8592.6667 0.4389
3723 8592.6667 0.4333
3700 8592.6667 0.4306
3786.6667 8592.6667 0.4407
4032.2222 8592.6667 0.4693
4264.7778 8592.6667 0.4963
4442.4444 8592.6667 0.517
4493 8592.6667 0.5229
4376.1111 8592.6667 0.5093
4099 8592.6667 0.477
3653.4444 8592.6667 0.4252
3117.6667 8592.6667 0.3628
2723.6667 8592.6667 0.317
2629.1111 8592.6667 0.306
2549 8592.6667 0.2966
2532 8592.6667 0.2947
2513.1111 8592.6667 0.2925
2642 8592.6667 0.3075
2881 8592.6667 0.3353
3371.7778 8592.6667 0.3924
3566.2222 8592.6667 0.415
3809 8592.6667 0.4433
3780.7778 8592.6667 0.44
3837.1111 8592.6667 0.4466
3763.4444 8592.6667 0.438
3773.8889 8592.6667 0.4392
3791.8889 8592.6667 0.4413
3825.8889 8592.6667 0.4453
3918.8889 8592.6667 0.4561
4072 8592.6667 0.4739
4235.5556 8592.6667 0.4929
4391.5556 8592.6667 0.5111
4338.5556 8592.6667 0.5049
3914.7778 8592.6667 0.4556
3434.7778 8592.6667 0.3997
2977.1111 8592.6667 0.3465
2738.1111 8592.6667 0.3187
2597.6667 8592.6667 0.3023
2532.2222 8592.6667 0.2947
2510.7778 8592.6667 0.2922
2553.8889 8592.6667 0.2972
2664.3333 8592.6667 0.3101
2799.6667 8592.6667 0.3258
3245.6667 8592.6667 0.3777
3543.8889 8592.6667 0.4124
3745.7778 8592.6667 0.4359
3766.7778 8592.6667 0.4384
3697 8592.6667 0.4303
3683.8889 8592.6667 0.4287
3641.5556 8592.6667 0.4238
3631.1111 8592.6667 0.4226
3687.7778 8592.6667 0.4292
3919.3333 8592.6667 0.4561
4108.7778 8592.6667 0.4782
4289.7778 8592.6667 0.4992
4467.2222 8592.6667 0.5199
4344.2222 8592.6667 0.5056
3978.1111 8592.6667 0.463
3502.4444 8592.6667 0.4076
3074.8889 8592.6667 0.3579
2713.7778 8592.6667 0.3158
2612.4444 8592.6667 0.304
2524 8592.6667 0.2937
2435.6667 8592.6667 0.2835
2420 8592.6667 0.2816
2668.7778 8592.6667 0.3106
3017.5556 8592.6667 0.3512
3683.6667 8592.6667 0.4287
3769.7778 8592.6667 0.4387
3961.3333 8592.6667 0.461
3986.4444 8592.6667 0.4639
3877.4444 8592.6667 0.4513
3797.5556 8592.6667 0.442
3813.2222 8592.6667 0.4438
3724.1111 8592.6667 0.4334
3749.2222 8592.6667 0.4363
3895.4444 8592.6667 0.4533
4079.3333 8592.6667 0.4747
4297.5556 8592.6667 0.5001
4495.6667 8592.6667 0.5232
4172 8592.6667 0.4855
3961.7778 8592.6667 0.4611
3552.1111 8592.6667 0.4134
3080.7778 8592.6667 0.3585
2701.3333 8592.6667 0.3144
2460.8889 8592.6667 0.2864
2402.1111 8592.6667 0.2796
2411.2222 8592.6667 0.2806
2531.7778 8592.6667 0.2946
2776.6667 8592.6667 0.3231
3207.6667 8592.6667 0.3733
3623 8592.6667 0.4216
3727.3333 8592.6667 0.4338
3932.5556 8592.6667 0.4577
3990.2222 8592.6667 0.4644
3901 8592.6667 0.454
3826.8889 8592.6667 0.4454
3785.3333 8592.6667 0.4405
3661 8592.6667 0.4261
3701.8889 8592.6667 0.4308
3874.2222 8592.6667 0.4509
4132.7778 8592.6667 0.481
4425.2222 8592.6667 0.515
4553.6667 8592.6667 0.5299
4303.4444 8592.6667 0.5008
3935.2222 8592.6667 0.458
3359.5556 8592.6667 0.391
3051.3333 8592.6667 0.3551
2890.6667 8592.6667 0.3364
2719.7778 8592.6667 0.3165
2612.2222 8592.6667 0.304
2543.3333 8592.6667 0.296
2555.8889 8592.6667 0.2975
2736.6667 8592.6667 0.3185
3031 8592.6667 0.3527
3426.6667 8592.6667 0.3988
3614 8592.6667 0.4206
3658.8889 8592.6667 0.4258
3648.7778 8592.6667 0.4246
3660.7778 8592.6667 0.426
3718.3333 8592.6667 0.4327
3664.8889 8592.6667 0.4265
3570.8889 8592.6667 0.4156
3590.2222 8592.6667 0.4178
3842.5556 8592.6667 0.4472
4138 8592.6667 0.4816
4408.8889 8592.6667 0.5131
4454.7778 8592.6667 0.5184
4253.8889 8592.6667 0.4951
3872.2222 8592.6667 0.4506
3515.4444 8592.6667 0.4091
3234.6667 8592.6667 0.3764
2976.1111 8592.6667 0.3464
2867.7778 8592.6667 0.3337
2771.8889 8592.6667 0.3226
2655.1111 8592.6667 0.309
2624.8889 8592.6667 0.3055
2731.5556 8592.6667 0.3179
3143.1111 8592.6667 0.3658
3676.4444 8592.6667 0.4279
3764.1111 8592.6667 0.4381
3885.3333 8592.6667 0.4522
3858.5556 8592.6667 0.4491
3800 8592.6667 0.4422
3622.6667 8592.6667 0.4216
3620.6667 8592.6667 0.4214
3637 8592.6667 0.4233
3731.8889 8592.6667 0.4343
3930.6667 8592.6667 0.4574
4130.7778 8592.6667 0.4807
4286.3333 8592.6667 0.4988
4368.3333 8592.6667 0.5084
4242.6667 8592.6667 0.4938
3863.4444 8592.6667 0.4496
3386.8889 8592.6667 0.3942
3032.6667 8592.6667 0.3529
2857.2222 8592.6667 0.3325
2728.2222 8592.6667 0.3175
2636.3333 8592.6667 0.3068
2488.5556 8592.6667 0.2896
2492.6667 8592.6667 0.2901
2634.1111 8592.6667 0.3066
2973.7778 8592.6667 0.3461
3485.8889 8592.6667 0.4057
3575.5556 8592.6667 0.4161
3642.3333 8592.6667 0.4239
3657.1111 8592.6667 0.4256
3661 8592.6667 0.4261
3613.4444 8592.6667 0.4205
3459.8889 8592.6667 0.4027
3396.3333 8592.6667 0.3953
3407.5556 8592.6667 0.3966
3574 8592.6667 0.4159
3909.1111 8592.6667 0.4549
4180.5556 8592.6667 0.4865
4419.2222 8592.6667 0.5143
4215.4444 8592.6667 0.4906
3777.2222 8592.6667 0.4396
3488.2222 8592.6667 0.406
3095.1111 8592.6667 0.3602
2794.6667 8592.6667 0.3252
2653.7778 8592.6667 0.3088
2565.1111 8592.6667 0.2985
2540.6667 8592.6667 0.2957
2538.6667 8592.6667 0.2954
2622.3333 8592.6667 0.3052
3048.3333 8592.6667 0.3548
3546.5556 8592.6667 0.4127
3750.6667 8592.6667 0.4365
3755.4444 8592.6667 0.4371
3770.1111 8592.6667 0.4388
3725.8889 8592.6667 0.4336
3805.1111 8592.6667 0.4428
3751.6667 8592.6667 0.4366
3753.7778 8592.6667 0.4369
3744.3333 8592.6667 0.4358
3961.4444 8592.6667 0.461
4252.7778 8592.6667 0.4949
4485.1111 8592.6667 0.522
4454.6667 8592.6667 0.5184
4277.7778 8592.6667 0.4978
3909.5556 8592.6667 0.455
3487.3333 8592.6667 0.4058
3035 8592.6667 0.3532
2720.3333 8592.6667 0.3166
2648.5556 8592.6667 0.3082
2622.4444 8592.6667 0.3052
2581.8889 8592.6667 0.3005
2614 8592.6667 0.3042
2800.4444 8592.6667 0.3259
3193.3333 8592.6667 0.3716
3652.4444 8592.6667 0.4251
3766.7778 8592.6667 0.4384
3881.8889 8592.6667 0.4518
3955.8889 8592.6667 0.4604
3947.4444 8592.6667 0.4594
3965.6667 8592.6667 0.4615
3802.3333 8592.6667 0.4425
3800.4444 8592.6667 0.4423
3831.6667 8592.6667 0.4459
4017 8592.6667 0.4675
4179.6667 8592.6667 0.4864
4345.2222 8592.6667 0.5057
4339.7778 8592.6667 0.5051
4320.1111 8592.6667 0.5028
4031.4444 8592.6667 0.4692
3427.6667 8592.6667 0.3989
3057.1111 8592.6667 0.3558
2781 8592.6667 0.3236
2679.4444 8592.6667 0.3118
2603.8889 8592.6667 0.303
2555.5556 8592.6667 0.2974
2558.6667 8592.6667 0.2978
2715.8889 8592.6667 0.3161
3124.3333 8592.6667 0.3636
3609.3333 8592.6667 0.42
3803.6667 8592.6667 0.4427
3903.3333 8592.6667 0.4543
3872.3333 8592.6667 0.4507
3819.3333 8592.6667 0.4445
3769.6667 8592.6667 0.4387
3765.3333 8592.6667 0.4382
3822.7778 8592.6667 0.4449
3891.6667 8592.6667 0.4529
4057.7778 8592.6667 0.4722
4113 8592.6667 0.4787
4395.4444 8592.6667 0.5115
4538 8592.6667 0.5281
4311.4444 8592.6667 0.5018
4055.1111 8592.6667 0.4719
3644.7778 8592.6667 0.4242
3106.8889 8592.6667 0.3616
2827.5556 8592.6667 0.3291
2735 8592.6667 0.3183
2731.2222 8592.6667 0.3179
2725.2222 8592.6667 0.3172
2759.5556 8592.6667 0.3212
2862.1111 8592.6667 0.3331
3295.5556 8592.6667 0.3835
3751.8889 8592.6667 0.4366
3729.2222 8592.6667 0.434
3751.3333 8592.6667 0.4366
3800.6667 8592.6667 0.4423
3817.8889 8592.6667 0.4443
3727.3333 8592.6667 0.4338
3670.2222 8592.6667 0.4271
3693.5556 8592.6667 0.4298
3684.6667 8592.6667 0.4288
3847.1111 8592.6667 0.4477
4160.1111 8592.6667 0.4841
4476.5556 8592.6667 0.521
4534.5556 8592.6667 0.5277
4373.5556 8592.6667 0.509
4092.8889 8592.6667 0.4763
3587.2222 8592.6667 0.4175
3146.4444 8592.6667 0.3662
2904.2222 8592.6667 0.338
2692.1111 8592.6667 0.3133
2675.6667 8592.6667 0.3114
2663.7778 8592.6667 0.31
2623.3333 8592.6667 0.3053
2823.1111 8592.6667 0.3285
3276.8889 8592.6667 0.3814
3742.8889 8592.6667 0.4356
3798.8889 8592.6667 0.4421
3993.4444 8592.6667 0.4648
3988.3333 8592.6667 0.4642
3971.1111 8592.6667 0.4622
3923.5556 8592.6667 0.4566
3848.5556 8592.6667 0.4479
3807.5556 8592.6667 0.4431
3782.3333 8592.6667 0.4402
3939 8592.6667 0.4584
4162.1111 8592.6667 0.4844
4431.8889 8592.6667 0.5158
4474 8592.6667 0.5207
4365.4444 8592.6667 0.508
4040.6667 8592.6667 0.4702
3662.7778 8592.6667 0.4263
3256.6667 8592.6667 0.379
2978.6667 8592.6667 0.3467
2841.1111 8592.6667 0.3306
2832.2222 8592.6667 0.3296
2780.8889 8592.6667 0.3236
2775.4444 8592.6667 0.323
2923.5556 8592.6667 0.3402
3235.5556 8592.6667 0.3765
3837.3333 8592.6667 0.4466
3949.6667 8592.6667 0.4597
3965.5556 8592.6667 0.4615
3979.1111 8592.6667 0.4631
3911.8889 8592.6667 0.4553
3883.5556 8592.6667 0.452
3838.5556 8592.6667 0.4467
3751.3333 8592.6667 0.4366
3765.2222 8592.6667 0.4382
4035.7778 8592.6667 0.4697
4413.4444 8592.6667 0.5136
4741.6667 8592.6667 0.5518
4714.8889 8592.6667 0.5487
4603.6667 8592.6667 0.5358
4243 8592.6667 0.4938
3825.1111 8592.6667 0.4452
3337 8592.6667 0.3884
3001.4444 8592.6667 0.3493
2849 8592.6667 0.3316
2834.8889 8592.6667 0.3299
2789.7778 8592.6667 0.3247
2841.5556 8592.6667 0.3307
2942.5556 8592.6667 0.3424
3356.6667 8592.6667 0.3906
3900.6667 8592.6667 0.454
3997 8592.6667 0.4652
4038.8889 8592.6667 0.47
4104.4444 8592.6667 0.4777
4059.6667 8592.6667 0.4725
3891.4444 8592.6667 0.4529
3901 8592.6667 0.454
3833 8592.6667 0.4461
3900.3333 8592.6667 0.4539
4042.6667 8592.6667 0.4705
4413.7778 8592.6667 0.5137
4769.6667 8592.6667 0.5551
4841.4444 8592.6667 0.5634
4639.6667 8592.6667 0.54
4297.1111 8592.6667 0.5001
3681 8592.6667 0.4284
3202 8592.6667 0.3726
2946.7778 8592.6667 0.3429
2700.4444 8592.6667 0.3143
2690.7778 8592.6667 0.3131
2678.4444 8592.6667 0.3117
2679.5556 8592.6667 0.3118
2837.2222 8592.6667 0.3302
3275.6667 8592.6667 0.3812
3884 8592.6667 0.452
4119.2222 8592.6667 0.4794
4101.8889 8592.6667 0.4774
4161.8889 8592.6667 0.4844
4151.4444 8592.6667 0.4831
4011.2222 8592.6667 0.4668
3910.4444 8592.6667 0.4551
3939.7778 8592.6667 0.4585
4042.6667 8592.6667 0.4705
4256.8889 8592.6667 0.4954
4456 8592.6667 0.5186
4734.2222 8592.6667 0.551
4655.2222 8592.6667 0.5418
4435.8889 8592.6667 0.5162
4120.2222 8592.6667 0.4795
3733.5556 8592.6667 0.4345
3365.4444 8592.6667 0.3917
3048.1111 8592.6667 0.3547
2771 8592.6667 0.3225
2713.2222 8592.6667 0.3158
2674.7778 8592.6667 0.3113
2744.4444 8592.6667 0.3194
2894.6667 8592.6667 0.3369
3234.4444 8592.6667 0.3764
3777.7778 8592.6667 0.4397
3944.5556 8592.6667 0.4591
4196 8592.6667 0.4883
4194.3333 8592.6667 0.4881
4116.3333 8592.6667 0.4791
4019.5556 8592.6667 0.4678
3950.6667 8592.6667 0.4598
3918.6667 8592.6667 0.456
4067.1111 8592.6667 0.4733
4239.3333 8592.6667 0.4934
4480.5556 8592.6667 0.5214
4809.7778 8592.6667 0.5598
4788.1111 8592.6667 0.5572
4638.1111 8592.6667 0.5398
4229.5556 8592.6667 0.4922
3758.3333 8592.6667 0.4374
3258.7778 8592.6667 0.3793
2946.7778 8592.6667 0.3429
2738.8889 8592.6667 0.3187
2693.7778 8592.6667 0.3135
2594.1111 8592.6667 0.3019
2600.3333 8592.6667 0.3026
2782.5556 8592.6667 0.3238
3160.7778 8592.6667 0.3678
3768.8889 8592.6667 0.4386
4018.6667 8592.6667 0.4677
4105.8889 8592.6667 0.4778
4193.4444 8592.6667 0.488
4115.5556 8592.6667 0.479
4048.6667 8592.6667 0.4712
4107.8889 8592.6667 0.4781
3966.7778 8592.6667 0.4616
3951.1111 8592.6667 0.4598
4176.8889 8592.6667 0.4861
4364.2222 8592.6667 0.5079
4711.4444 8592.6667 0.5483
4671.2222 8592.6667 0.5436
4544.7778 8592.6667 0.5289
4191.2222 8592.6667 0.4878
3723.8889 8592.6667 0.4334
3339 8592.6667 0.3886
3072 8592.6667 0.3575
2891.2222 8592.6667 0.3365
2832.3333 8592.6667 0.3296
2864.3333 8592.6667 0.3333
2896.2222 8592.6667 0.3371
3032.5556 8592.6667 0.3529
3468.6667 8592.6667 0.4037
4068.4444 8592.6667 0.4735
4187.7778 8592.6667 0.4874
4187.4444 8592.6667 0.4873
4153.5556 8592.6667 0.4834
4114.3333 8592.6667 0.4788
4057 8592.6667 0.4721
4005 8592.6667 0.4661
3914.7778 8592.6667 0.4556
3863.3333 8592.6667 0.4496
4072.6667 8592.6667 0.474
4396.5556 8592.6667 0.5117
4660.1111 8592.6667 0.5423
4651.6667 8592.6667 0.5414
4497.1111 8592.6667 0.5234
4346.8889 8592.6667 0.5059
4000.1111 8592.6667 0.4655
3437.5556 8592.6667 0.4001
3030.4444 8592.6667 0.3527
2887.7778 8592.6667 0.3361
2863.1111 8592.6667 0.3332
2818.3333 8592.6667 0.328
2860.1111 8592.6667 0.3329
2904.4444 8592.6667 0.338
3354.8889 8592.6667 0.3904
3917.2222 8592.6667 0.4559
4061.3333 8592.6667 0.4727
4124.3333 8592.6667 0.48
4187.2222 8592.6667 0.4873
4067.5556 8592.6667 0.4734
4028 8592.6667 0.4688
3948.2222 8592.6667 0.4595
3905.2222 8592.6667 0.4545
4069.4444 8592.6667 0.4736
4381.2222 8592.6667 0.5099
4510.2222 8592.6667 0.5249
4533.1111 8592.6667 0.5276
4379.2222 8592.6667 0.5096
4322.2222 8592.6667 0.503
4073.5556 8592.6667 0.4741
3790.1111 8592.6667 0.4411
3322.4444 8592.6667 0.3867
2962.8889 8592.6667 0.3448