3066 8592.6667 0.3568
2854.6667 8592.6667 0.3322
2732.6667 8592.6667 0.318
2671.1111 8592.6667 0.3109
2870.3333 8592.6667 0.334
2903.6667 8592.6667 0.3379
3329.7778 8592.6667 0.3875
3668 8592.6667 0.4269
4020.1111 8592.6667 0.4679
4086.7778 8592.6667 0.4756
4130.5556 8592.6667 0.4807
4157.3333 8592.6667 0.4838
4257.6667 8592.6667 0.4955
4237 8592.6667 0.4931
4216.2222 8592.6667 0.4907
4408.1111 8592.6667 0.513
4579.5556 8592.6667 0.533
4512.1111 8592.6667 0.5251
4454.7778 8592.6667 0.5184
4329.7778 8592.6667 0.5039
4225.8889 8592.6667 0.4918
3770.5556 8592.6667 0.4388
3529.1111 8592.6667 0.4107
3184.1111 8592.6667 0.3706
2978.1111 8592.6667 0.3466
2861.6667 8592.6667 0.333
2811.2222 8592.6667 0.3272
2843.4444 8592.6667 0.3309
2838.7778 8592.6667 0.3304
2901.3333 8592.6667 0.3377
3322.1111 8592.6667 0.3866
3642.1111 8592.6667 0.4239
3918.4444 8592.6667 0.456
4040.8889 8592.6667 0.4703
4216.7778 8592.6667 0.4907
4268 8592.6667 0.4967
4395.5556 8592.6667 0.5115
4375 8592.6667 0.5092
4363.4444 8592.6667 0.5078
4355.7778 8592.6667 0.5069
4512.5556 8592.6667 0.5252
4469.6667 8592.6667 0.5202
4392.3333 8592.6667 0.5112
4252.2222 8592.6667 0.4949
4242.4444 8592.6667 0.4937
3929.5556 8592.6667 0.4573
3469 8592.6667 0.4037
3199.3333 8592.6667 0.3723
3035.3333 8592.6667 0.3532
2893.2222 8592.6667 0.3367
2875.3333 8592.6667 0.3346
2821.7778 8592.6667 0.3284
2831.6667 8592.6667 0.3295
2970.2222 8592.6667 0.3457
3371.5556 8592.6667 0.3924
3539.3333 8592.6667 0.4119
3753.6667 8592.6667 0.4368
4064.5556 8592.6667 0.473
4155.1111 8592.6667 0.4836
4220.4444 8592.6667 0.4912
4188.5556 8592.6667 0.4875
4232.4444 8592.6667 0.4926
4341.4444 8592.6667 0.5052
4457.3333 8592.6667 0.5187
4632.7778 8592.6667 0.5392
4520.4444 8592.6667 0.5261
4522 8592.6667 0.5263
4506.2222 8592.6667 0.5244
4318.5556 8592.6667 0.5026
3928.8889 8592.6667 0.4572
3575 8592.6667 0.4161
3104.5556 8592.6667 0.3613
2897.3333 8592.6667 0.3372
2757.3333 8592.6667 0.3209
2765.4444 8592.6667 0.3218
2761.6667 8592.6667 0.3214
2792.3333 8592.6667 0.325
2936.4444 8592.6667 0.3417
3261.6667 8592.6667 0.3796
3626.5556 8592.6667 0.4221
3878.1111 8592.6667 0.4513
4076.2222 8592.6667 0.4744
4197.2222 8592.6667 0.4885
4231.5556 8592.6667 0.4925
4259.5556 8592.6667 0.4957
4258.8889 8592.6667 0.4956
4355 8592.6667 0.5068
4521.6667 8592.6667 0.5262
4624.8889 8592.6667 0.5382
4753.1111 8592.6667 0.5532
4752.6667 8592.6667 0.5531
4488.6667 8592.6667 0.5224
4439.5556 8592.6667 0.5167
4092.6667 8592.6667 0.4763
3618.6667 8592.6667 0.4211
3085.7778 8592.6667 0.3591
2904.4444 8592.6667 0.338
2780.8889 8592.6667 0.3236
2698.4444 8592.6667 0.314
2680.4444 8592.6667 0.3119
2739.3333 8592.6667 0.3188
2904 8592.6667 0.338
3313.1111 8592.6667 0.3856
3737.5556 8592.6667 0.435
3864.3333 8592.6667 0.4497
4173.1111 8592.6667 0.4857
4221 8592.6667 0.4912
4264.1111 8592.6667 0.4963
4334 8592.6667 0.5044
4391.3333 8592.6667 0.5111
4572.6667 8592.6667 0.5322
4694.1111 8592.6667 0.5463
4883.2222 8592.6667 0.5683
4800.3333 8592.6667 0.5587
4751.2222 8592.6667 0.5529
4528.4444 8592.6667 0.527
4332.7778 8592.6667 0.5042
3913.8889 8592.6667 0.4555
3533.8889 8592.6667 0.4113
3060.5556 8592.6667 0.3562
2786.1111 8592.6667 0.3242
2638 8592.6667 0.307
2646.8889 8592.6667 0.308
2636.3333 8592.6667 0.3068
2660.1111 8592.6667 0.3096
2781.7778 8592.6667 0.3237
3063.6667 8592.6667 0.3565
3465.1111 8592.6667 0.4033
3873.1111 8592.6667 0.4507
4156.4444 8592.6667 0.4837
4223.8889 8592.6667 0.4916
4280.2222 8592.6667 0.4981
4325.5556 8592.6667 0.5034
4303.8889 8592.6667 0.5009
4440.7778 8592.6667 0.5168
4539.3333 8592.6667 0.5283
4732.3333 8592.6667 0.5507
4674 8592.6667 0.544
4547.5556 8592.6667 0.5292
4441.6667 8592.6667 0.5169
4295.7778 8592.6667 0.4999
3885.7778 8592.6667 0.4522
3609.4444 8592.6667 0.4201
3198.6667 8592.6667 0.3723
2908.6667 8592.6667 0.3385
2729.7778 8592.6667 0.3177
2694 8592.6667 0.3135
2694.5556 8592.6667 0.3136
2781.1111 8592.6667 0.3237
2984.7778 8592.6667 0.3474
3329.8889 8592.6667 0.3875
3717.7778 8592.6667 0.4327
3955.7778 8592.6667 0.4604
4230.3333 8592.6667 0.4923
4226 8592.6667 0.4918
4241.1111 8592.6667 0.4936
4353.5556 8592.6667 0.5067
4448.1111 8592.6667 0.5177
4597 8592.6667 0.535
4616.7778 8592.6667 0.5373
4723.7778 8592.6667 0.5497
4592.4444 8592.6667 0.5345
4515.8889 8592.6667 0.5256
4401.3333 8592.6667 0.5122
4379.3333 8592.6667 0.5097
4005.5556 8592.6667 0.4662
3652.3333 8592.6667 0.4251
3205.7778 8592.6667 0.3731
3077.3333 8592.6667 0.3581
2968.7778 8592.6667 0.3455
2930.6667 8592.6667 0.3411
2787.1111 8592.6667 0.3244
2830.4444 8592.6667 0.3294
2982 8592.6667 0.347
3288 8592.6667 0.3827
3507.2222 8592.6667 0.4082
3671.7778 8592.6667 0.4273
3889.2222 8592.6667 0.4526
4067.1111 8592.6667 0.4733
4119.1111 8592.6667 0.4794
4234.7778 8592.6667 0.4928
4334 8592.6667 0.5044
4320.4444 8592.6667 0.5028
4394.4444 8592.6667 0.5114
4516.3333 8592.6667 0.5256
4330.5556 8592.6667 0.504
4332.8889 8592.6667 0.5043
4243.4444 8592.6667 0.4938
4220 8592.6667 0.4911
3928.6667 8592.6667 0.4572
3489.8889 8592.6667 0.4061
3209.6667 8592.6667 0.3735
3002.1111 8592.6667 0.3494
2887.2222 8592.6667 0.336
2806.7778 8592.6667 0.3266
2767.3333 8592.6667 0.3221
2871.3333 8592.6667 0.3342
3055.5556 8592.6667 0.3556
3298.5556 8592.6667 0.3839
3599.4444 8592.6667 0.4189
3726 8592.6667 0.4336
3886.7778 8592.6667 0.4523
4035.4444 8592.6667 0.4696
4245.6667 8592.6667 0.4941
4291.8889 8592.6667 0.4995
4302.7778 8592.6667 0.5007
4404.7778 8592.6667 0.5126
4401.4444 8592.6667 0.5122
4512.7778 8592.6667 0.5252
4493.1111 8592.6667 0.5229
4469.6667 8592.6667 0.5202
4402.5556 8592.6667 0.5124
4280.4444 8592.6667 0.4982
3847.7778 8592.6667 0.4478
3389.4444 8592.6667 0.3945
3096.5556 8592.6667 0.3604
3012.6667 8592.6667 0.3506
2946.2222 8592.6667 0.3429
2837.8889 8592.6667 0.3303
2820.5556 8592.6667 0.3283
2854.2222 8592.6667 0.3322
2997.1111 8592.6667 0.3488
3278.1111 8592.6667 0.3815
3356.2222 8592.6667 0.3906
3559.8889 8592.6667 0.4143
3854.7778 8592.6667 0.4486
4063.7778 8592.6667 0.4729
4164.5556 8592.6667 0.4847
4180.7778 8592.6667 0.4866
4181.4444 8592.6667 0.4866
4233.8889 8592.6667 0.4927
4307.6667 8592.6667 0.5013
4358.8889 8592.6667 0.5073
4361.3333 8592.6667 0.5076
4364.2222 8592.6667 0.5079
4230.5556 8592.6667 0.4923
3999.5556 8592.6667 0.4655
3736.3333 8592.6667 0.4348
3482.5556 8592.6667 0.4053
2988.5556 8592.6667 0.3478
2867.1111 8592.6667 0.3337
2819 8592.6667 0.3281
2764.6667 8592.6667 0.3217
2681.7778 8592.6667 0.3121
2745.2222 8592.6667 0.3195
2865.2222 8592.6667 0.3334
3212.4444 8592.6667 0.3739
3354.4444 8592.6667 0.3904
3662.5556 8592.6667 0.4262
3806.2222 8592.6667 0.443
3901.8889 8592.6667 0.4541
4023.7778 8592.6667 0.4683
4220.2222 8592.6667 0.4911
4306 8592.6667 0.5011
4338.1111 8592.6667 0.5049
4506 8592.6667 0.5244
4631.1111 8592.6667 0.539
4637.6667 8592.6667 0.5397
4564.5556 8592.6667 0.5312
4425.1111 8592.6667 0.515
4298.2222 8592.6667 0.5002
3878.3333 8592.6667 0.4514
3512.6667 8592.6667 0.4088
3105.7778 8592.6667 0.3614
2995.5556 8592.6667 0.3486
2838.8889 8592.6667 0.3304
2774.1111 8592.6667 0.3228
2760.2222 8592.6667 0.3212
2785.6667 8592.6667 0.3242
2981.4444 8592.6667 0.347
3363.7778 8592.6667 0.3915
3571 8592.6667 0.4156
3888.3333 8592.6667 0.4525
4043.8889 8592.6667 0.4706
4159.8889 8592.6667 0.4841
4286.2222 8592.6667 0.4988
4325.3333 8592.6667 0.5034
4346.7778 8592.6667 0.5059
4450.7778 8592.6667 0.518
4583.4444 8592.6667 0.5334
4713.3333 8592.6667 0.5485
4641.1111 8592.6667 0.5401
4567.5556 8592.6667 0.5316
4419.1111 8592.6667 0.5143
4317.7778 8592.6667 0.5025
3885.4444 8592.6667 0.4522
3540.6667 8592.6667 0.4121
3205 8592.6667 0.373
3053.7778 8592.6667 0.3554
2955.8889 8592.6667 0.344
2923.2222 8592.6667 0.3402
2779.1111 8592.6667 0.3234
2780.4444 8592.6667 0.3236
2945.5556 8592.6667 0.3428
3321.2222 8592.6667 0.3865
3605.6667 8592.6667 0.4196
3750.2222 8592.6667 0.4364
3978.5556 8592.6667 0.463
4138.5556 8592.6667 0.4816
4279.2222 8592.6667 0.498
4326.8889 8592.6667 0.5036
4483 8592.6667 0.5217
4491.7778 8592.6667 0.5227
4538.4444 8592.6667 0.5282
4549.2222 8592.6667 0.5294
4537.4444 8592.6667 0.5281
4549 8592.6667 0.5294
4318 8592.6667 0.5025
4169.6667 8592.6667 0.4853
3885.5556 8592.6667 0.4522
3537.8889 8592.6667 0.4117
3226.5556 8592.6667 0.3755
3122.6667 8592.6667 0.3634
2948.1111 8592.6667 0.3431
2931.7778 8592.6667 0.3412
2827 8592.6667 0.329
3042.3333 8592.6667 0.3541
3096.7778 8592.6667 0.3604
3425 8592.6667 0.3986
3627 8592.6667 0.4221
3838.6667 8592.6667 0.4467
4087.4444 8592.6667 0.4757
4186 8592.6667 0.4872
4245.1111 8592.6667 0.494
4274.7778 8592.6667 0.4975
4315.3333 8592.6667 0.5022
4420.5556 8592.6667 0.5145
4540.2222 8592.6667 0.5284
4690.1111 8592.6667 0.5458
4546.1111 8592.6667 0.5291
4308.3333 8592.6667 0.5014
4209.6667 8592.6667 0.4899
4189.1111 8592.6667 0.4875
3906.4444 8592.6667 0.4546
3430.8889 8592.6667 0.3993
3087.5556 8592.6667 0.3593
3001.6667 8592.6667 0.3493
2879 8592.6667 0.3351
2855.8889 8592.6667 0.3324
2840.2222 8592.6667 0.3305
2883.5556 8592.6667 0.3356
3021.1111 8592.6667 0.3516
3268 8592.6667 0.3803
3381.1111 8592.6667 0.3935
3559.1111 8592.6667 0.4142
3799 8592.6667 0.4421
3961 8592.6667 0.461
4063.6667 8592.6667 0.4729
4210.3333 8592.6667 0.49
4165.4444 8592.6667 0.4848
4247.3333 8592.6667 0.4943
4258.1111 8592.6667 0.4956
4396.5556 8592.6667 0.5117
4418.2222 8592.6667 0.5142
4421.1111 8592.6667 0.5145
4387.4444 8592.6667 0.5106
4290.7778 8592.6667 0.4994
3900.1111 8592.6667 0.4539
3428.3333 8592.6667 0.399
3240.1111 8592.6667 0.3771
3053.2222 8592.6667 0.3553
2925.3333 8592.6667 0.3404
2784.2222 8592.6667 0.324
2707.6667 8592.6667 0.3151
2704.6667 8592.6667 0.3148
2805.7778 8592.6667 0.3265
3217.5556 8592.6667 0.3745
3439.2222 8592.6667 0.4003
3737.8889 8592.6667 0.435
4023.8889 8592.6667 0.4683
4176.8889 8592.6667 0.4861
4200.3333 8592.6667 0.4888
4203.7778 8592.6667 0.4892
4134.4444 8592.6667 0.4812
4167.3333 8592.6667 0.485
4373.4444 8592.6667 0.509
4423.3333 8592.6667 0.5148
4271.3333 8592.6667 0.4971
4221.2222 8592.6667 0.4913
4173.3333 8592.6667 0.4857
4143.8889 8592.6667 0.4823
3812.3333 8592.6667 0.4437
3350.8889 8592.6667 0.39
3096.5556 8592.6667 0.3604
2864.3333 8592.6667 0.3333
2740.5556 8592.6667 0.3189
2678.6667 8592.6667 0.3117
2679 8592.6667 0.3118
2807.1111 8592.6667 0.3267
2993.4444 8592.6667 0.3484
3282.5556 8592.6667 0.382
3424.6667 8592.6667 0.3986
3616.6667 8592.6667 0.4209
3907 8592.6667 0.4547
4048.3333 8592.6667 0.4711
4103 8592.6667 0.4775
4177.6667 8592.6667 0.4862
4064.4444 8592.6667 0.473
4153 8592.6667 0.4833
4262.2222 8592.6667 0.496
4317.2222 8592.6667 0.5024
4386.7778 8592.6667 0.5105
4388.6667 8592.6667 0.5107
4180 8592.6667 0.4865
4080.7778 8592.6667 0.4749
3755.4444 8592.6667 0.4371
3344.1111 8592.6667 0.3892
3049.6667 8592.6667 0.3549
2855.8889 8592.6667 0.3324
2861.7778 8592.6667 0.333
2774.3333 8592.6667 0.3229
2733.3333 8592.6667 0.3181
2760.3333 8592.6667 0.3212
2934.2222 8592.6667 0.3415
3299.6667 8592.6667 0.384
3461.7778 8592.6667 0.4029
3671.5556 8592.6667 0.4273
3847.5556 8592.6667 0.4478
4095.8889 8592.6667 0.4767
4230.7778 8592.6667 0.4924
4156.4444 8592.6667 0.4837
4140.7778 8592.6667 0.4819
4244.8889 8592.6667 0.494
4509 8592.6667 0.5247
4650.7778 8592.6667 0.5412
4560.2222 8592.6667 0.5307
4530.5556 8592.6667 0.5273
4347.2222 8592.6667 0.5059
4135.4444 8592.6667 0.4813
3721.4444 8592.6667 0.4331
3376.5556 8592.6667 0.393
3124.4444 8592.6667 0.3636
3017.8889 8592.6667 0.3512
2889.8889 8592.6667 0.3363
2801.5556 8592.6667 0.326
2664.8889 8592.6667 0.3101
2730.7778 8592.6667 0.3178
2943.4444 8592.6667 0.3426
3277.8889 8592.6667 0.3815
3441.8889 8592.6667 0.4006
3735.4444 8592.6667 0.4347
4040.2222 8592.6667 0.4702
4152.8889 8592.6667 0.4833
4279.1111 8592.6667 0.498
4342 8592.6667 0.5053
4460.7778 8592.6667 0.5191
4513.3333 8592.6667 0.5253
4647.3333 8592.6667 0.5408
4718.2222 8592.6667 0.5491
4650.2222 8592.6667 0.5412
4561.2222 8592.6667 0.5308
4348 8592.6667 0.506
4210.3333 8592.6667 0.49
3759.8889 8592.6667 0.4376
3389 8592.6667 0.3944
3106.6667 8592.6667 0.3615
2769.6667 8592.6667 0.3223
2628.8889 8592.6667 0.3059
2615.3333 8592.6667 0.3044
2574.7778 8592.6667 0.2996
2662.4444 8592.6667 0.3099
2846.4444 8592.6667 0.3313
3110.3333 8592.6667 0.362
3443.7778 8592.6667 0.4008
3678.3333 8592.6667 0.4281
3941 8592.6667 0.4586
4162.2222 8592.6667 0.4844
4286.2222 8592.6667 0.4988
4436.7778 8592.6667 0.5163
4375 8592.6667 0.5092
4561.6667 8592.6667 0.5309
4658.2222 8592.6667 0.5421
4806.4444 8592.6667 0.5594
4741.4444 8592.6667 0.5518
4638.4444 8592.6667 0.5398
4440.8889 8592.6667 0.5168
4231 8592.6667 0.4924
3765.2222 8592.6667 0.4382
3444.6667 8592.6667 0.4009
3180.8889 8592.6667 0.3702
2947.2222 8592.6667 0.343
2797.7778 8592.6667 0.3256
2700.2222 8592.6667 0.3142
2590.3333 8592.6667 0.3015
2683.2222 8592.6667 0.3123
2823.3333 8592.6667 0.3286
3127.7778 8592.6667 0.364
3325.1111 8592.6667 0.387
3585.7778 8592.6667 0.4173
3915.3333 8592.6667 0.4557
4123.2222 8592.6667 0.4799
4146.5556 8592.6667 0.4826
4326.8889 8592.6667 0.5036
4433.8889 8592.6667 0.516
4527.7778 8592.6667 0.5269
4715.5556 8592.6667 0.5488
4727.4444 8592.6667 0.5502
4732.1111 8592.6667 0.5507
4608.3333 8592.6667 0.5363
4404.3333 8592.6667 0.5126
4232.2222 8592.6667 0.4925
3883.2222 8592.6667 0.4519
3347.3333 8592.6667 0.3896
2987.5556 8592.6667 0.3477
2871.6667 8592.6667 0.3342
2701.8889 8592.6667 0.3144
2592.1111 8592.6667 0.3017
2578.2222 8592.6667 0.3
2635.8889 8592.6667 0.3068
2845.4444 8592.6667 0.3311
3155.2222 8592.6667 0.3672
3317.2222 8592.6667 0.3861
3639.8889 8592.6667 0.4236
3875.1111 8592.6667 0.451
3922.5556 8592.6667 0.4565
4065.7778 8592.6667 0.4732
4254 8592.6667 0.4951
4276 8592.6667 0.4976
4380.1111 8592.6667 0.5097
4543.6667 8592.6667 0.5288
4537.4444 8592.6667 0.5281
4427.7778 8592.6667 0.5153
4348 8592.6667 0.506
4270.2222 8592.6667 0.497
4121.6667 8592.6667 0.4797
3846.3333 8592.6667 0.4476
3400.1111 8592.6667 0.3957
3170.6667 8592.6667 0.369
2944.6667 8592.6667 0.3427
2773.8889 8592.6667 0.3228
2730 8592.6667 0.3177
2787.1111 8592.6667 0.3244
2853.8889 8592.6667 0.3321
2838.3333 8592.6667 0.3303
3134.4444 8592.6667 0.3648
3472.7778 8592.6667 0.4042
3647.7778 8592.6667 0.4245
3831.3333 8592.6667 0.4459
3924.7778 8592.6667 0.4568
4130.2222 8592.6667 0.4807
4227.7778 8592.6667 0.492
4308.6667 8592.6667 0.5014
4403.2222 8592.6667 0.5124
4394.1111 8592.6667 0.5114
4414.3333 8592.6667 0.5137
4316.8889 8592.6667 0.5024
4213 8592.6667 0.4903
4157.5556 8592.6667 0.4838
4199.4444 8592.6667 0.4887
3844.3333 8592.6667 0.4474
3435.2222 8592.6667 0.3998
3029.1111 8592.6667 0.3525
2971.2222 8592.6667 0.3458
2873.6667 8592.6667 0.3344
2727.3333 8592.6667 0.3174
2662.8889 8592.6667 0.3099
2678.5556 8592.6667 0.3117
2824.6667 8592.6667 0.3287
3117.1111 8592.6667 0.3628
3313 8592.6667 0.3856
3542.7778 8592.6667 0.4123
3721.4444 8592.6667 0.4331
3923.5556 8592.6667 0.4566
4006.6667 8592.6667 0.4663
4135.7778 8592.6667 0.4813
4265.3333 8592.6667 0.4964
4286.1111 8592.6667 0.4988
4464.2222 8592.6667 0.5195
4562.2222 8592.6667 0.5309
4434.7778 8592.6667 0.5161
4314.7778 8592.6667 0.5021
4204.6667 8592.6667 0.4893
3973.1111 8592.6667 0.4624
3595.5556 8592.6667 0.4184
3348.1111 8592.6667 0.3896
3038.3333 8592.6667 0.3536
2890.8889 8592.6667 0.3364
2793.8889 8592.6667 0.3251
2673.6667 8592.6667 0.3112
2634.6667 8592.6667 0.3066
2715.2222 8592.6667 0.316
2829.6667 8592.6667 0.3293
3112.2222 8592.6667 0.3622
3313 8592.6667 0.3856
3482.4444 8592.6667 0.4053
3641.3333 8592.6667 0.4238
3815.8889 8592.6667 0.4441
4095.6667 8592.6667 0.4766
4137.1111 8592.6667 0.4815
4188 8592.6667 0.4874
4219.7778 8592.6667 0.4911
4411.8889 8592.6667 0.5134
4476.3333 8592.6667 0.5209
4461.1111 8592.6667 0.5192
4389.2222 8592.6667 0.5108
4242.3333 8592.6667 0.4937
4063.1111 8592.6667 0.4729
3664.3333 8592.6667 0.4264
3362.1111 8592.6667 0.3913
3067.3333 8592.6667 0.357
2796.7778 8592.6667 0.3255
2638 8592.6667 0.307
2612.8889 8592.6667 0.3041
2497.7778 8592.6667 0.2907
2553.2222 8592.6667 0.2971
2721.1111 8592.6667 0.3167
2982.5556 8592.6667 0.3471
3369.3333 8592.6667 0.3921
3651.4444 8592.6667 0.4249
3837.6667 8592.6667 0.4466
3899.6667 8592.6667 0.4538
4020.3333 8592.6667 0.4679
4170.5556 8592.6667 0.4854
4183 8592.6667 0.4868
4370.5556 8592.6667 0.5086
4455.7778 8592.6667 0.5186
4610.1111 8592.6667 0.5365
4527.8889 8592.6667 0.5269
4420.7778 8592.6667 0.5145
4318.8889 8592.6667 0.5026
4095.4444 8592.6667 0.4766
3616.1111 8592.6667 0.4208
3234.1111 8592.6667 0.3764
2999.2222 8592.6667 0.349
2830.8889 8592.6667 0.3295
2701.1111 8592.6667 0.3144
2766.7778 8592.6667 0.322
2811.5556 8592.6667 0.3272
2748.3333 8592.6667 0.3198
2829.7778 8592.6667 0.3293
3105.1111 8592.6667 0.3614
3397.7778 8592.6667 0.3954
3671.8889 8592.6667 0.4273
3865.6667 8592.6667 0.4499
3958.1111 8592.6667 0.4606
4187.2222 8592.6667 0.4873
4282.7778 8592.6667 0.4984
4379.4444 8592.6667 0.5097
4431.4444 8592.6667 0.5157
4688 8592.6667 0.5456
4621.8889 8592.6667 0.5379
4565.7778 8592.6667 0.5314
4515.3333 8592.6667 0.5255
4373.5556 8592.6667 0.509
4139.3333 8592.6667 0.4817
3764.1111 8592.6667 0.4381
3351 8592.6667 0.39
3086.7778 8592.6667 0.3592
2914.2222 8592.6667 0.3392
2780.1111 8592.6667 0.3235
2787.8889 8592.6667 0.3244
2794.4444 8592.6667 0.3252
2890 8592.6667 0.3363
2800.8889 8592.6667 0.326
2905.1111 8592.6667 0.3381
3243.5556 8592.6667 0.3775
3508 8592.6667 0.4083
3729.2222 8592.6667 0.434
3930.1111 8592.6667 0.4574
4102.7778 8592.6667 0.4775
4268.7778 8592.6667 0.4968
4291.7778 8592.6667 0.4995
4230.2222 8592.6667 0.4923
4397.4444 8592.6667 0.5118
4442.7778 8592.6667 0.517
4273.4444 8592.6667 0.4973
4203.6667 8592.6667 0.4892
4096 8592.6667 0.4767
4113.7778 8592.6667 0.4788
3658.7778 8592.6667 0.4258
3266.1111 8592.6667 0.3801
2974.2222 8592.6667 0.3461
2893.6667 8592.6667 0.3368
2797.3333 8592.6667 0.3255
2665.7778 8592.6667 0.3102
2665.6667 8592.6667 0.3102
2825 8592.6667 0.3288
2830.8889 8592.6667 0.3295
2983.7778 8592.6667 0.3472
3354.8889 8592.6667 0.3904
3638.1111 8592.6667 0.4234
3847.3333 8592.6667 0.4477
3954.4444 8592.6667 0.4602
4048.4444 8592.6667 0.4712
4129.6667 8592.6667 0.4806
4200.8889 8592.6667 0.4889
4234 8592.6667 0.4927
4369 8592.6667 0.5085
4497.6667 8592.6667 0.5234
4511.4444 8592.6667 0.525
4432.7778 8592.6667 0.5159
4191.8889 8592.6667 0.4878
4024.3333 8592.6667 0.4683
3692 8592.6667 0.4297
3277.5556 8592.6667 0.3814
3026.7778 8592.6667 0.3523
2850.6667 8592.6667 0.3318
2779.1111 8592.6667 0.3234
2688.4444 8592.6667 0.3129
2581.5556 8592.6667 0.3004
2729.7778 8592.6667 0.3177
2820.7778 8592.6667 0.3283
2942.5556 8592.6667 0.3424
3276.6667 8592.6667 0.3813
3593.2222 8592.6667 0.4182
3853.6667 8592.6667 0.4485
3928.8889 8592.6667 0.4572
3962 8592.6667 0.4611
3968.7778 8592.6667 0.4619
4082.2222 8592.6667 0.4751
4186.6667 8592.6667 0.4872
4301.7778 8592.6667 0.5006
4465.3333 8592.6667 0.5197
4398.5556 8592.6667 0.5119
4369.5556 8592.6667 0.5085
4276.5556 8592.6667 0.4977
4143.7778 8592.6667 0.4822
3680.5556 8592.6667 0.4283
3294 8592.6667 0.3834
3011.8889 8592.6667 0.3505
2943.5556 8592.6667 0.3426
2774.2222 8592.6667 0.3229
2636.5556 8592.6667 0.3068
2628.1111 8592.6667 0.3059
2622.2222 8592.6667 0.3052
2725.7778 8592.6667 0.3172
2898.5556 8592.6667 0.3373
3145.8889 8592.6667 0.3661
3425.2222 8592.6667 0.3986
3682.7778 8592.6667 0.4286
3749.3333 8592.6667 0.4363
3947.8889 8592.6667 0.4594
4017.3333 8592.6667 0.4675
4064.1111 8592.6667 0.473
4117 8592.6667 0.4791
4250 8592.6667 0.4946
4351.3333 8592.6667 0.5064
4339.7778 8592.6667 0.5051
4229.1111 8592.6667 0.4922
4119.8889 8592.6667 0.4795
3957.6667 8592.6667 0.4606
3646.7778 8592.6667 0.4244
3354.1111 8592.6667 0.3903
2942 8592.6667 0.3424