3123.1111 8592.6667 0.3635
2965.2222 8592.6667 0.3451
2882.4444 8592.6667 0.3355
2788.6667 8592.6667 0.3245
2737.7778 8592.6667 0.3186
2775.6667 8592.6667 0.323
2951.6667 8592.6667 0.3435
3189 8592.6667 0.3711
3277.8889 8592.6667 0.3815
3634.5556 8592.6667 0.423
3862.7778 8592.6667 0.4495
3944.4444 8592.6667 0.459
3951.8889 8592.6667 0.4599
3883.3333 8592.6667 0.4519
3837.6667 8592.6667 0.4466
3879.6667 8592.6667 0.4515
4341.6667 8592.6667 0.5053
5051.4444 8592.6667 0.5879
5029.2222 8592.6667 0.5853
4789 8592.6667 0.5573
4652.2222 8592.6667 0.5414
4356.1111 8592.6667 0.507
3766.8889 8592.6667 0.4384
3303.3333 8592.6667 0.3844
2922.4444 8592.6667 0.3401
2783.5556 8592.6667 0.3239
2676.2222 8592.6667 0.3115
2602.4444 8592.6667 0.3029
2629.5556 8592.6667 0.306
2775.2222 8592.6667 0.323
3131.5556 8592.6667 0.3644
3693.5556 8592.6667 0.4298
4098.7778 8592.6667 0.477
4347.8889 8592.6667 0.506
4445.1111 8592.6667 0.5173
4385.7778 8592.6667 0.5104
4358.6667 8592.6667 0.5073
4250.6667 8592.6667 0.4947
4189.3333 8592.6667 0.4875
4315.6667 8592.6667 0.5022
4631.2222 8592.6667 0.539
5289.5556 8592.6667 0.6156
5232.6667 8592.6667 0.609
5108.8889 8592.6667 0.5946
4906.7778 8592.6667 0.571
4473.2222 8592.6667 0.5206
3922.7778 8592.6667 0.4565
3422 8592.6667 0.3982
3255 8592.6667 0.3788
3020.4444 8592.6667 0.3515
2954 8592.6667 0.3438
2866 8592.6667 0.3335
2858.3333 8592.6667 0.3326
2990 8592.6667 0.348
3414.5556 8592.6667 0.3974
4071.8889 8592.6667 0.4739
4481.7778 8592.6667 0.5216
4596.3333 8592.6667 0.5349
4647.5556 8592.6667 0.5409
4676.5556 8592.6667 0.5442
4672.7778 8592.6667 0.5438
4472.4444 8592.6667 0.5205
4456.5556 8592.6667 0.5186
4576.3333 8592.6667 0.5326
4931.3333 8592.6667 0.5739
5494.8889 8592.6667 0.6395
5490.7778 8592.6667 0.639
5377.3333 8592.6667 0.6258
5131.7778 8592.6667 0.5972
4688.6667 8592.6667 0.5457
4210.2222 8592.6667 0.49
3632.2222 8592.6667 0.4227
3338.2222 8592.6667 0.3885
3139.6667 8592.6667 0.3654
3032.1111 8592.6667 0.3529
2962 8592.6667 0.3447
2966.7778 8592.6667 0.3453
3139.6667 8592.6667 0.3654
3706.4444 8592.6667 0.4313
4337.8889 8592.6667 0.5048
4658.3333 8592.6667 0.5421
4719.3333 8592.6667 0.5492
4570.1111 8592.6667 0.5319
4478.4444 8592.6667 0.5212
4450.2222 8592.6667 0.5179
4417.8889 8592.6667 0.5141
4382.5556 8592.6667 0.51
4392.8889 8592.6667 0.5112
4892.7778 8592.6667 0.5694
5429.6667 8592.6667 0.6319
5386.6667 8592.6667 0.6269
5220.7778 8592.6667 0.6076
4969.2222 8592.6667 0.5783
4698.8889 8592.6667 0.5468
4304.6667 8592.6667 0.501
3827.4444 8592.6667 0.4454
3457.5556 8592.6667 0.4024
3223.8889 8592.6667 0.3752
3207.4444 8592.6667 0.3733
3259.7778 8592.6667 0.3794
3254.8889 8592.6667 0.3788
3317.3333 8592.6667 0.3861
3912.1111 8592.6667 0.4553
4647.5556 8592.6667 0.5409
4857.4444 8592.6667 0.5653
4928.5556 8592.6667 0.5736
4992.5556 8592.6667 0.581
4844.8889 8592.6667 0.5638
4696.5556 8592.6667 0.5466
4519.2222 8592.6667 0.5259
4364.8889 8592.6667 0.508
4507.2222 8592.6667 0.5245
4916.7778 8592.6667 0.5722
5555.3333 8592.6667 0.6465
5558.7778 8592.6667 0.6469
5446.2222 8592.6667 0.6338
5083.3333 8592.6667 0.5916
4645.3333 8592.6667 0.5406
4125 8592.6667 0.4801
3723.8889 8592.6667 0.4334
3375.3333 8592.6667 0.3928
3079.3333 8592.6667 0.3584
3071.7778 8592.6667 0.3575
3052.8889 8592.6667 0.3553
3157.2222 8592.6667 0.3674
3171.8889 8592.6667 0.3691
3853.2222 8592.6667 0.4484
4660.2222 8592.6667 0.5423
4809.8889 8592.6667 0.5598
4854.6667 8592.6667 0.565
4923 8592.6667 0.5729
4728.5556 8592.6667 0.5503
4573.8889 8592.6667 0.5323
4469.1111 8592.6667 0.5201
4492.5556 8592.6667 0.5228
4672 8592.6667 0.5437
4978.4444 8592.6667 0.5794
5604.7778 8592.6667 0.6523
5633.7778 8592.6667 0.6556
5527.6667 8592.6667 0.6433
5208.4444 8592.6667 0.6061
4824.2222 8592.6667 0.5614
4296.2222 8592.6667 0.5
3773.3333 8592.6667 0.4391
3510.5556 8592.6667 0.4086
3377.1111 8592.6667 0.393
3209.4444 8592.6667 0.3735
3129.8889 8592.6667 0.3643
3087.3333 8592.6667 0.3593
3385.7778 8592.6667 0.394
3937.8889 8592.6667 0.4583
4736.5556 8592.6667 0.5512
4835.8889 8592.6667 0.5628
4842 8592.6667 0.5635
4800.4444 8592.6667 0.5587
4778.1111 8592.6667 0.5561
4620.2222 8592.6667 0.5377
4470.5556 8592.6667 0.5203
4476.7778 8592.6667 0.521
4639.7778 8592.6667 0.54
4979.4444 8592.6667 0.5795
5570.1111 8592.6667 0.6482
5579.3333 8592.6667 0.6493
5411.4444 8592.6667 0.6298
5153.5556 8592.6667 0.5998
4742.8889 8592.6667 0.552
4257.2222 8592.6667 0.4954
3752.5556 8592.6667 0.4367
3381.8889 8592.6667 0.3936
3253.6667 8592.6667 0.3787
3162.8889 8592.6667 0.3681
3170 8592.6667 0.3689
3213.5556 8592.6667 0.374
3378.3333 8592.6667 0.3932
3906 8592.6667 0.4546
4501.7778 8592.6667 0.5239
4688.8889 8592.6667 0.5457
4739.3333 8592.6667 0.5516
4721.4444 8592.6667 0.5495
4580.3333 8592.6667 0.5331
4509.4444 8592.6667 0.5248
4411.7778 8592.6667 0.5134
4402.1111 8592.6667 0.5123
4539.1111 8592.6667 0.5283
4898 8592.6667 0.57
5330.2222 8592.6667 0.6203
5282.7778 8592.6667 0.6148
5233.4444 8592.6667 0.6091
5057 8592.6667 0.5885
4605.1111 8592.6667 0.5359
4003.5556 8592.6667 0.4659
3538.7778 8592.6667 0.4118
3160.6667 8592.6667 0.3678
3072.3333 8592.6667 0.3576
3005.5556 8592.6667 0.3498
2968.4444 8592.6667 0.3455
3010 8592.6667 0.3503
3149.6667 8592.6667 0.3666
3702.8889 8592.6667 0.4309
4468.3333 8592.6667 0.52
4616.8889 8592.6667 0.5373
4591.3333 8592.6667 0.5343
4562.4444 8592.6667 0.531
4502.1111 8592.6667 0.5239
4566.3333 8592.6667 0.5314
4553 8592.6667 0.5299
4479.7778 8592.6667 0.5213
4568.8889 8592.6667 0.5317
4900.8889 8592.6667 0.5704
5536.4444 8592.6667 0.6443
5518.7778 8592.6667 0.6423
5325 8592.6667 0.6197
4918.8889 8592.6667 0.5725
4491.3333 8592.6667 0.5227
4022.5556 8592.6667 0.4681
3606.6667 8592.6667 0.4197
3317 8592.6667 0.386
3107.4444 8592.6667 0.3616
3019.4444 8592.6667 0.3514
3001.3333 8592.6667 0.3493
3077.5556 8592.6667 0.3582
3304.4444 8592.6667 0.3846
3940.5556 8592.6667 0.4586
4486 8592.6667 0.5221
4552.3333 8592.6667 0.5298
4509.2222 8592.6667 0.5248
4560.3333 8592.6667 0.5307
4473.4444 8592.6667 0.5206
4362.7778 8592.6667 0.5077
4269.4444 8592.6667 0.4969
4224.6667 8592.6667 0.4917
4302.6667 8592.6667 0.5007
4717.1111 8592.6667 0.549
5372.6667 8592.6667 0.6253
5378.2222 8592.6667 0.6259
5178.5556 8592.6667 0.6027
4889.2222 8592.6667 0.569
4490.7778 8592.6667 0.5226
4037.8889 8592.6667 0.4699
3507.3333 8592.6667 0.4082
3342.3333 8592.6667 0.389
3249.3333 8592.6667 0.3782
3174.2222 8592.6667 0.3694
3088.1111 8592.6667 0.3594
3107.2222 8592.6667 0.3616
3317 8592.6667 0.386
3969.3333 8592.6667 0.4619
4545.4444 8592.6667 0.529
4649 8592.6667 0.541
4720.5556 8592.6667 0.5494
4702.4444 8592.6667 0.5473
4648.1111 8592.6667 0.5409
4508.4444 8592.6667 0.5247
4470.4444 8592.6667 0.5203
4460 8592.6667 0.519
4461.4444 8592.6667 0.5192
4770.8889 8592.6667 0.5552
5220.6667 8592.6667 0.6076
5213.6667 8592.6667 0.6068
5151.6667 8592.6667 0.5995
4954.7778 8592.6667 0.5766
4473.8889 8592.6667 0.5207
4109.4444 8592.6667 0.4783
3698.6667 8592.6667 0.4304
3399.1111 8592.6667 0.3956
3383 8592.6667 0.3937
3262.3333 8592.6667 0.3797
3178.4444 8592.6667 0.3699
3136.4444 8592.6667 0.365
3294.2222 8592.6667 0.3834
3964.4444 8592.6667 0.4614
4516.5556 8592.6667 0.5256
4736.4444 8592.6667 0.5512
4820.2222 8592.6667 0.561
4790.3333 8592.6667 0.5575
4815.1111 8592.6667 0.5604
4705.1111 8592.6667 0.5476
4487.4444 8592.6667 0.5222
4374.4444 8592.6667 0.5091
4423.2222 8592.6667 0.5148
4708.3333 8592.6667 0.5479
5325.2222 8592.6667 0.6197
5386.5556 8592.6667 0.6269
5291.8889 8592.6667 0.6159
4986.2222 8592.6667 0.5803
4605 8592.6667 0.5359
4087.2222 8592.6667 0.4757
3660.7778 8592.6667 0.426
3358.5556 8592.6667 0.3909
3259.5556 8592.6667 0.3793
3249.5556 8592.6667 0.3782
3192 8592.6667 0.3715
3264.6667 8592.6667 0.3799
3402.5556 8592.6667 0.396
4002.8889 8592.6667 0.4658
4613.4444 8592.6667 0.5369
4758.1111 8592.6667 0.5537
4754.5556 8592.6667 0.5533
4699.1111 8592.6667 0.5469
4679.5556 8592.6667 0.5446
4582.6667 8592.6667 0.5333
4498.2222 8592.6667 0.5235
4402.4444 8592.6667 0.5123
4465 8592.6667 0.5196
4921.5556 8592.6667 0.5728
5548.4444 8592.6667 0.6457
5554 8592.6667 0.6464
5464.8889 8592.6667 0.636
5216.1111 8592.6667 0.607
4786.2222 8592.6667 0.557
4246.5556 8592.6667 0.4942
3863.4444 8592.6667 0.4496
3419.5556 8592.6667 0.398
3233 8592.6667 0.3763
3278.2222 8592.6667 0.3815
3230.3333 8592.6667 0.3759
3325.3333 8592.6667 0.387
3469.2222 8592.6667 0.4037
4216.4444 8592.6667 0.4907
4895.3333 8592.6667 0.5697
5107.3333 8592.6667 0.5944
5064 8592.6667 0.5893
4924.3333 8592.6667 0.5731
4853.8889 8592.6667 0.5649
4705.6667 8592.6667 0.5476
4656.3333 8592.6667 0.5419
4558 8592.6667 0.5305
4764.3333 8592.6667 0.5545
5043.4444 8592.6667 0.5869
5496 8592.6667 0.6396
5470.5556 8592.6667 0.6367
5391.8889 8592.6667 0.6275
5144.8889 8592.6667 0.5988
4618.4444 8592.6667 0.5375
4110 8592.6667 0.4783
3629.1111 8592.6667 0.4223
3437.3333 8592.6667 0.4
3311.5556 8592.6667 0.3854
3206.2222 8592.6667 0.3731
3171.2222 8592.6667 0.3691
3173 8592.6667 0.3693
3445.6667 8592.6667 0.401
4061.1111 8592.6667 0.4726
4680 8592.6667 0.5447
4910.8889 8592.6667 0.5715
4962.4444 8592.6667 0.5775
4826.8889 8592.6667 0.5617
4664.8889 8592.6667 0.5429
4503.5556 8592.6667 0.5241
4476.2222 8592.6667 0.5209
4397.4444 8592.6667 0.5118
4600.4444 8592.6667 0.5354
4823.6667 8592.6667 0.5614
5261.8889 8592.6667 0.6124
5250.1111 8592.6667 0.611
5186.8889 8592.6667 0.6036
5046.3333 8592.6667 0.5873
4674 8592.6667 0.544
4063.6667 8592.6667 0.4729
3491.2222 8592.6667 0.4063
3265.6667 8592.6667 0.3801
3240.1111 8592.6667 0.3771
3194.1111 8592.6667 0.3717
3091.4444 8592.6667 0.3598
3143.5556 8592.6667 0.3658
3218.1111 8592.6667 0.3745
3762.5556 8592.6667 0.4379
4380.6667 8592.6667 0.5098
4672.3333 8592.6667 0.5438
4768.5556 8592.6667 0.555
4670.7778 8592.6667 0.5436
4574.3333 8592.6667 0.5324
4552.1111 8592.6667 0.5298
4460.5556 8592.6667 0.5191
4385.4444 8592.6667 0.5104
4580.3333 8592.6667 0.5331
4800.2222 8592.6667 0.5586
5405.5556 8592.6667 0.6291
5408.2222 8592.6667 0.6294
5353.2222 8592.6667 0.623
5176.6667 8592.6667 0.6025
4786.4444 8592.6667 0.557
4222.1111 8592.6667 0.4914
3795.6667 8592.6667 0.4417
3570.7778 8592.6667 0.4156
3502.3333 8592.6667 0.4076
3425.2222 8592.6667 0.3986
3350.7778 8592.6667 0.39
3277 8592.6667 0.3814
3288.3333 8592.6667 0.3827
3849.7778 8592.6667 0.448
4439.1111 8592.6667 0.5166
4663.8889 8592.6667 0.5428
4764.2222 8592.6667 0.5545
4742.6667 8592.6667 0.5519
4696.6667 8592.6667 0.5466
4570.6667 8592.6667 0.5319
4440.8889 8592.6667 0.5168
4278.5556 8592.6667 0.4979
4432.4444 8592.6667 0.5158
4622.1111 8592.6667 0.5379
5153.7778 8592.6667 0.5998
5246.7778 8592.6667 0.6106
5153.2222 8592.6667 0.5997
4897.6667 8592.6667 0.57
4620.3333 8592.6667 0.5377
4086.3333 8592.6667 0.4756
3574.3333 8592.6667 0.416
3258.5556 8592.6667 0.3792
3177.3333 8592.6667 0.3698
3138.7778 8592.6667 0.3653
3235 8592.6667 0.3765
3222.5556 8592.6667 0.375
3357.8889 8592.6667 0.3908
3991.5556 8592.6667 0.4645
4597.7778 8592.6667 0.5351
4778.6667 8592.6667 0.5561
4810.8889 8592.6667 0.5599
4775.1111 8592.6667 0.5557
4709.6667 8592.6667 0.5481
4563.3333 8592.6667 0.5311
4558.4444 8592.6667 0.5305
4450 8592.6667 0.5179
4599.3333 8592.6667 0.5353
4795.4444 8592.6667 0.5581
5305.4444 8592.6667 0.6174
5351.6667 8592.6667 0.6228
5268.3333 8592.6667 0.6131
5054.3333 8592.6667 0.5882
4727.1111 8592.6667 0.5501
4100.1111 8592.6667 0.4772
3757.7778 8592.6667 0.4373
3392.4444 8592.6667 0.3948
3352.4444 8592.6667 0.3902
3261.7778 8592.6667 0.3796
3204.2222 8592.6667 0.3729
3155.3333 8592.6667 0.3672
3330 8592.6667 0.3875
4030.3333 8592.6667 0.469
4585 8592.6667 0.5336
4867 8592.6667 0.5664
5007.1111 8592.6667 0.5827
4989.5556 8592.6667 0.5807
4893.7778 8592.6667 0.5695
4849.3333 8592.6667 0.5644
4755 8592.6667 0.5534
4645.1111 8592.6667 0.5406
4660.8889 8592.6667 0.5424
4920.5556 8592.6667 0.5726
5451.6667 8592.6667 0.6345
5433.2222 8592.6667 0.6323
5366.4444 8592.6667 0.6245
5157.5556 8592.6667 0.6002
4821.5556 8592.6667 0.5611
4214.5556 8592.6667 0.4905
3797.3333 8592.6667 0.4419
3516.3333 8592.6667 0.4092
3397 8592.6667 0.3953
3351.5556 8592.6667 0.39
3198.7778 8592.6667 0.3723
3252.3333 8592.6667 0.3785
3337.6667 8592.6667 0.3884
4046.6667 8592.6667 0.4709
4568.5556 8592.6667 0.5317
4741.7778 8592.6667 0.5518
4856.6667 8592.6667 0.5652
4824 8592.6667 0.5614
4843.6667 8592.6667 0.5637
4792.2222 8592.6667 0.5577
4714.4444 8592.6667 0.5487
4672.7778 8592.6667 0.5438
4719 8592.6667 0.5492
4944.8889 8592.6667 0.5755
5515 8592.6667 0.6418
5431.2222 8592.6667 0.6321
5362.7778 8592.6667 0.6241
5164.7778 8592.6667 0.6011
4884.4444 8592.6667 0.5684
4316.1111 8592.6667 0.5023
3766.5556 8592.6667 0.4383
3492 8592.6667 0.4064
3424.2222 8592.6667 0.3985
3151.3333 8592.6667 0.3667
3047.5556 8592.6667 0.3547
2997.6667 8592.6667 0.3489
3312.2222 8592.6667 0.3855
3998.8889 8592.6667 0.4654
4674.8889 8592.6667 0.5441
4877.3333 8592.6667 0.5676
4929.1111 8592.6667 0.5736
4806.8889 8592.6667 0.5594
4728.5556 8592.6667 0.5503
4659.4444 8592.6667 0.5423
4639.7778 8592.6667 0.54
4652.5556 8592.6667 0.5415
4701.1111 8592.6667 0.5471
4859.5556 8592.6667 0.5655
5355.5556 8592.6667 0.6233
5394.1111 8592.6667 0.6278
5307.2222 8592.6667 0.6176
5081.3333 8592.6667 0.5914
4681.6667 8592.6667 0.5448
4217.3333 8592.6667 0.4908
3837.6667 8592.6667 0.4466
3610.7778 8592.6667 0.4202
3390.5556 8592.6667 0.3946
3281.3333 8592.6667 0.3819
3243.6667 8592.6667 0.3775
3245.1111 8592.6667 0.3777
3467.3333 8592.6667 0.4035
4063.8889 8592.6667 0.4729
4516.5556 8592.6667 0.5256
4675.7778 8592.6667 0.5442
4769.2222 8592.6667 0.555
4785.2222 8592.6667 0.5569
4661.2222 8592.6667 0.5425
4608.4444 8592.6667 0.5363
4560.7778 8592.6667 0.5308
4464.5556 8592.6667 0.5196
4548.7778 8592.6667 0.5294
4753.8889 8592.6667 0.5532
5251.8889 8592.6667 0.6112
5220.4444 8592.6667 0.6075
5140.7778 8592.6667 0.5983
4943.8889 8592.6667 0.5754
4540.4444 8592.6667 0.5284
4129.3333 8592.6667 0.4806
3742.8889 8592.6667 0.4356
3476.8889 8592.6667 0.4046
3264.6667 8592.6667 0.3799
3071.1111 8592.6667 0.3574
3049.8889 8592.6667 0.3549
3109.7778 8592.6667 0.3619
3319.3333 8592.6667 0.3863
3943 8592.6667 0.4589
4504.1111 8592.6667 0.5242
4635.8889 8592.6667 0.5395
4624.7778 8592.6667 0.5382
4575 8592.6667 0.5324
4454.2222 8592.6667 0.5184
4357.5556 8592.6667 0.5071
4316 8592.6667 0.5023
4297.7778 8592.6667 0.5002
4387.8889 8592.6667 0.5107
4677 8592.6667 0.5443
5251.5556 8592.6667 0.6112
5352.2222 8592.6667 0.6229
5241.1111 8592.6667 0.61
5077.5556 8592.6667 0.5909
4772.2222 8592.6667 0.5554
4237.1111 8592.6667 0.4931
3924.8889 8592.6667 0.4568
3653.4444 8592.6667 0.4252
3422.8889 8592.6667 0.3984
3360.3333 8592.6667 0.3911
3269.8889 8592.6667 0.3805
3287.2222 8592.6667 0.3826
3472.7778 8592.6667 0.4042
3981.6667 8592.6667 0.4634
4558.6667 8592.6667 0.5305
4707.6667 8592.6667 0.5479
4810.4444 8592.6667 0.5598
4804.3333 8592.6667 0.5591
4715.8889 8592.6667 0.5488
4576.2222 8592.6667 0.5326
4421.7778 8592.6667 0.5146
4378.4444 8592.6667 0.5096
4434.5556 8592.6667 0.5161
4768.1111 8592.6667 0.5549
5362.1111 8592.6667 0.624
5410.4444 8592.6667 0.6297
5370.2222 8592.6667 0.625
5198.3333 8592.6667 0.605
4758.3333 8592.6667 0.5538
4289.3333 8592.6667 0.4992
3814.3333 8592.6667 0.4439
3635.3333 8592.6667 0.4231
3641.1111 8592.6667 0.4237
3525.5556 8592.6667 0.4103
3367.7778 8592.6667 0.3919
3370.6667 8592.6667 0.3923
3498.2222 8592.6667 0.4071
4140.1111 8592.6667 0.4818
4737.7778 8592.6667 0.5514
4836 8592.6667 0.5628
4898.1111 8592.6667 0.57
4721.7778 8592.6667 0.5495
4572 8592.6667 0.5321
4507.3333 8592.6667 0.5246
4491.3333 8592.6667 0.5227
4345.4444 8592.6667 0.5057
4395.8889 8592.6667 0.5116
4604.6667 8592.6667 0.5359
5161.1111 8592.6667 0.6006
5238.3333 8592.6667 0.6096
5146.3333 8592.6667 0.5989
5017 8592.6667 0.5839
4597 8592.6667 0.535
4159.3333 8592.6667 0.4841
3843 8592.6667 0.4472
3563.5556 8592.6667 0.4147
3425.4444 8592.6667 0.3986
3351.5556 8592.6667 0.39
3284.4444 8592.6667 0.3822
3303.6667 8592.6667 0.3845
3428.2222 8592.6667 0.399
4095.1111 8592.6667 0.4766
4653.6667 8592.6667 0.5416
4856.7778 8592.6667 0.5652
4868.6667 8592.6667 0.5666
4676.8889 8592.6667 0.5443
4523.3333 8592.6667 0.5264
4436.3333 8592.6667 0.5163
4387.5556 8592.6667 0.5106
4346.3333 8592.6667 0.5058
4466.2222 8592.6667 0.5198
4636.7778 8592.6667 0.5396
5164 8592.6667 0.601
5121.5556 8592.6667 0.596
5094.2222 8592.6667 0.5929
4969.4444 8592.6667 0.5783
4590.1111 8592.6667 0.5342
4103.2222 8592.6667 0.4775
3780.7778 8592.6667 0.44
3403.2222 8592.6667 0.3961
3264.4444 8592.6667 0.3799
3207.2222 8592.6667 0.3733
3145.5556 8592.6667 0.3661
3086.7778 8592.6667 0.3592
3345.7778 8592.6667 0.3894
4092.4444 8592.6667 0.4763
4666 8592.6667 0.543
4856.7778 8592.6667 0.5652
4854.6667 8592.6667 0.565
4625.6667 8592.6667 0.5383
4468.7778 8592.6667 0.5201
4431.5556 8592.6667 0.5157
4394.5556 8592.6667 0.5114
4423.6667 8592.6667 0.5148
4500.8889 8592.6667 0.5238
4692.7778 8592.6667 0.5461
5191.6667 8592.6667 0.6042
5203.8889 8592.6667 0.6056
5139.7778 8592.6667 0.5982
4941.6667 8592.6667 0.5751
4556.5556 8592.6667 0.5303
4090.2222 8592.6667 0.476
3676.2222 8592.6667 0.4278
3343.2222 8592.6667 0.3891
3285.5556 8592.6667 0.3824
3231.2222 8592.6667 0.376
3210 8592.6667 0.3736
3180.2222 8592.6667 0.3701
3308.6667 8592.6667 0.3851
3947.3333 8592.6667 0.4594
4507.5556 8592.6667 0.5246
4667.8889 8592.6667 0.5432
4674.6667 8592.6667 0.544
4602.5556 8592.6667 0.5356
4536.7778 8592.6667 0.528
4508.4444 8592.6667 0.5247
4432.5556 8592.6667 0.5159
4349.1111 8592.6667 0.5061
4404.4444 8592.6667 0.5126
4750.7778 8592.6667 0.5529
5396 8592.6667 0.628
5466.4444 8592.6667 0.6362
5400.4444 8592.6667 0.6285
5105.2222 8592.6667 0.5941
4645.6667 8592.6667 0.5407
4077.3333 8592.6667 0.4745
3621.5556 8592.6667 0.4215
3410.1111 8592.6667 0.3969
3319.8889 8592.6667 0.3864
3275.3333 8592.6667 0.3812
3230.5556 8592.6667 0.376
3285.6667 8592.6667 0.3824
3449.7778 8592.6667 0.4015
4029.8889 8592.6667 0.469
4601.3333 8592.6667 0.5355
4749.8889 8592.6667 0.5528
4787.3333 8592.6667 0.5571
4807.6667 8592.6667 0.5595
4702.8889 8592.6667 0.5473
4533.5556 8592.6667 0.5276
4499.8889 8592.6667 0.5237
4350.4444 8592.6667 0.5063
4375.6667 8592.6667 0.5092
4770.4444 8592.6667 0.5552
5290.1111 8592.6667 0.6157
5385.7778 8592.6667 0.6268
5319.2222 8592.6667 0.619
5081.8889 8592.6667 0.5914
4799.7778 8592.6667 0.5586
4363.3333 8592.6667 0.5078
3866.5556 8592.6667 0.45
3538.4444 8592.6667 0.4118
3425.4444 8592.6667 0.3986
3353.7778 8592.6667 0.3903
3269 8592.6667 0.3804
3206.8889 8592.6667 0.3732
3311.4444 8592.6667 0.3854
4011.8889 8592.6667 0.4669
4567.5556 8592.6667 0.5316
4783.3333 8592.6667 0.5567
4740 8592.6667 0.5516
4578.1111 8592.6667 0.5328
4463.4444 8592.6667 0.5194
4363.6667 8592.6667 0.5078
4207.1111 8592.6667 0.4896
4214.2222 8592.6667 0.4904
4334.4444 8592.6667 0.5044
4728.3333 8592.6667 0.5503
5268.8889 8592.6667 0.6132
5344.6667 8592.6667 0.622
5216.2222 8592.6667 0.6071
5004.4444 8592.6667 0.5824
4706.5556 8592.6667 0.5477
4247.4444 8592.6667 0.4943
3694.1111 8592.6667 0.4299
3459 8592.6667 0.4026
3316.8889 8592.6667 0.386
3205.8889 8592.6667 0.3731
3193.2222 8592.6667 0.3716
3189 8592.6667 0.3711
3293.8889 8592.6667 0.3833
3933.7778 8592.6667 0.4578
4562.2222 8592.6667 0.5309
4704.5556 8592.6667 0.5475
4818.8889 8592.6667 0.5608
4784.3333 8592.6667 0.5568
4686.2222 8592.6667 0.5454
4483.2222 8592.6667 0.5217
4439.4444 8592.6667 0.5167
4352 8592.6667 0.5065
4388.2222 8592.6667 0.5107
4638.7778 8592.6667 0.5399
5186.6667 8592.6667 0.6036
5247.1111 8592.6667 0.6106
5232.3333 8592.6667 0.6089
4994.1111 8592.6667 0.5812
4614.4444 8592.6667 0.537
4135.6667 8592.6667 0.4813
3730.1111 8592.6667 0.4341