3464.3333 8592.6667 0.4032
3460.1111 8592.6667 0.4027
3366.6667 8592.6667 0.3918
3354.3333 8592.6667 0.3904
3346 8592.6667 0.3894
3481 8592.6667 0.4051
4127.7778 8592.6667 0.4804
4376.8889 8592.6667 0.5094
4535.1111 8592.6667 0.5278
4676.8889 8592.6667 0.5443
4601.4444 8592.6667 0.5355
4403.1111 8592.6667 0.5124
4362.1111 8592.6667 0.5077
4324.8889 8592.6667 0.5033
4224 8592.6667 0.4916
4287.8889 8592.6667 0.499
4573.6667 8592.6667 0.5323
4876.5556 8592.6667 0.5675
5069.3333 8592.6667 0.59
5091 8592.6667 0.5925
4988.8889 8592.6667 0.5806
4557.3333 8592.6667 0.5304
4045.6667 8592.6667 0.4708
3688.5556 8592.6667 0.4293
3467.8889 8592.6667 0.4036
3481.1111 8592.6667 0.4051
3370.1111 8592.6667 0.3922
3312.6667 8592.6667 0.3855
3354.3333 8592.6667 0.3904
3518.8889 8592.6667 0.4095
4107.6667 8592.6667 0.478
4556.6667 8592.6667 0.5303
4723.5556 8592.6667 0.5497
4656.3333 8592.6667 0.5419
4524.1111 8592.6667 0.5265
4373.3333 8592.6667 0.509
4320.7778 8592.6667 0.5028
4205 8592.6667 0.4894
4236.5556 8592.6667 0.493
4294.4444 8592.6667 0.4998
4503.4444 8592.6667 0.5241
4947.3333 8592.6667 0.5758
5262.7778 8592.6667 0.6125
5335.2222 8592.6667 0.6209
5226.4444 8592.6667 0.6082
4902.8889 8592.6667 0.5706
4310.4444 8592.6667 0.5016
3888.5556 8592.6667 0.4525
3596.1111 8592.6667 0.4185
3487.5556 8592.6667 0.4059
3336.8889 8592.6667 0.3883
3380.3333 8592.6667 0.3934
3528.1111 8592.6667 0.4106
3690.2222 8592.6667 0.4295
4220 8592.6667 0.4911
4612.7778 8592.6667 0.5368
4772.5556 8592.6667 0.5554
4769.4444 8592.6667 0.5551
4708.5556 8592.6667 0.548
4535.1111 8592.6667 0.5278
4434.5556 8592.6667 0.5161
4290.8889 8592.6667 0.4994
4279 8592.6667 0.498
4393.5556 8592.6667 0.5113
4515.2222 8592.6667 0.5255
5056.3333 8592.6667 0.5884
5365.8889 8592.6667 0.6245
5306 8592.6667 0.6175
5219.7778 8592.6667 0.6075
4852.8889 8592.6667 0.5648
4395.3333 8592.6667 0.5115
3945.5556 8592.6667 0.4592
3680.1111 8592.6667 0.4283
3529 8592.6667 0.4107
3464.3333 8592.6667 0.4032
3430.3333 8592.6667 0.3992
3507.8889 8592.6667 0.4082
3607.2222 8592.6667 0.4198
4082.2222 8592.6667 0.4751
4531.4444 8592.6667 0.5274
4614.4444 8592.6667 0.537
4547.5556 8592.6667 0.5292
4616.4444 8592.6667 0.5373
4585.6667 8592.6667 0.5337
4526.6667 8592.6667 0.5268
4340.3333 8592.6667 0.5051
4377.6667 8592.6667 0.5095
4323 8592.6667 0.5031
4531.6667 8592.6667 0.5274
5026.3333 8592.6667 0.585
5366.6667 8592.6667 0.6246
5326.8889 8592.6667 0.6199
5051.8889 8592.6667 0.5879
4656.1111 8592.6667 0.5419
4255.1111 8592.6667 0.4952
3863.7778 8592.6667 0.4497
3694.3333 8592.6667 0.4299
3620.6667 8592.6667 0.4214
3439.6667 8592.6667 0.4003
3378.7778 8592.6667 0.3932
3490.5556 8592.6667 0.4062
3662.4444 8592.6667 0.4262
4148.6667 8592.6667 0.4828
4578.7778 8592.6667 0.5329
4814.4444 8592.6667 0.5603
4783.3333 8592.6667 0.5567
4721.2222 8592.6667 0.5494
4642.5556 8592.6667 0.5403
4470.3333 8592.6667 0.5202
4360 8592.6667 0.5074
4334.6667 8592.6667 0.5045
4259.5556 8592.6667 0.4957
4531.2222 8592.6667 0.5273
4857.4444 8592.6667 0.5653
5220.2222 8592.6667 0.6075
5209.5556 8592.6667 0.6063
5102.3333 8592.6667 0.5938
4715.5556 8592.6667 0.5488
4330.8889 8592.6667 0.504
3883.4444 8592.6667 0.4519
3715.8889 8592.6667 0.4324
3520.3333 8592.6667 0.4097
3410.4444 8592.6667 0.3969
3320.4444 8592.6667 0.3864
3283.8889 8592.6667 0.3822
3530.7778 8592.6667 0.4109
4009.3333 8592.6667 0.4666
4395.8889 8592.6667 0.5116
4556.6667 8592.6667 0.5303
4707.7778 8592.6667 0.5479
4546.6667 8592.6667 0.5291
4547.3333 8592.6667 0.5292
4533.3333 8592.6667 0.5276
4384.5556 8592.6667 0.5103
4278.8889 8592.6667 0.498
4303.3333 8592.6667 0.5008
4547.8889 8592.6667 0.5293
4719.2222 8592.6667 0.5492
5096.8889 8592.6667 0.5932
4989.2222 8592.6667 0.5806
4866 8592.6667 0.5663
4485.1111 8592.6667 0.522
4148.2222 8592.6667 0.4828
3684.1111 8592.6667 0.4288
3399.8889 8592.6667 0.3957
3359 8592.6667 0.3909
3242.4444 8592.6667 0.3774
3269.3333 8592.6667 0.3805
3308.2222 8592.6667 0.385
3539.6667 8592.6667 0.4119
4146.4444 8592.6667 0.4826
4409.6667 8592.6667 0.5132
4462.7778 8592.6667 0.5194
4428 8592.6667 0.5153
4378.3333 8592.6667 0.5095
4360.2222 8592.6667 0.5074
4299.1111 8592.6667 0.5003
4183.5556 8592.6667 0.4869
4092 8592.6667 0.4762
4107.7778 8592.6667 0.4781
4338.5556 8592.6667 0.5049
4732.4444 8592.6667 0.5508
5020 8592.6667 0.5842
4955.8889 8592.6667 0.5768
4701.4444 8592.6667 0.5471
4365.3333 8592.6667 0.508
3994.1111 8592.6667 0.4648
3611.3333 8592.6667 0.4203
3411.5556 8592.6667 0.397
3226.6667 8592.6667 0.3755
3261 8592.6667 0.3795
3316.3333 8592.6667 0.3859
3257.6667 8592.6667 0.3791
3386.7778 8592.6667 0.3941
3824.1111 8592.6667 0.445
4308.6667 8592.6667 0.5014
4488.6667 8592.6667 0.5224
4503 8592.6667 0.5241
4309.7778 8592.6667 0.5016
4242.6667 8592.6667 0.4938
4087.3333 8592.6667 0.4757
3986 8592.6667 0.4639
4070 8592.6667 0.4737
4120.1111 8592.6667 0.4795
4320.4444 8592.6667 0.5028
4578.1111 8592.6667 0.5328
4904.5556 8592.6667 0.5708
4971.6667 8592.6667 0.5786
4843.3333 8592.6667 0.5637
4564.3333 8592.6667 0.5312
4144.3333 8592.6667 0.4823
3604.1111 8592.6667 0.4194
3370.4444 8592.6667 0.3922
3263.2222 8592.6667 0.3798
3250.1111 8592.6667 0.3782
3272.5556 8592.6667 0.3809
3345.3333 8592.6667 0.3893
3452.6667 8592.6667 0.4018
3996 8592.6667 0.465
4435.3333 8592.6667 0.5162
4536 8592.6667 0.5279
4585 8592.6667 0.5336
4442.3333 8592.6667 0.517
4312.7778 8592.6667 0.5019
4159.6667 8592.6667 0.4841
4022.6667 8592.6667 0.4682
4053.1111 8592.6667 0.4717
4102.1111 8592.6667 0.4774
4316 8592.6667 0.5023
4650.1111 8592.6667 0.5412
5070.6667 8592.6667 0.5901
5084.8889 8592.6667 0.5918
4843.6667 8592.6667 0.5637
4513.5556 8592.6667 0.5253
4113 8592.6667 0.4787
3594.8889 8592.6667 0.4184
3279.3333 8592.6667 0.3816
3147.1111 8592.6667 0.3663
3204.7778 8592.6667 0.373
3182.3333 8592.6667 0.3704
3239.5556 8592.6667 0.377
3361.5556 8592.6667 0.3912
3986 8592.6667 0.4639
4267.7778 8592.6667 0.4967
4405 8592.6667 0.5126
4490.8889 8592.6667 0.5226
4569.1111 8592.6667 0.5317
4377 8592.6667 0.5094
4226.1111 8592.6667 0.4918
4139.2222 8592.6667 0.4817
4042.3333 8592.6667 0.4704
4199.3333 8592.6667 0.4887
4463.8889 8592.6667 0.5195
4718.5556 8592.6667 0.5491
5124.5556 8592.6667 0.5964
5150.3333 8592.6667 0.5994
4861 8592.6667 0.5657
4442 8592.6667 0.517
4006.2222 8592.6667 0.4662
3687.3333 8592.6667 0.4291
3399.8889 8592.6667 0.3957
3263.3333 8592.6667 0.3798
3186 8592.6667 0.3708
3190.3333 8592.6667 0.3713
3294.3333 8592.6667 0.3834
3499.2222 8592.6667 0.4072
4050 8592.6667 0.4713
4411.3333 8592.6667 0.5134
4575.1111 8592.6667 0.5324
4548.5556 8592.6667 0.5294
4585 8592.6667 0.5336
4508.3333 8592.6667 0.5247
4341.4444 8592.6667 0.5052
4238.8889 8592.6667 0.4933
4120 8592.6667 0.4795
4165.4444 8592.6667 0.4848
4398.8889 8592.6667 0.5119
4752.3333 8592.6667 0.5531
5122 8592.6667 0.5961
5232 8592.6667 0.6089
4960.3333 8592.6667 0.5773
4504 8592.6667 0.5242
4007.4444 8592.6667 0.4664
3607.3333 8592.6667 0.4198
2964.8889 8592.6667 0.345
2869.4444 8592.6667 0.3339
2823.6667 8592.6667 0.3286
2824 8592.6667 0.3287
2907.6667 8592.6667 0.3384
3191.6667 8592.6667 0.3714
3664 8592.6667 0.4264
3921.3333 8592.6667 0.4564
4025.5556 8592.6667 0.4685
4172.2222 8592.6667 0.4856
4259.5556 8592.6667 0.4957
4220.2222 8592.6667 0.4911
4096.7778 8592.6667 0.4768
3907.1111 8592.6667 0.4547
3803.4444 8592.6667 0.4426
3915.7778 8592.6667 0.4557
4042.6667 8592.6667 0.4705
4351.2222 8592.6667 0.5064
4649.5556 8592.6667 0.5411
4591.6667 8592.6667 0.5344
4446 8592.6667 0.5174
3994 8592.6667 0.4648
3630.5556 8592.6667 0.4225
3312.8889 8592.6667 0.3855
3443.1111 8592.6667 0.4007
3260 8592.6667 0.3794
3179.7778 8592.6667 0.3701
3245.1111 8592.6667 0.3777
3226.4444 8592.6667 0.3755
3673.6667 8592.6667 0.4275
4126.6667 8592.6667 0.4803
4309.6667 8592.6667 0.5016
4494.6667 8592.6667 0.5231
4621.6667 8592.6667 0.5379
4629.2222 8592.6667 0.5387
4574.4444 8592.6667 0.5324
4466.6667 8592.6667 0.5198
4393.3333 8592.6667 0.5113
4247.4444 8592.6667 0.4943
4343.7778 8592.6667 0.5055
4411.8889 8592.6667 0.5134
4587.5556 8592.6667 0.5339
4916.4444 8592.6667 0.5722
4975.3333 8592.6667 0.579
4718.3333 8592.6667 0.5491
4285.8889 8592.6667 0.4988
3672.7778 8592.6667 0.4274
3322.4444 8592.6667 0.3867
3238.3333 8592.6667 0.3769
3120.8889 8592.6667 0.3632
3013.5556 8592.6667 0.3507
3012.5556 8592.6667 0.3506
3086.7778 8592.6667 0.3592
3385.4444 8592.6667 0.394
3979.7778 8592.6667 0.4632
4318.6667 8592.6667 0.5026
4480.1111 8592.6667 0.5214
4543.3333 8592.6667 0.5287
4433.4444 8592.6667 0.516
4270.3333 8592.6667 0.497
4298.4444 8592.6667 0.5002
4177.7778 8592.6667 0.4862
4114.2222 8592.6667 0.4788
4138.5556 8592.6667 0.4816
4362.4444 8592.6667 0.5077
4692.4444 8592.6667 0.5461
4974.3333 8592.6667 0.5789
4933.6667 8592.6667 0.5742
4623.8889 8592.6667 0.5381
4103.7778 8592.6667 0.4776
3669.4444 8592.6667 0.427
3379.7778 8592.6667 0.3933
3296.5556 8592.6667 0.3836
3145.4444 8592.6667 0.3661
3151.2222 8592.6667 0.3667
3172.3333 8592.6667 0.3692
3323.8889 8592.6667 0.3868
3674.6667 8592.6667 0.4277
4254.8889 8592.6667 0.4952
4442.4444 8592.6667 0.517
4558.8889 8592.6667 0.5306
4468.7778 8592.6667 0.5201
4367.8889 8592.6667 0.5083
4290.1111 8592.6667 0.4993
4257.8889 8592.6667 0.4955
4181.3333 8592.6667 0.4866
4192.5556 8592.6667 0.4879
4388.1111 8592.6667 0.5107
4573.7778 8592.6667 0.5323
4816 8592.6667 0.5605
5145.5556 8592.6667 0.5988
5055.2222 8592.6667 0.5883
4756.3333 8592.6667 0.5535
4206.5556 8592.6667 0.4896
3700.6667 8592.6667 0.4307
3234.6667 8592.6667 0.3764
3110.5556 8592.6667 0.362
3024.4444 8592.6667 0.352
3028.5556 8592.6667 0.3525
3050.6667 8592.6667 0.355
3307.8889 8592.6667 0.385
3739.6667 8592.6667 0.4352
4357.4444 8592.6667 0.5071
4591.1111 8592.6667 0.5343
4705.1111 8592.6667 0.5476
4757.2222 8592.6667 0.5536
4688.1111 8592.6667 0.5456
4620.4444 8592.6667 0.5377
4458.3333 8592.6667 0.5189
4283.2222 8592.6667 0.4985
4240 8592.6667 0.4934
4301 8592.6667 0.5005
4429.1111 8592.6667 0.5155
4625.1111 8592.6667 0.5383
5155 8592.6667 0.5999
5168.2222 8592.6667 0.6015
4818.2222 8592.6667 0.5607
4336.3333 8592.6667 0.5047
3804.5556 8592.6667 0.4428
3326.7778 8592.6667 0.3872
3231.4444 8592.6667 0.3761
3158.6667 8592.6667 0.3676
3104.7778 8592.6667 0.3613
3028 8592.6667 0.3524
3227 8592.6667 0.3756
3735.5556 8592.6667 0.4347
4277.6667 8592.6667 0.4978
4607.1111 8592.6667 0.5362
4584.4444 8592.6667 0.5335
4551.6667 8592.6667 0.5297
4389.4444 8592.6667 0.5108
4237.4444 8592.6667 0.4931
4170.3333 8592.6667 0.4853
4131.4444 8592.6667 0.4808
4126.6667 8592.6667 0.4803
4205 8592.6667 0.4894
4409.2222 8592.6667 0.5131
4583.5556 8592.6667 0.5334
5031.3333 8592.6667 0.5855
5035.1111 8592.6667 0.586
4683.2222 8592.6667 0.545
4244.3333 8592.6667 0.4939
3824.6667 8592.6667 0.4451
3560.2222 8592.6667 0.4143
3287 8592.6667 0.3825
3211.6667 8592.6667 0.3738
3181.5556 8592.6667 0.3703
3320.7778 8592.6667 0.3865
3473.5556 8592.6667 0.4042
3726.1111 8592.6667 0.4336
4107.1111 8592.6667 0.478
4346.7778 8592.6667 0.5059
4478.7778 8592.6667 0.5212
4581.6667 8592.6667 0.5332
4457.6667 8592.6667 0.5188
4339.1111 8592.6667 0.505
4088.5556 8592.6667 0.4758
3910.7778 8592.6667 0.4551
3980.4444 8592.6667 0.4632
4159.5556 8592.6667 0.4841
4255.7778 8592.6667 0.4953
4420.2222 8592.6667 0.5144
4841.6667 8592.6667 0.5635
4944.5556 8592.6667 0.5754
4708.4444 8592.6667 0.548
4179.6667 8592.6667 0.4864
3771.2222 8592.6667 0.4389
3519.7778 8592.6667 0.4096
3318.3333 8592.6667 0.3862
3218.6667 8592.6667 0.3746
3260.6667 8592.6667 0.3795
3161.4444 8592.6667 0.3679
3299.2222 8592.6667 0.384
3804.7778 8592.6667 0.4428
4282.7778 8592.6667 0.4984
4592.2222 8592.6667 0.5344
4547.7778 8592.6667 0.5293
4540 8592.6667 0.5284
4353.7778 8592.6667 0.5067
4329.2222 8592.6667 0.5038
4237.2222 8592.6667 0.4931
4106.4444 8592.6667 0.4779
4053.4444 8592.6667 0.4717
4203.7778 8592.6667 0.4892
4256.7778 8592.6667 0.4954
4501.6667 8592.6667 0.5239
4869 8592.6667 0.5666
5015 8592.6667 0.5836
4804.8889 8592.6667 0.5592
4293 8592.6667 0.4996
3852 8592.6667 0.4483
3369.3333 8592.6667 0.3921
3200.7778 8592.6667 0.3725
3109.1111 8592.6667 0.3618
3116.7778 8592.6667 0.3627
3079.8889 8592.6667 0.3584
3379.6667 8592.6667 0.3933
3760.2222 8592.6667 0.4376
4347.4444 8592.6667 0.5059
4555.1111 8592.6667 0.5301
4553.6667 8592.6667 0.5299
4519.8889 8592.6667 0.526
4424.5556 8592.6667 0.5149
4320.7778 8592.6667 0.5028
4254.6667 8592.6667 0.4952
4146 8592.6667 0.4825
4142.6667 8592.6667 0.4821
4259.7778 8592.6667 0.4957
4440.5556 8592.6667 0.5168
4628.4444 8592.6667 0.5387
4941.2222 8592.6667 0.5751
4999.7778 8592.6667 0.5819
4591.2222 8592.6667 0.5343
4107.3333 8592.6667 0.478
3578.5556 8592.6667 0.4165
3348.2222 8592.6667 0.3897
3214.5556 8592.6667 0.3741
3083.6667 8592.6667 0.3589
3045.7778 8592.6667 0.3545
3092 8592.6667 0.3598
3077.7778 8592.6667 0.3582
3521.1111 8592.6667 0.4098
4214.8889 8592.6667 0.4905
4418.3333 8592.6667 0.5142
4361.5556 8592.6667 0.5076
4311.4444 8592.6667 0.5018
4263.7778 8592.6667 0.4962
4150 8592.6667 0.483
3967.6667 8592.6667 0.4618
3918.4444 8592.6667 0.456
3958.1111 8592.6667 0.4606
3975.5556 8592.6667 0.4627
4131.1111 8592.6667 0.4808
4267 8592.6667 0.4966
4715.6667 8592.6667 0.5488
4939.8889 8592.6667 0.5749
4598.7778 8592.6667 0.5352
4144.3333 8592.6667 0.4823
3552.5556 8592.6667 0.4134
3262.7778 8592.6667 0.3797
3062.8889 8592.6667 0.3565
3007.8889 8592.6667 0.3501
3099.2222 8592.6667 0.3607
3098.8889 8592.6667 0.3606
3102.7778 8592.6667 0.3611
3681.5556 8592.6667 0.4285
4417.1111 8592.6667 0.5141
4522.8889 8592.6667 0.5264
4553.5556 8592.6667 0.5299
4431.7778 8592.6667 0.5158
4387.2222 8592.6667 0.5106
4348.6667 8592.6667 0.5061
4155.8889 8592.6667 0.4837
4001.3333 8592.6667 0.4657
4070.7778 8592.6667 0.4738
4208.5556 8592.6667 0.4898
4445.7778 8592.6667 0.5174
4633.4444 8592.6667 0.5392
5041.5556 8592.6667 0.5867
5192.8889 8592.6667 0.6043
4885.4444 8592.6667 0.5686
4233.1111 8592.6667 0.4926
3824.1111 8592.6667 0.445
3487.4444 8592.6667 0.4059
3345.8889 8592.6667 0.3894
3212.4444 8592.6667 0.3739
3146.2222 8592.6667 0.3662
3231 8592.6667 0.376
3462.7778 8592.6667 0.403
3961.2222 8592.6667 0.461
4399.3333 8592.6667 0.512
4486.2222 8592.6667 0.5221
4482.4444 8592.6667 0.5217
4479.4444 8592.6667 0.5213
4328.4444 8592.6667 0.5037
4224.2222 8592.6667 0.4916
4069.4444 8592.6667 0.4736
4022.5556 8592.6667 0.4681
4066.6667 8592.6667 0.4733
4229.1111 8592.6667 0.4922
4364.6667 8592.6667 0.508
4619.3333 8592.6667 0.5376
5013.6667 8592.6667 0.5835
5099.1111 8592.6667 0.5934
4754.6667 8592.6667 0.5533
4255.7778 8592.6667 0.4953
3799.7778 8592.6667 0.4422
3468.8889 8592.6667 0.4037
3186.5556 8592.6667 0.3708
3041.7778 8592.6667 0.354
2971.8889 8592.6667 0.3459
2981.2222 8592.6667 0.3469
3237.8889 8592.6667 0.3768
3902.4444 8592.6667 0.4542
4540 8592.6667 0.5284
4708.2222 8592.6667 0.5479
4655.6667 8592.6667 0.5418
4637.6667 8592.6667 0.5397
4413.1111 8592.6667 0.5136
4188.8889 8592.6667 0.4875
4087.4444 8592.6667 0.4757
3922.8889 8592.6667 0.4565
3942.8889 8592.6667 0.4589
4074.5556 8592.6667 0.4742
4275.7778 8592.6667 0.4976
4276.2222 8592.6667 0.4977
4723.8889 8592.6667 0.5498
4917.5556 8592.6667 0.5723
4572.4444 8592.6667 0.5321
3955.7778 8592.6667 0.4604
3445 8592.6667 0.4009
3199.3333 8592.6667 0.3723
3014 8592.6667 0.3508
2997.4444 8592.6667 0.3488
2922.4444 8592.6667 0.3401
2872.8889 8592.6667 0.3343
3035 8592.6667 0.3532
3519.7778 8592.6667 0.4096
4120 8592.6667 0.4795
4324.5556 8592.6667 0.5033
4526.2222 8592.6667 0.5268
4441.8889 8592.6667 0.5169
4335.3333 8592.6667 0.5045
4250.4444 8592.6667 0.4947
4284.7778 8592.6667 0.4987
4234.7778 8592.6667 0.4928
4073.1111 8592.6667 0.474
4104 8592.6667 0.4776
4196.3333 8592.6667 0.4884
4372.4444 8592.6667 0.5089
4661 8592.6667 0.5424
4750.4444 8592.6667 0.5528
4522.4444 8592.6667 0.5263
3986.1111 8592.6667 0.4639
3551.6667 8592.6667 0.4133
3350.3333 8592.6667 0.3899
3031.8889 8592.6667 0.3528
2962.6667 8592.6667 0.3448
2951.2222 8592.6667 0.3435
2946 8592.6667 0.3429
3055 8592.6667 0.3555
3446.6667 8592.6667 0.4011
3961.4444 8592.6667 0.461
4168.4444 8592.6667 0.4851
4396.3333 8592.6667 0.5116
4423 8592.6667 0.5147
4303.4444 8592.6667 0.5008
4175.6667 8592.6667 0.486
4094 8592.6667 0.4765
4054.1111 8592.6667 0.4718
4023.6667 8592.6667 0.4683
4060.6667 8592.6667 0.4726
4136.7778 8592.6667 0.4814
4206.3333 8592.6667 0.4895
4566 8592.6667 0.5314
4660.8889 8592.6667 0.5424
4433 8592.6667 0.5159
3990.5556 8592.6667 0.4644
3560.4444 8592.6667 0.4144
3184.1111 8592.6667 0.3706
2895.6667 8592.6667 0.337
2827.7778 8592.6667 0.3291
2825.5556 8592.6667 0.3288
2872 8592.6667 0.3342
3021.5556 8592.6667 0.3516
3478.2222 8592.6667 0.4048
4045.6667 8592.6667 0.4708
4402.3333 8592.6667 0.5123
4451.8889 8592.6667 0.5181
4448.5556 8592.6667 0.5177
4388.3333 8592.6667 0.5107
4249.5556 8592.6667 0.4946
4097.2222 8592.6667 0.4768
3948 8592.6667 0.4595
3851.1111 8592.6667 0.4482
3902.7778 8592.6667 0.4542
4056.6667 8592.6667 0.4721
4280.8889 8592.6667 0.4982
4787.1111 8592.6667 0.5571
4825.6667 8592.6667 0.5616
4641.1111 8592.6667 0.5401
4162.6667 8592.6667 0.4844
3783.3333 8592.6667 0.4403
3459.4444 8592.6667 0.4026
3236.8889 8592.6667 0.3767
3077.3333 8592.6667 0.3581
3008.3333 8592.6667 0.3501
2978.8889 8592.6667 0.3467
3120.4444 8592.6667 0.3632
3487.3333 8592.6667 0.4058
4135.4444 8592.6667 0.4813
4347.7778 8592.6667 0.506
4405.8889 8592.6667 0.5127
4279.5556 8592.6667 0.498
4199.2222 8592.6667 0.4887
4152.7778 8592.6667 0.4833
4113.1111 8592.6667 0.4787
3937.6667 8592.6667 0.4583
3844.5556 8592.6667 0.4474
3954 8592.6667 0.4602
4186.1111 8592.6667 0.4872
4428.6667 8592.6667 0.5154
4761.3333 8592.6667 0.5541
4892 8592.6667 0.5693
4625 8592.6667 0.5382
4156.1111 8592.6667 0.4837
3627.1111 8592.6667 0.4221
3246.4444 8592.6667 0.3778
3003.4444 8592.6667 0.3495
2980 8592.6667 0.3468
2973.6667 8592.6667 0.3461
2922.8889 8592.6667 0.3402
3014 8592.6667 0.3508
3554.2222 8592.6667 0.4136
3963.3333 8592.6667 0.4612
4223.1111 8592.6667 0.4915
4348.5556 8592.6667 0.5061
4334.5556 8592.6667 0.5044
4302.7778 8592.6667 0.5007
4155.8889 8592.6667 0.4837
3920.5556 8592.6667 0.4563
3787.6667 8592.6667 0.4408
3793.6667 8592.6667 0.4415
3878.5556 8592.6667 0.4514
3950.7778 8592.6667 0.4598
4194.6667 8592.6667 0.4882
4501.1111 8592.6667 0.5238
4681.7778 8592.6667 0.5449
4466 8592.6667 0.5197
3966 8592.6667 0.4616
3387.4444 8592.6667 0.3942
3119.7778 8592.6667 0.3631
2880.8889 8592.6667 0.3353
2829.5556 8592.6667 0.3293
2809.8889 8592.6667 0.327
2791.8889 8592.6667 0.3249
2973.2222 8592.6667 0.346
3395.5556 8592.6667 0.3952
3865.4444 8592.6667 0.4499
4109.4444 8592.6667 0.4783
4163.3333 8592.6667 0.4845
4166.1111 8592.6667 0.4848
4067 8592.6667 0.4733
3872.3333 8592.6667 0.4507
3834.4444 8592.6667 0.4462
3700.2222 8592.6667 0.4306
3720.3333 8592.6667 0.433
3832.5556 8592.6667 0.446
4137.7778 8592.6667 0.4815
4447.2222 8592.6667 0.5176
4756.8889 8592.6667 0.5536
4934.3333 8592.6667 0.5742
4659 8592.6667 0.5422
4153.8889 8592.6667 0.4834
3657.4444 8592.6667 0.4256
3325.8889 8592.6667 0.3871
3106.7778 8592.6667 0.3616
2952.7778 8592.6667 0.3436
2947.4444 8592.6667 0.343
2881.4444 8592.6667 0.3353
3016.3333 8592.6667 0.351
3519 8592.6667 0.4095
4155.1111 8592.6667 0.4836
4387.2222 8592.6667 0.5106
4501.6667 8592.6667 0.5239
4480.1111 8592.6667 0.5214
4425 8592.6667 0.515
4153.5556 8592.6667 0.4834
4079.5556 8592.6667 0.4748
3952.3333 8592.6667 0.46
3912.3333 8592.6667 0.4553
4013.5556 8592.6667 0.4671
4120.5556 8592.6667 0.4795
4174 8592.6667 0.4858
4478.7778 8592.6667 0.5212
4661.8889 8592.6667 0.5425
4270.2222 8592.6667 0.497
3747.6667 8592.6667 0.4361
3332.3333 8592.6667 0.3878
3071.3333 8592.6667 0.3574