2866.3333 8592.6667 0.3336
2788.1111 8592.6667 0.3245
2832.6667 8592.6667 0.3297
2846.6667 8592.6667 0.3313
3018.8889 8592.6667 0.3513
3358.4444 8592.6667 0.3909
3785.2222 8592.6667 0.4405
4128.7778 8592.6667 0.4805
4195.1111 8592.6667 0.4882
4190.2222 8592.6667 0.4877
4143.4444 8592.6667 0.4822
3957.5556 8592.6667 0.4606
3844.7778 8592.6667 0.4474
3718.4444 8592.6667 0.4327
3746.4444 8592.6667 0.436
3799.3333 8592.6667 0.4422
3931.5556 8592.6667 0.4575
4152.7778 8592.6667 0.4833
4396.7778 8592.6667 0.5117
4672.7778 8592.6667 0.5438
4439.6667 8592.6667 0.5167
4029.3333 8592.6667 0.4689
3466.6667 8592.6667 0.4034
3050.3333 8592.6667 0.355
2870.1111 8592.6667 0.334
2878.5556 8592.6667 0.335
2786.6667 8592.6667 0.3243
2818.8889 8592.6667 0.3281
2877.7778 8592.6667 0.3349
3294.1111 8592.6667 0.3834
3669.6667 8592.6667 0.4271
4006.7778 8592.6667 0.4663
4073.2222 8592.6667 0.474
4244.6667 8592.6667 0.494
4219.2222 8592.6667 0.491
4025.8889 8592.6667 0.4685
3821.5556 8592.6667 0.4447
3740.7778 8592.6667 0.4353
3677 8592.6667 0.4279
3724.4444 8592.6667 0.4334
3997.5556 8592.6667 0.4652
4154.7778 8592.6667 0.4835
4448 8592.6667 0.5177
4722.4444 8592.6667 0.5496
4296.8889 8592.6667 0.5001
3808.5556 8592.6667 0.4432
3318.3333 8592.6667 0.3862
3049.3333 8592.6667 0.3549
2874.5556 8592.6667 0.3345
2818.8889 8592.6667 0.3281
2816.5556 8592.6667 0.3278
2772.8889 8592.6667 0.3227
2833.6667 8592.6667 0.3298
3330.7778 8592.6667 0.3876
3817 8592.6667 0.4442
4036.4444 8592.6667 0.4698
4238.7778 8592.6667 0.4933
4130.7778 8592.6667 0.4807
4011.1111 8592.6667 0.4668
3891.7778 8592.6667 0.4529
3855.7778 8592.6667 0.4487
3744.5556 8592.6667 0.4358
3735.1111 8592.6667 0.4347
3799.3333 8592.6667 0.4422
4017 8592.6667 0.4675
4194.5556 8592.6667 0.4882
4397.8889 8592.6667 0.5118
4553.8889 8592.6667 0.53
4175.6667 8592.6667 0.486
3882.1111 8592.6667 0.4518
3384.1111 8592.6667 0.3938
3055.8889 8592.6667 0.3556
2957.3333 8592.6667 0.3442
2823 8592.6667 0.3285
2789.1111 8592.6667 0.3246
2752.8889 8592.6667 0.3204
2884.1111 8592.6667 0.3356
3258.7778 8592.6667 0.3793
3799.3333 8592.6667 0.4422
4037.6667 8592.6667 0.4699
4227.6667 8592.6667 0.492
4290.3333 8592.6667 0.4993
4197.1111 8592.6667 0.4885
4062.5556 8592.6667 0.4728
4059.7778 8592.6667 0.4725
3940.4444 8592.6667 0.4586
3895.4444 8592.6667 0.4533
3883.3333 8592.6667 0.4519
4045 8592.6667 0.4708
4190.4444 8592.6667 0.4877
4255 8592.6667 0.4952
4545.6667 8592.6667 0.529
4421.2222 8592.6667 0.5145
4025.2222 8592.6667 0.4684
3483.6667 8592.6667 0.4054
2999.7778 8592.6667 0.3491
2941.1111 8592.6667 0.3423
2963.4444 8592.6667 0.3449
2936.5556 8592.6667 0.3418
2918.8889 8592.6667 0.3397
3123.1111 8592.6667 0.3635
3529.7778 8592.6667 0.4108
4049.4444 8592.6667 0.4713
4272.6667 8592.6667 0.4972
4333.8889 8592.6667 0.5044
4258.2222 8592.6667 0.4956
4139.3333 8592.6667 0.4817
4062.1111 8592.6667 0.4727
3910.3333 8592.6667 0.4551
3878.3333 8592.6667 0.4514
3824.4444 8592.6667 0.4451
3908.6667 8592.6667 0.4549
4094.4444 8592.6667 0.4765
4189.3333 8592.6667 0.4875
4460.2222 8592.6667 0.5191
4758.1111 8592.6667 0.5537
4553.2222 8592.6667 0.5299
4057.4444 8592.6667 0.4722
3583 8592.6667 0.417
3194 8592.6667 0.3717
3040.6667 8592.6667 0.3539
3024.5556 8592.6667 0.352
3055.5556 8592.6667 0.3556
2950 8592.6667 0.3433
3121.5556 8592.6667 0.3633
3663.4444 8592.6667 0.4263
4101.1111 8592.6667 0.4773
4378.2222 8592.6667 0.5095
4426.8889 8592.6667 0.5152
4554.6667 8592.6667 0.5301
4458.1111 8592.6667 0.5188
4263.5556 8592.6667 0.4962
4179.6667 8592.6667 0.4864
4036.1111 8592.6667 0.4697
3909.6667 8592.6667 0.455
3929.6667 8592.6667 0.4573
4038 8592.6667 0.4699
4141.5556 8592.6667 0.482
4467 8592.6667 0.5199
4808.8889 8592.6667 0.5597
4473.3333 8592.6667 0.5206
3899.4444 8592.6667 0.4538
3436.6667 8592.6667 0.4
3097 8592.6667 0.3604
2982.2222 8592.6667 0.3471
2948.5556 8592.6667 0.3431
2874.7778 8592.6667 0.3346
2837.7778 8592.6667 0.3303
3068.4444 8592.6667 0.3571
3530.7778 8592.6667 0.4109
3936.7778 8592.6667 0.4582
4176.4444 8592.6667 0.486
4309.4444 8592.6667 0.5015
4388.8889 8592.6667 0.5108
4384.7778 8592.6667 0.5103
4223.4444 8592.6667 0.4915
4036.5556 8592.6667 0.4698
3873.1111 8592.6667 0.4507
3869 8592.6667 0.4503
3990.3333 8592.6667 0.4644
4095.5556 8592.6667 0.4766
4323.5556 8592.6667 0.5032
4577.2222 8592.6667 0.5327
4765.7778 8592.6667 0.5546
4644.1111 8592.6667 0.5405
4185 8592.6667 0.487
3659.6667 8592.6667 0.4259
3294 8592.6667 0.3834
3123.4444 8592.6667 0.3635
3063.8889 8592.6667 0.3566
2918.2222 8592.6667 0.3396
2806.7778 8592.6667 0.3266
2931.7778 8592.6667 0.3412
3389.6667 8592.6667 0.3945
4076.7778 8592.6667 0.4744
4202.4444 8592.6667 0.4891
4297.6667 8592.6667 0.5002
4467.2222 8592.6667 0.5199
4441.5556 8592.6667 0.5169
4279.4444 8592.6667 0.498
4071.6667 8592.6667 0.4739
3948.2222 8592.6667 0.4595
3963.8889 8592.6667 0.4613
4093.8889 8592.6667 0.4764
4186.4444 8592.6667 0.4872
4344.2222 8592.6667 0.5056
4555 8592.6667 0.5301
4734.3333 8592.6667 0.551
4508.6667 8592.6667 0.5247
4042.2222 8592.6667 0.4704
3587 8592.6667 0.4174
3304.4444 8592.6667 0.3846
3178.2222 8592.6667 0.3699
3164.5556 8592.6667 0.3683
3123.5556 8592.6667 0.3635
3106.4444 8592.6667 0.3615
3204.8889 8592.6667 0.373
3541.4444 8592.6667 0.4121
3999.1111 8592.6667 0.4654
4284.6667 8592.6667 0.4986
4341.1111 8592.6667 0.5052
4270.6667 8592.6667 0.497
4215.1111 8592.6667 0.4905
4049.1111 8592.6667 0.4712
3984.3333 8592.6667 0.4637
3877 8592.6667 0.4512
3840.5556 8592.6667 0.447
3914.2222 8592.6667 0.4555
3981.7778 8592.6667 0.4634
4039.1111 8592.6667 0.4701
4429.8889 8592.6667 0.5155
4687.6667 8592.6667 0.5455
4457.4444 8592.6667 0.5187
4021 8592.6667 0.468
3552.4444 8592.6667 0.4134
3154.6667 8592.6667 0.3671
3038.5556 8592.6667 0.3536
3028.3333 8592.6667 0.3524
2940.6667 8592.6667 0.3422
2897.2222 8592.6667 0.3372
2956.6667 8592.6667 0.3441
3406.2222 8592.6667 0.3964
3748.8889 8592.6667 0.4363
4178.5556 8592.6667 0.4863
4248.6667 8592.6667 0.4945
4341.2222 8592.6667 0.5052
4172.6667 8592.6667 0.4856
3995.2222 8592.6667 0.465
3870.6667 8592.6667 0.4505
3681.8889 8592.6667 0.4285
3626.7778 8592.6667 0.4221
3723.1111 8592.6667 0.4333
3906 8592.6667 0.4546
4188.4444 8592.6667 0.4874
4532.7778 8592.6667 0.5275
4789.3333 8592.6667 0.5574
4490.2222 8592.6667 0.5226
4006.8889 8592.6667 0.4663
3612.7778 8592.6667 0.4204
3296.8889 8592.6667 0.3837
3064.8889 8592.6667 0.3567
2999.1111 8592.6667 0.349
2904.3333 8592.6667 0.338
2859.1111 8592.6667 0.3327
3030.6667 8592.6667 0.3527
3381.2222 8592.6667 0.3935
3776.4444 8592.6667 0.4395
4028.4444 8592.6667 0.4688
4031.2222 8592.6667 0.4691
4076.7778 8592.6667 0.4744
4008.5556 8592.6667 0.4665
4030.8889 8592.6667 0.4691
3924.4444 8592.6667 0.4567
3899.7778 8592.6667 0.4538
3923.7778 8592.6667 0.4566
3986.6667 8592.6667 0.464
4068.2222 8592.6667 0.4735
4175.2222 8592.6667 0.4859
4583.8889 8592.6667 0.5335
4808.2222 8592.6667 0.5596
4563.2222 8592.6667 0.5311
4156 8592.6667 0.4837
3729.2222 8592.6667 0.434
3506.7778 8592.6667 0.4081
3317.3333 8592.6667 0.3861
3173.4444 8592.6667 0.3693
3165.8889 8592.6667 0.3684
3157.8889 8592.6667 0.3675
3259.6667 8592.6667 0.3794
3680.7778 8592.6667 0.4284
4194.4444 8592.6667 0.4881
4442.5556 8592.6667 0.517
4450.2222 8592.6667 0.5179
4364.7778 8592.6667 0.508
4293.6667 8592.6667 0.4997
4245.6667 8592.6667 0.4941
4201.7778 8592.6667 0.489
4175.8889 8592.6667 0.486
4137.5556 8592.6667 0.4815
4265.5556 8592.6667 0.4964
4350.8889 8592.6667 0.5063
4337 8592.6667 0.5047
4566.5556 8592.6667 0.5314
4680.7778 8592.6667 0.5447
4421.4444 8592.6667 0.5146
4185.4444 8592.6667 0.4871
3666.3333 8592.6667 0.4267
3342.1111 8592.6667 0.3889
3213.3333 8592.6667 0.374
3201.7778 8592.6667 0.3726
3113.7778 8592.6667 0.3624
3014.6667 8592.6667 0.3508
3185.1111 8592.6667 0.3707
3657.8889 8592.6667 0.4257
4157.5556 8592.6667 0.4838
4332.4444 8592.6667 0.5042
4468.3333 8592.6667 0.52
4275 8592.6667 0.4975
4270.6667 8592.6667 0.497
4205.4444 8592.6667 0.4894
4130.3333 8592.6667 0.4807
4100.4444 8592.6667 0.4772
4161.8889 8592.6667 0.4844
4198.2222 8592.6667 0.4886
4227.7778 8592.6667 0.492
4384.8889 8592.6667 0.5103
4615.4444 8592.6667 0.5371
4845.4444 8592.6667 0.5639
4613.2222 8592.6667 0.5369
4260.6667 8592.6667 0.4958
3852.4444 8592.6667 0.4483
3470 8592.6667 0.4038
3259.8889 8592.6667 0.3794
3194.7778 8592.6667 0.3718
3164.6667 8592.6667 0.3683
3175.2222 8592.6667 0.3695
3339.2222 8592.6667 0.3886
3669.4444 8592.6667 0.427
3965.7778 8592.6667 0.4615
4169.8889 8592.6667 0.4853
4226.2222 8592.6667 0.4918
4305.8889 8592.6667 0.5011
4301.8889 8592.6667 0.5006
4212.5556 8592.6667 0.4903
4075.8889 8592.6667 0.4743
4017.7778 8592.6667 0.4676
4037 8592.6667 0.4698
4230.1111 8592.6667 0.4923
4326.4444 8592.6667 0.5035
4367 8592.6667 0.5082
4463 8592.6667 0.5194
4740.6667 8592.6667 0.5517
4687 8592.6667 0.5455
4105.1111 8592.6667 0.4777
3623.4444 8592.6667 0.4217
3289.2222 8592.6667 0.3828
3162.5556 8592.6667 0.3681
3191.4444 8592.6667 0.3714
3210.1111 8592.6667 0.3736
3179.2222 8592.6667 0.37
3270.5556 8592.6667 0.3806
3682.3333 8592.6667 0.4285
4005.4444 8592.6667 0.4661
4234.8889 8592.6667 0.4928
4359.4444 8592.6667 0.5073
4365.1111 8592.6667 0.508
4299 8592.6667 0.5003
4250.2222 8592.6667 0.4946
4158.3333 8592.6667 0.4839
4066.2222 8592.6667 0.4732
4104.4444 8592.6667 0.4777
4227.1111 8592.6667 0.4919
4393.6667 8592.6667 0.5113
4445 8592.6667 0.5173
4696.8889 8592.6667 0.5466
4833.8889 8592.6667 0.5626
4552.1111 8592.6667 0.5298
4184.5556 8592.6667 0.487
3792.7778 8592.6667 0.4414
3489.7778 8592.6667 0.4061
3338.7778 8592.6667 0.3886
3302.5556 8592.6667 0.3843
3286 8592.6667 0.3824
3278.5556 8592.6667 0.3816
3339.7778 8592.6667 0.3887
3644.2222 8592.6667 0.4241
4135.2222 8592.6667 0.4813
4433.3333 8592.6667 0.5159
4607.6667 8592.6667 0.5362
4663.5556 8592.6667 0.5427
4566.4444 8592.6667 0.5314
4398.5556 8592.6667 0.5119
4264.2222 8592.6667 0.4963
4095.5556 8592.6667 0.4766
4099.6667 8592.6667 0.4771
4160 8592.6667 0.4841
4183.5556 8592.6667 0.4869
4397 8592.6667 0.5117
4590.7778 8592.6667 0.5343
4762.3333 8592.6667 0.5542
4552 8592.6667 0.5298
4134.1111 8592.6667 0.4811
3768.8889 8592.6667 0.4386
3550.2222 8592.6667 0.4132
3261 8592.6667 0.3795
3167.2222 8592.6667 0.3686
3167 8592.6667 0.3686
3196.7778 8592.6667 0.372
3393.5556 8592.6667 0.3949
3682.1111 8592.6667 0.4285
4187.6667 8592.6667 0.4874
4524.7778 8592.6667 0.5266
4643.8889 8592.6667 0.5404
4571.1111 8592.6667 0.532
4680 8592.6667 0.5447
4592.4444 8592.6667 0.5345
4423 8592.6667 0.5147
4252.8889 8592.6667 0.4949
4212.2222 8592.6667 0.4902
4202.3333 8592.6667 0.4891
4493 8592.6667 0.5229
4683.6667 8592.6667 0.5451
4954.1111 8592.6667 0.5766
5064.8889 8592.6667 0.5894
4930.3333 8592.6667 0.5738
4458.4444 8592.6667 0.5189
3981.2222 8592.6667 0.4633
3639.3333 8592.6667 0.4235
3435.5556 8592.6667 0.3998
3251.2222 8592.6667 0.3784
3101 8592.6667 0.3609
3109.7778 8592.6667 0.3619
3306.5556 8592.6667 0.3848
3688.8889 8592.6667 0.4293
4186.2222 8592.6667 0.4872
4519.1111 8592.6667 0.5259
4623.3333 8592.6667 0.5381
4775.2222 8592.6667 0.5557
4730.5556 8592.6667 0.5505
4552.8889 8592.6667 0.5299
4392.8889 8592.6667 0.5112
4291.7778 8592.6667 0.4995
4284.5556 8592.6667 0.4986
4334.3333 8592.6667 0.5044
4494.8889 8592.6667 0.5231
4631.5556 8592.6667 0.539
4779.7778 8592.6667 0.5563
5019.1111 8592.6667 0.5841
4853.7778 8592.6667 0.5649
4303.6667 8592.6667 0.5009
3905.4444 8592.6667 0.4545
3532.7778 8592.6667 0.4111
3392.5556 8592.6667 0.3948
3197.3333 8592.6667 0.3721
3150.7778 8592.6667 0.3667
3077.7778 8592.6667 0.3582
3250.8889 8592.6667 0.3783
3631.3333 8592.6667 0.4226
4113.2222 8592.6667 0.4787
4285.3333 8592.6667 0.4987
4337.7778 8592.6667 0.5048
4369.6667 8592.6667 0.5085
4367.8889 8592.6667 0.5083
4288.8889 8592.6667 0.4991
4293 8592.6667 0.4996
4235 8592.6667 0.4929
4167.1111 8592.6667 0.485
4244 8592.6667 0.4939
4416.3333 8592.6667 0.514
4503.5556 8592.6667 0.5241
4756.4444 8592.6667 0.5535
4966 8592.6667 0.5779
4865.1111 8592.6667 0.5662
4321.8889 8592.6667 0.503
3795.2222 8592.6667 0.4417
3361.2222 8592.6667 0.3912
3273.1111 8592.6667 0.3809
3187.5556 8592.6667 0.371
3160.4444 8592.6667 0.3678
3189 8592.6667 0.3711
3367.7778 8592.6667 0.3919
3791.1111 8592.6667 0.4412
4323.2222 8592.6667 0.5031
4566.6667 8592.6667 0.5315
4669.1111 8592.6667 0.5434
4557.1111 8592.6667 0.5303
4552.6667 8592.6667 0.5298
4492 8592.6667 0.5228
4424.2222 8592.6667 0.5149
4215.5556 8592.6667 0.4906
4202.6667 8592.6667 0.4891
4271.3333 8592.6667 0.4971
4407.5556 8592.6667 0.5129
4527 8592.6667 0.5268
4640 8592.6667 0.54
4944.6667 8592.6667 0.5755
4735.8889 8592.6667 0.5512
4305.2222 8592.6667 0.501
3864.7778 8592.6667 0.4498
3522.4444 8592.6667 0.4099
3510.7778 8592.6667 0.4086
3417.7778 8592.6667 0.3978
3349.6667 8592.6667 0.3898
3314.2222 8592.6667 0.3857
3390.1111 8592.6667 0.3945
3618.2222 8592.6667 0.4211
3999.8889 8592.6667 0.4655
4238.7778 8592.6667 0.4933
4455.4444 8592.6667 0.5185
4439.8889 8592.6667 0.5167
4453.5556 8592.6667 0.5183
4389 8592.6667 0.5108
4380.7778 8592.6667 0.5098
4295.5556 8592.6667 0.4999
4230.2222 8592.6667 0.4923
4303.7778 8592.6667 0.5009
4380.2222 8592.6667 0.5098
4490 8592.6667 0.5225
4763.7778 8592.6667 0.5544
5074.3333 8592.6667 0.5905
4857.3333 8592.6667 0.5653
4384.4444 8592.6667 0.5103
3880.3333 8592.6667 0.4516
3589.2222 8592.6667 0.4177
3431.6667 8592.6667 0.3994
3310.2222 8592.6667 0.3852
3331.2222 8592.6667 0.3877
3398.7778 8592.6667 0.3955
3434.1111 8592.6667 0.3997
3802.7778 8592.6667 0.4426
4074.1111 8592.6667 0.4741
4373.6667 8592.6667 0.509
4512.7778 8592.6667 0.5252
4506.8889 8592.6667 0.5245
4366.4444 8592.6667 0.5082
4305.3333 8592.6667 0.501
4200.5556 8592.6667 0.4889
4179.8889 8592.6667 0.4864
4118.5556 8592.6667 0.4793
4247.1111 8592.6667 0.4943
4321.3333 8592.6667 0.5029
4389.5556 8592.6667 0.5108
4496.2222 8592.6667 0.5233
4779.3333 8592.6667 0.5562
4712.8889 8592.6667 0.5485
4229.1111 8592.6667 0.4922
3735.2222 8592.6667 0.4347
3385.1111 8592.6667 0.394
3281.7778 8592.6667 0.3819
3166.8889 8592.6667 0.3686
3178.7778 8592.6667 0.3699
3169.5556 8592.6667 0.3689
3282.2222 8592.6667 0.382
3625.2222 8592.6667 0.4219
3971 8592.6667 0.4621
4343 8592.6667 0.5054
4507.3333 8592.6667 0.5246
4490.7778 8592.6667 0.5226
4365.5556 8592.6667 0.5081
4293.7778 8592.6667 0.4997
4254.6667 8592.6667 0.4952
4192.7778 8592.6667 0.4879
4082.6667 8592.6667 0.4751
4195 8592.6667 0.4882
4344.1111 8592.6667 0.5056
4452.5556 8592.6667 0.5182
4664.5556 8592.6667 0.5429
4956.1111 8592.6667 0.5768
4850.5556 8592.6667 0.5645
4495.1111 8592.6667 0.5231
3989.1111 8592.6667 0.4642
3694.5556 8592.6667 0.43
3475.5556 8592.6667 0.4045
3250.5556 8592.6667 0.3783
3183.2222 8592.6667 0.3705
3172 8592.6667 0.3692
3365 8592.6667 0.3916
3669.3333 8592.6667 0.427
4186.6667 8592.6667 0.4872
4509 8592.6667 0.5247
4610.3333 8592.6667 0.5365
4565.3333 8592.6667 0.5313
4589.3333 8592.6667 0.5341
4447.3333 8592.6667 0.5176
4318.6667 8592.6667 0.5026
4228.2222 8592.6667 0.4921
4229.3333 8592.6667 0.4922
4387.4444 8592.6667 0.5106
4452.8889 8592.6667 0.5182
4600.3333 8592.6667 0.5354
4821.7778 8592.6667 0.5612
4995.1111 8592.6667 0.5813
4860.2222 8592.6667 0.5656
4441.3333 8592.6667 0.5169
3967.8889 8592.6667 0.4618
3552.6667 8592.6667 0.4135
3399.3333 8592.6667 0.3956
3363 8592.6667 0.3914
3335.2222 8592.6667 0.3881
3265.1111 8592.6667 0.38
3472.1111 8592.6667 0.4041
3729.4444 8592.6667 0.434
4077.5556 8592.6667 0.4745
4308 8592.6667 0.5014
4445.4444 8592.6667 0.5174
4651.4444 8592.6667 0.5413
4632.4444 8592.6667 0.5391
4476.4444 8592.6667 0.521
4429.6667 8592.6667 0.5155
4376.7778 8592.6667 0.5094
4402.6667 8592.6667 0.5124
4616.2222 8592.6667 0.5372
4812.1111 8592.6667 0.56
4843.1111 8592.6667 0.5636
4982.6667 8592.6667 0.5799
5051.8889 8592.6667 0.5879
4948.3333 8592.6667 0.5759
4588.5556 8592.6667 0.534
4121.8889 8592.6667 0.4797
3596 8592.6667 0.4185
3388 8592.6667 0.3943
3247.6667 8592.6667 0.378
3196.1111 8592.6667 0.372
3185.2222 8592.6667 0.3707
3493 8592.6667 0.4065
3930.4444 8592.6667 0.4574
4364.6667 8592.6667 0.508
4660.5556 8592.6667 0.5424
4734.7778 8592.6667 0.551
4714 8592.6667 0.5486
4666.2222 8592.6667 0.543
4635.5556 8592.6667 0.5395
4519.3333 8592.6667 0.526
4375.7778 8592.6667 0.5092
4276.8889 8592.6667 0.4977
4484.2222 8592.6667 0.5219
4716.1111 8592.6667 0.5489
4678.5556 8592.6667 0.5445
4686.2222 8592.6667 0.5454
4879.8889 8592.6667 0.5679
4881.8889 8592.6667 0.5681
4511.8889 8592.6667 0.5251
4142.8889 8592.6667 0.4821
3683.7778 8592.6667 0.4287
3465.5556 8592.6667 0.4033
3454.4444 8592.6667 0.402
3448.2222 8592.6667 0.4013
3464.8889 8592.6667 0.4032
3705.7778 8592.6667 0.4313
4106.7778 8592.6667 0.4779
4402.4444 8592.6667 0.5123
4588.3333 8592.6667 0.534
4574.1111 8592.6667 0.5323
4607.6667 8592.6667 0.5362
4533.3333 8592.6667 0.5276
4570.6667 8592.6667 0.5319
4585 8592.6667 0.5336
4494.3333 8592.6667 0.523
4500.7778 8592.6667 0.5238
4537.4444 8592.6667 0.5281
4604.4444 8592.6667 0.5359
4711.4444 8592.6667 0.5483
4911 8592.6667 0.5715
5046.1111 8592.6667 0.5873
4969.7778 8592.6667 0.5784
4550.7778 8592.6667 0.5296
4066.5556 8592.6667 0.4733
3606.8889 8592.6667 0.4198
3491.1111 8592.6667 0.4063
3378.2222 8592.6667 0.3932
3370 8592.6667 0.3922
3379.7778 8592.6667 0.3933
3689.3333 8592.6667 0.4294
4027.8889 8592.6667 0.4688
4400.4444 8592.6667 0.5121
4679 8592.6667 0.5445
4674.7778 8592.6667 0.544
4651.6667 8592.6667 0.5414
4569.6667 8592.6667 0.5318
4545.4444 8592.6667 0.529
4440.4444 8592.6667 0.5168
4392 8592.6667 0.5111
4473.1111 8592.6667 0.5206
4525.8889 8592.6667 0.5267
4694.7778 8592.6667 0.5464
4883.3333 8592.6667 0.5683
5054.6667 8592.6667 0.5883
5196 8592.6667 0.6047
5047.2222 8592.6667 0.5874
4624.3333 8592.6667 0.5382
4162.2222 8592.6667 0.4844
3781.3333 8592.6667 0.4401
3642.6667 8592.6667 0.4239
3604.4444 8592.6667 0.4195
3559.2222 8592.6667 0.4142
3569.4444 8592.6667 0.4154
3783.7778 8592.6667 0.4403
4035.4444 8592.6667 0.4696
4378.1111 8592.6667 0.5095
4528.7778 8592.6667 0.5271
4498.4444 8592.6667 0.5235
4593.7778 8592.6667 0.5346
4624.5556 8592.6667 0.5382
4645.1111 8592.6667 0.5406
4638.2222 8592.6667 0.5398
4494.3333 8592.6667 0.523
4497.1111 8592.6667 0.5234
4680.3333 8592.6667 0.5447
4722 8592.6667 0.5495
4687.4444 8592.6667 0.5455
4885.5556 8592.6667 0.5686
5151.3333 8592.6667 0.5995
4979.1111 8592.6667 0.5795
4565 8592.6667 0.5313
4262.3333 8592.6667 0.496
3910.8889 8592.6667 0.4551
3779.6667 8592.6667 0.4399
3632.7778 8592.6667 0.4228
3571.1111 8592.6667 0.4156
3501.1111 8592.6667 0.4075
3699.2222 8592.6667 0.4305
3926.5556 8592.6667 0.457
4406.2222 8592.6667 0.5128
4683.6667 8592.6667 0.5451
4761.3333 8592.6667 0.5541
4834.5556 8592.6667 0.5626
4854.5556 8592.6667 0.565
4786.6667 8592.6667 0.5571
4688.4444 8592.6667 0.5456
4560.7778 8592.6667 0.5308
4434.6667 8592.6667 0.5161
4571.5556 8592.6667 0.532
4801.3333 8592.6667 0.5588
4751.3333 8592.6667 0.553
4895.5556 8592.6667 0.5697
5100.6667 8592.6667 0.5936
4967.6667 8592.6667 0.5781
4610 8592.6667 0.5365
4157.5556 8592.6667 0.4838
3687.8889 8592.6667 0.4292