9870.3333 12628.7778 0.7816
9834.4444 12628.7778 0.7787
9791 12628.7778 0.7753
9695.3333 12628.7778 0.7677
9694.3333 12628.7778 0.7676
9796.2222 12628.7778 0.7757
9835.5556 12628.7778 0.7788
9921.4444 12628.7778 0.7856
9975.7778 12628.7778 0.7899
9980.4444 12628.7778 0.7903
9967 12628.7778 0.7892
9967.2222 12628.7778 0.7892
9967.2222 12628.7778 0.7892
9878.8889 12628.7778 0.7823
9903.4444 12628.7778 0.7842
9949.6667 12628.7778 0.7879
9953.3333 12628.7778 0.7881
9953.2222 12628.7778 0.7881
9954.3333 12628.7778 0.7882
9953.2222 12628.7778 0.7881
9946.5556 12628.7778 0.7876
9939.5556 12628.7778 0.7871
9963.8889 12628.7778 0.789
9962.6667 12628.7778 0.7889
9891.2222 12628.7778 0.7832
9838.8889 12628.7778 0.7791
9803.3333 12628.7778 0.7763
9787.3333 12628.7778 0.775
9862.1111 12628.7778 0.7809
9930.6667 12628.7778 0.7864
10003.4444 12628.7778 0.7921
10057 12628.7778 0.7964
10056.4444 12628.7778 0.7963
10053.6667 12628.7778 0.7961
10046.1111 12628.7778 0.7955
10050.5556 12628.7778 0.7958
10069.6667 12628.7778 0.7974
10095 12628.7778 0.7994
10113.1111 12628.7778 0.8008
10105.5556 12628.7778 0.8002
10122.3333 12628.7778 0.8015
10131.5556 12628.7778 0.8023
10132.4444 12628.7778 0.8023
10129.7778 12628.7778 0.8021
10121.5556 12628.7778 0.8015
10088.7778 12628.7778 0.7989
10059 12628.7778 0.7965
9999.4444 12628.7778 0.7918
9853.5556 12628.7778 0.7802
9789.3333 12628.7778 0.7752
9780.1111 12628.7778 0.7744
9720 12628.7778 0.7697
9740.6667 12628.7778 0.7713
9849.3333 12628.7778 0.7799
9996.5556 12628.7778 0.7916
10086.3333 12628.7778 0.7987
10129.3333 12628.7778 0.8021
10134.8889 12628.7778 0.8025
10146.2222 12628.7778 0.8034
10152.8889 12628.7778 0.8039
10145 12628.7778 0.8033
10148.6667 12628.7778 0.8036
10162 12628.7778 0.8047
10166.7778 12628.7778 0.805
10167.3333 12628.7778 0.8051
10168.5556 12628.7778 0.8052
10167.7778 12628.7778 0.8051
10166.7778 12628.7778 0.805
10164 12628.7778 0.8048
10165.3333 12628.7778 0.8049
10188.1111 12628.7778 0.8067
10151.1111 12628.7778 0.8038
10023.7778 12628.7778 0.7937
9947.4444 12628.7778 0.7877
9926.6667 12628.7778 0.786
9877.2222 12628.7778 0.7821
9865.7778 12628.7778 0.7812
9889.8889 12628.7778 0.7831
10006.5556 12628.7778 0.7924
10124.6667 12628.7778 0.8017
10203.5556 12628.7778 0.808
10216.1111 12628.7778 0.809
10231.8889 12628.7778 0.8102
10249.5556 12628.7778 0.8116
10240.6667 12628.7778 0.8109
10196.4444 12628.7778 0.8074
10222.8889 12628.7778 0.8095
10230.2222 12628.7778 0.8101
10235.2222 12628.7778 0.8105
10253.8889 12628.7778 0.8119
10258.2222 12628.7778 0.8123
10279.8889 12628.7778 0.814
10315.7778 12628.7778 0.8168
10332.7778 12628.7778 0.8182
10300.2222 12628.7778 0.8156
10210.7778 12628.7778 0.8085
10099 12628.7778 0.7997
9996.1111 12628.7778 0.7915
9858.3333 12628.7778 0.7806
9760.6667 12628.7778 0.7729
9721 12628.7778 0.7697
9758.8889 12628.7778 0.7728
9895.6667 12628.7778 0.7836
10047.4444 12628.7778 0.7956
10198.6667 12628.7778 0.8076
10251.4444 12628.7778 0.8118
10251.5556 12628.7778 0.8118
10257.7778 12628.7778 0.8123
10266.3333 12628.7778 0.8129
10252.2222 12628.7778 0.8118
10244.5556 12628.7778 0.8112
10262.6667 12628.7778 0.8126
10263.5556 12628.7778 0.8127
10273 12628.7778 0.8135
10283.6667 12628.7778 0.8143
10286.4444 12628.7778 0.8145
10286 12628.7778 0.8145
10258.5556 12628.7778 0.8123
10209.5556 12628.7778 0.8084
10166.6667 12628.7778 0.805
10072.8889 12628.7778 0.7976
9954.7778 12628.7778 0.7883
9851.5556 12628.7778 0.7801
9837.2222 12628.7778 0.779
9836.7778 12628.7778 0.7789
9879 12628.7778 0.7823
10068.2222 12628.7778 0.7972
10208.1111 12628.7778 0.8083
10255.1111 12628.7778 0.812
10253.4444 12628.7778 0.8119
10257.4444 12628.7778 0.8122
10243.5556 12628.7778 0.8111
10243.4444 12628.7778 0.8111
10240.8889 12628.7778 0.8109
10244.3333 12628.7778 0.8112
10249.2222 12628.7778 0.8116
10250.3333 12628.7778 0.8117
10266.2222 12628.7778 0.8129
10271.8889 12628.7778 0.8134
10272.6667 12628.7778 0.8134
10264.5556 12628.7778 0.8128
10268.2222 12628.7778 0.8131
10192.6667 12628.7778 0.8071
10160.6667 12628.7778 0.8046
10051.2222 12628.7778 0.7959
9901.5556 12628.7778 0.784
9822.7778 12628.7778 0.7778
9789.7778 12628.7778 0.7752
9781.8889 12628.7778 0.7746
9820.4444 12628.7778 0.7776
10029.6667 12628.7778 0.7942
10159.5556 12628.7778 0.8045
10152.7778 12628.7778 0.8039
10177.7778 12628.7778 0.8059
10166.1111 12628.7778 0.805
10121.5556 12628.7778 0.8015
10129.6667 12628.7778 0.8021
10117.4444 12628.7778 0.8011
10142.8889 12628.7778 0.8032
10160.4444 12628.7778 0.8045
10187.2222 12628.7778 0.8067
10224.7778 12628.7778 0.8096
10240 12628.7778 0.8108
10274.3333 12628.7778 0.8136
10270.6667 12628.7778 0.8133
10270.4444 12628.7778 0.8133
10266.4444 12628.7778 0.8129
10224.3333 12628.7778 0.8096
10144.2222 12628.7778 0.8033
10012.6667 12628.7778 0.7928
9964 12628.7778 0.789
9959.5556 12628.7778 0.7886
9916.2222 12628.7778 0.7852
9913.8889 12628.7778 0.785
10001.3333 12628.7778 0.7919
10051.2222 12628.7778 0.7959
10123.3333 12628.7778 0.8016
10177.4444 12628.7778 0.8059
10217.4444 12628.7778 0.8091
10263.6667 12628.7778 0.8127
10302.6667 12628.7778 0.8158
10303.5556 12628.7778 0.8159
10319 12628.7778 0.8171
10319.4444 12628.7778 0.8171
10327.1111 12628.7778 0.8177
10348.6667 12628.7778 0.8195
10360.3333 12628.7778 0.8204
10369.2222 12628.7778 0.8211
10360.4444 12628.7778 0.8204
10354.2222 12628.7778 0.8199
10350.2222 12628.7778 0.8196
10325.8889 12628.7778 0.8176
10311.2222 12628.7778 0.8165
10278.8889 12628.7778 0.8139
10222.2222 12628.7778 0.8094
10211.4444 12628.7778 0.8086
10193 12628.7778 0.8071
10224.6667 12628.7778 0.8096
10279.2222 12628.7778 0.814
10302.1111 12628.7778 0.8158
10322.1111 12628.7778 0.8173
10359.2222 12628.7778 0.8203
10345.6667 12628.7778 0.8192
10359.7778 12628.7778 0.8203
10399.4444 12628.7778 0.8235
10401 12628.7778 0.8236
10406 12628.7778 0.824
10407 12628.7778 0.8241
10413.5556 12628.7778 0.8246
10418.3333 12628.7778 0.825
10420.8889 12628.7778 0.8252
10422.4444 12628.7778 0.8253
10421.8889 12628.7778 0.8252
10419 12628.7778 0.825
10386.7778 12628.7778 0.8225
10325.5556 12628.7778 0.8176
10269 12628.7778 0.8131
10215.2222 12628.7778 0.8089
10154.1111 12628.7778 0.804
10132.4444 12628.7778 0.8023
10136 12628.7778 0.8026
10163 12628.7778 0.8047
10215 12628.7778 0.8089
10230.1111 12628.7778 0.8101
10260.2222 12628.7778 0.8124
10288.7778 12628.7778 0.8147
10298.5556 12628.7778 0.8155
10312.6667 12628.7778 0.8166
10333.2222 12628.7778 0.8182
10296.5556 12628.7778 0.8153
10286.3333 12628.7778 0.8145
10313 12628.7778 0.8166
10394.8889 12628.7778 0.8231
10447.5556 12628.7778 0.8273
10455.2222 12628.7778 0.8279
10456.8889 12628.7778 0.828
10451.1111 12628.7778 0.8276
10461.8889 12628.7778 0.8284
10415.5556 12628.7778 0.8247
10289 12628.7778 0.8147
10149 12628.7778 0.8036
10065.5556 12628.7778 0.797
10021.1111 12628.7778 0.7935
9985.7778 12628.7778 0.7907
9972.5556 12628.7778 0.7897
10027.6667 12628.7778 0.794
10147.3333 12628.7778 0.8035
10239.7778 12628.7778 0.8108
10325.4444 12628.7778 0.8176
10325.5556 12628.7778 0.8176
10295.1111 12628.7778 0.8152
10267.5556 12628.7778 0.813
10270.4444 12628.7778 0.8133
10268.1111 12628.7778 0.8131
10294.4444 12628.7778 0.8152
10321.6667 12628.7778 0.8173
10333.5556 12628.7778 0.8183
10332.6667 12628.7778 0.8182
10334.5556 12628.7778 0.8183
10334.8889 12628.7778 0.8184
10331 12628.7778 0.8181
10325.1111 12628.7778 0.8176
10293.8889 12628.7778 0.8151
10207.4444 12628.7778 0.8083
10158.7778 12628.7778 0.8044
10070 12628.7778 0.7974
9982.8889 12628.7778 0.7905
9964.4444 12628.7778 0.789
9931.1111 12628.7778 0.7864
9950.2222 12628.7778 0.7879
10097.7778 12628.7778 0.7996
10219.1111 12628.7778 0.8092
10311.1111 12628.7778 0.8165
10342.7778 12628.7778 0.819
10377.8889 12628.7778 0.8218
10401.8889 12628.7778 0.8237
10403.3333 12628.7778 0.8238
10391.2222 12628.7778 0.8228
10415 12628.7778 0.8247
10422.5556 12628.7778 0.8253
10421.1111 12628.7778 0.8252
10434.4444 12628.7778 0.8262
10452 12628.7778 0.8276
10457.5556 12628.7778 0.8281
10457.3333 12628.7778 0.8281
10450.7778 12628.7778 0.8275
10389.4444 12628.7778 0.8227
10324.3333 12628.7778 0.8175
10240.3333 12628.7778 0.8109
10238.8889 12628.7778 0.8108
10217.8889 12628.7778 0.8091
10210.1111 12628.7778 0.8085
10213.4444 12628.7778 0.8087
10211.7778 12628.7778 0.8086
10281.4444 12628.7778 0.8141
10378.2222 12628.7778 0.8218
10429.4444 12628.7778 0.8258
10437.1111 12628.7778 0.8265
10462.6667 12628.7778 0.8285
10494.7778 12628.7778 0.831
10401.7778 12628.7778 0.8237
10309 12628.7778 0.8163
10276.4444 12628.7778 0.8137
10300.5556 12628.7778 0.8156
10310.4444 12628.7778 0.8164
10335.3333 12628.7778 0.8184
10333.3333 12628.7778 0.8182
10333.5556 12628.7778 0.8183
10331.6667 12628.7778 0.8181
10329.5556 12628.7778 0.8179
10330.8889 12628.7778 0.818
10317.1111 12628.7778 0.817
10271.2222 12628.7778 0.8133
10221.1111 12628.7778 0.8094
10141 12628.7778 0.803
10090.2222 12628.7778 0.799
10085 12628.7778 0.7986
10097.2222 12628.7778 0.7995
10211.4444 12628.7778 0.8086
10300.6667 12628.7778 0.8157
10335.4444 12628.7778 0.8184
10338.5556 12628.7778 0.8187
10339.8889 12628.7778 0.8188
10339.3333 12628.7778 0.8187
10322.7778 12628.7778 0.8174
10297.6667 12628.7778 0.8154
10297.1111 12628.7778 0.8154
10314.5556 12628.7778 0.8168
10337.1111 12628.7778 0.8185
10342 12628.7778 0.8189
10341.2222 12628.7778 0.8189
10343 12628.7778 0.819
10339.1111 12628.7778 0.8187
10335.6667 12628.7778 0.8184
10348.1111 12628.7778 0.8194
10331 12628.7778 0.8181
10254.3333 12628.7778 0.812
10173 12628.7778 0.8055
10122 12628.7778 0.8015
10091.2222 12628.7778 0.7991
10046.8889 12628.7778 0.7956
10029.1111 12628.7778 0.7941
10125.1111 12628.7778 0.8017
10202.3333 12628.7778 0.8079
10251.6667 12628.7778 0.8118
10281.5556 12628.7778 0.8141
10327.8889 12628.7778 0.8178
10345.3333 12628.7778 0.8192
10349.4444 12628.7778 0.8195
10359.3333 12628.7778 0.8203
10377.5556 12628.7778 0.8217
10377 12628.7778 0.8217
10379.4444 12628.7778 0.8219
10379.7778 12628.7778 0.8219
10396.5556 12628.7778 0.8232
10408.3333 12628.7778 0.8242
10376.8889 12628.7778 0.8217
10354.2222 12628.7778 0.8199
10360.8889 12628.7778 0.8204
10323 12628.7778 0.8174
10258.4444 12628.7778 0.8123
10167.2222 12628.7778 0.8051
10079.3333 12628.7778 0.7981
10059.8889 12628.7778 0.7966
10083.5556 12628.7778 0.7985
10096.5556 12628.7778 0.7995
10197.4444 12628.7778 0.8075
10314.6667 12628.7778 0.8168
10366.1111 12628.7778 0.8208
10389.1111 12628.7778 0.8227
10305.2222 12628.7778 0.816
10302.1111 12628.7778 0.8158
10318.1111 12628.7778 0.817
10325.6667 12628.7778 0.8176
10331.2222 12628.7778 0.8181
10332.3333 12628.7778 0.8182
10334.7778 12628.7778 0.8184
10333.1111 12628.7778 0.8182
10331.6667 12628.7778 0.8181
10326.1111 12628.7778 0.8177
10289.2222 12628.7778 0.8147
10252.1111 12628.7778 0.8118
10211.5556 12628.7778 0.8086
10133 12628.7778 0.8024
10015.6667 12628.7778 0.7931
9959.7778 12628.7778 0.7887
9930.5556 12628.7778 0.7863
9898.7778 12628.7778 0.7838
9917.3333 12628.7778 0.7853
9964.8889 12628.7778 0.7891
9999.3333 12628.7778 0.7918
10094.4444 12628.7778 0.7993
10212.5556 12628.7778 0.8087
10280.1111 12628.7778 0.814
10330.6667 12628.7778 0.818
10366.7778 12628.7778 0.8209
10376.3333 12628.7778 0.8216
10375 12628.7778 0.8215
10397.1111 12628.7778 0.8233
10397.1111 12628.7778 0.8233
10388 12628.7778 0.8226
10396.1111 12628.7778 0.8232
10413.8889 12628.7778 0.8246
10430.3333 12628.7778 0.8259
10418.7778 12628.7778 0.825
10398.6667 12628.7778 0.8234
10363.5556 12628.7778 0.8206
10248 12628.7778 0.8115
10091.2222 12628.7778 0.7991
9991.8889 12628.7778 0.7912
9922.8889 12628.7778 0.7857
9895.6667 12628.7778 0.7836
9901.2222 12628.7778 0.784
9957.8889 12628.7778 0.7885
10098.3333 12628.7778 0.7996
10263 12628.7778 0.8127
10383 12628.7778 0.8222
10428.3333 12628.7778 0.8258
10433.7778 12628.7778 0.8262
10431.7778 12628.7778 0.826
10443.6667 12628.7778 0.827
10428.7778 12628.7778 0.8258
10364.1111 12628.7778 0.8207
10366.5556 12628.7778 0.8209
10401.7778 12628.7778 0.8237
10421.5556 12628.7778 0.8252
10349.8889 12628.7778 0.8195
10352.3333 12628.7778 0.8197
10352.8889 12628.7778 0.8198
10351.5556 12628.7778 0.8197
10336.2222 12628.7778 0.8185
10276.5556 12628.7778 0.8137
10208.1111 12628.7778 0.8083
10150.2222 12628.7778 0.8037
10146 12628.7778 0.8034
10151 12628.7778 0.8038
10151 12628.7778 0.8038
10165.4444 12628.7778 0.8049
10204.4444 12628.7778 0.808
10247.5556 12628.7778 0.8114
10296.2222 12628.7778 0.8153
10360.8889 12628.7778 0.8204
10343.3333 12628.7778 0.819
10321.4444 12628.7778 0.8173
10304.5556 12628.7778 0.816
10306.4444 12628.7778 0.8161
10320 12628.7778 0.8172
10321.2222 12628.7778 0.8173
10333.5556 12628.7778 0.8183
10367.7778 12628.7778 0.821
10391.5556 12628.7778 0.8228
10397.6667 12628.7778 0.8233
10394.8889 12628.7778 0.8231
10390.3333 12628.7778 0.8228
10349 12628.7778 0.8195
10245.6667 12628.7778 0.8113
10197.1111 12628.7778 0.8075
10166.1111 12628.7778 0.805
10166.6667 12628.7778 0.805
10164.2222 12628.7778 0.8048
10161.7778 12628.7778 0.8047
10169.6667 12628.7778 0.8053
10225.6667 12628.7778 0.8097
10280.5556 12628.7778 0.8141
10310.5556 12628.7778 0.8164
10317.2222 12628.7778 0.817
10307.8889 12628.7778 0.8162
10309.4444 12628.7778 0.8163
10317.6667 12628.7778 0.817
10322.6667 12628.7778 0.8174
10307.3333 12628.7778 0.8162
10308.3333 12628.7778 0.8163
10372.8889 12628.7778 0.8214
10379.5556 12628.7778 0.8219
10304.5556 12628.7778 0.816
10304 12628.7778 0.8159
10301.5556 12628.7778 0.8157
10304.7778 12628.7778 0.816
10237.8889 12628.7778 0.8107
10191.7778 12628.7778 0.807
10126.6667 12628.7778 0.8019
10146.8889 12628.7778 0.8035
10208.4444 12628.7778 0.8083
10213.4444 12628.7778 0.8087
10213 12628.7778 0.8087
10216.5556 12628.7778 0.809
10245.8889 12628.7778 0.8113
10301.1111 12628.7778 0.8157
10315.1111 12628.7778 0.8168
10321.3333 12628.7778 0.8173
10351.5556 12628.7778 0.8197
10367 12628.7778 0.8209
10376.4444 12628.7778 0.8217
10270.8889 12628.7778 0.8133
10269 12628.7778 0.8131
10285.1111 12628.7778 0.8144
10283.2222 12628.7778 0.8143
10281.5556 12628.7778 0.8141
10284.1111 12628.7778 0.8143
10284.7778 12628.7778 0.8144
10288.2222 12628.7778 0.8147
10294.1111 12628.7778 0.8151
10274.5556 12628.7778 0.8136
10225.3333 12628.7778 0.8097
10139.2222 12628.7778 0.8029
10087.2222 12628.7778 0.7987
10079.5556 12628.7778 0.7981
10079.1111 12628.7778 0.7981
10078.5556 12628.7778 0.7981
10077.6667 12628.7778 0.798
10125.7778 12628.7778 0.8018
10193.1111 12628.7778 0.8071
10277 12628.7778 0.8138
10324.7778 12628.7778 0.8176
10334.1111 12628.7778 0.8183
10353.2222 12628.7778 0.8198
10356.6667 12628.7778 0.8201
10348.8889 12628.7778 0.8195
10329 12628.7778 0.8179
10338.2222 12628.7778 0.8186
10381.2222 12628.7778 0.822
10389.4444 12628.7778 0.8227
10388.3333 12628.7778 0.8226
10391.1111 12628.7778 0.8228
10393.3333 12628.7778 0.823
10388.5556 12628.7778 0.8226
10400.5556 12628.7778 0.8236
10405.6667 12628.7778 0.824
10383.8889 12628.7778 0.8222
10346.5556 12628.7778 0.8193
10275.3333 12628.7778 0.8136
10278.3333 12628.7778 0.8139
10278.3333 12628.7778 0.8139
10285.8889 12628.7778 0.8145
10363.7778 12628.7778 0.8206
10482.3333 12628.7778 0.83
10491.3333 12628.7778 0.8307
9285 12628.7778 0.7352
10388.2222 12628.7778 0.8226
10403.1111 12628.7778 0.8238
10445.3333 12628.7778 0.8271
10460.8889 12628.7778 0.8283
10492.1111 12628.7778 0.8308
10503.4444 12628.7778 0.8317
10516.5556 12628.7778 0.8327
10518.1111 12628.7778 0.8329
10560.3333 12628.7778 0.8362
10568.2222 12628.7778 0.8368
10569.8889 12628.7778 0.837
10572.8889 12628.7778 0.8372
10574.3333 12628.7778 0.8373
10519.4444 12628.7778 0.833
10478.8889 12628.7778 0.8298
10415.2222 12628.7778 0.8247
10357.6667 12628.7778 0.8202
10318.6667 12628.7778 0.8171
10320.1111 12628.7778 0.8172
10365 12628.7778 0.8207
10538.6667 12628.7778 0.8345
10628.6667 12628.7778 0.8416
10641.5556 12628.7778 0.8426
10642 12628.7778 0.8427
10625.2222 12628.7778 0.8413
10624.8889 12628.7778 0.8413
10616.6667 12628.7778 0.8407
10603.7778 12628.7778 0.8397
10629.1111 12628.7778 0.8417
10670.2222 12628.7778 0.8449
10681.6667 12628.7778 0.8458
10685.4444 12628.7778 0.8461
10710.1111 12628.7778 0.8481
10731.2222 12628.7778 0.8497
10727.5556 12628.7778 0.8495
10723.7778 12628.7778 0.8492
10722.4444 12628.7778 0.849
10699.6667 12628.7778 0.8472
10621.6667 12628.7778 0.8411
10498.5556 12628.7778 0.8313
10351.1111 12628.7778 0.8196
10282.5556 12628.7778 0.8142
10290.3333 12628.7778 0.8148
10328.5556 12628.7778 0.8179
10437 12628.7778 0.8264
10576.2222 12628.7778 0.8375
10706.6667 12628.7778 0.8478
10766 12628.7778 0.8525
10766 12628.7778 0.8525
10767.2222 12628.7778 0.8526
10766.6667 12628.7778 0.8526
10743.2222 12628.7778 0.8507
10742.7778 12628.7778 0.8507
10743.8889 12628.7778 0.8507
10749.3333 12628.7778 0.8512
10750 12628.7778 0.8512
10749.2222 12628.7778 0.8512
10751.3333 12628.7778 0.8513
10756.2222 12628.7778 0.8517
10772.1111 12628.7778 0.853
10778.5556 12628.7778 0.8535
10706.8889 12628.7778 0.8478
10637.3333 12628.7778 0.8423
10564 12628.7778 0.8365
10469.1111 12628.7778 0.829
10412.4444 12628.7778 0.8245
10382.4444 12628.7778 0.8221
10374 12628.7778 0.8215
10446.5556 12628.7778 0.8272
10593.3333 12628.7778 0.8388
10710.5556 12628.7778 0.8481
10721.1111 12628.7778 0.8489
10719.5556 12628.7778 0.8488
10720 12628.7778 0.8489
10721.7778 12628.7778 0.849
10664.3333 12628.7778 0.8444
10668 12628.7778 0.8447
10678.5556 12628.7778 0.8456
10692.4444 12628.7778 0.8467
10691.7778 12628.7778 0.8466
10692.2222 12628.7778 0.8467
10720.1111 12628.7778 0.8489
10726.2222 12628.7778 0.8493
10716.7778 12628.7778 0.8486
10651.4444 12628.7778 0.8434
10566.6667 12628.7778 0.8367
10512.3333 12628.7778 0.8324
10503 12628.7778 0.8317
10484.8889 12628.7778 0.8302
10441.3333 12628.7778 0.8268
10413.3333 12628.7778 0.8246
10426.3333 12628.7778 0.8256
10526.3333 12628.7778 0.8335
10693 12628.7778 0.8467
10764.3333 12628.7778 0.8524
10781.4444 12628.7778 0.8537
10774.5556 12628.7778 0.8532
10733.7778 12628.7778 0.8499
10690.3333 12628.7778 0.8465
10680.5556 12628.7778 0.8457
10670.2222 12628.7778 0.8449
10667.6667 12628.7778 0.8447
10672.1111 12628.7778 0.8451
10682.7778 12628.7778 0.8459
10694.7778 12628.7778 0.8469
10696.3333 12628.7778 0.847
10693.2222 12628.7778 0.8467
10693.4444 12628.7778 0.8468
10701.4444 12628.7778 0.8474
10693 12628.7778 0.8467
10710.6667 12628.7778 0.8481
10742 12628.7778 0.8506
10670.4444 12628.7778 0.8449
10626.4444 12628.7778 0.8414
10637.3333 12628.7778 0.8423
10640.4444 12628.7778 0.8426
10631.1111 12628.7778 0.8418
10653.2222 12628.7778 0.8436
10691.2222 12628.7778 0.8466
10681.4444 12628.7778 0.8458
10678.1111 12628.7778 0.8455
10675.6667 12628.7778 0.8453
10676.7778 12628.7778 0.8454
10683 12628.7778 0.8459
10697.2222 12628.7778 0.8471
10702.8889 12628.7778 0.8475
10718.3333 12628.7778 0.8487
10725.3333 12628.7778 0.8493
10730.5556 12628.7778 0.8497
10735.1111 12628.7778 0.8501
10733.5556 12628.7778 0.8499
10732.1111 12628.7778 0.8498
10731.4444 12628.7778 0.8498
10730.1111 12628.7778 0.8497
10716.8889 12628.7778 0.8486
10667.4444 12628.7778 0.8447
10605.5556 12628.7778 0.8398
10541.3333 12628.7778 0.8347
10509.5556 12628.7778 0.8322
10521.5556 12628.7778 0.8331
10630.8889 12628.7778 0.8418
10646 12628.7778 0.843
10666.5556 12628.7778 0.8446
10677.4444 12628.7778 0.8455
10671.5556 12628.7778 0.845
10660.4444 12628.7778 0.8441
10668.8889 12628.7778 0.8448
10633.5556 12628.7778 0.842
10604.1111 12628.7778 0.8397
10620.5556 12628.7778 0.841
10701.1111 12628.7778 0.8474
10681.6667 12628.7778 0.8458
10672.8889 12628.7778 0.8451
10674.5556 12628.7778 0.8453
10671 12628.7778 0.845
10624 12628.7778 0.8413
10568.1111 12628.7778 0.8368
10497.7778 12628.7778 0.8313
10443.1111 12628.7778 0.8269
10436.8889 12628.7778 0.8264
10438 12628.7778 0.8265
10438.4444 12628.7778 0.8266
10430.5556 12628.7778 0.8259
10393.2222 12628.7778 0.823
10391.8889 12628.7778 0.8229
10392 12628.7778 0.8229
10411.8889 12628.7778 0.8245
10427.6667 12628.7778 0.8257
10459.2222 12628.7778 0.8282
10526.5556 12628.7778 0.8335
10576.2222 12628.7778 0.8375
10603.4444 12628.7778 0.8396
10605.8889 12628.7778 0.8398
10596.6667 12628.7778 0.8391
10591.8889 12628.7778 0.8387
10599.6667 12628.7778 0.8393
10621.2222 12628.7778 0.841
10625.8889 12628.7778 0.8414
10622.4444 12628.7778 0.8411
10603.1111 12628.7778 0.8396
10575.2222 12628.7778 0.8374
10566.2222 12628.7778 0.8367