8880 12628.7778 0.7032
8792.7778 12628.7778 0.6962
8768.6667 12628.7778 0.6943
8772.2222 12628.7778 0.6946
8780.5556 12628.7778 0.6953
8840.3333 12628.7778 0.7
8894.4444 12628.7778 0.7043
8975.7778 12628.7778 0.7107
9024.7778 12628.7778 0.7146
9034.8889 12628.7778 0.7154
9027.8889 12628.7778 0.7149
9007.4444 12628.7778 0.7132
9005.8889 12628.7778 0.7131
8989.2222 12628.7778 0.7118
8993.4444 12628.7778 0.7121
9009.7778 12628.7778 0.7134
9044.6667 12628.7778 0.7162
9058.6667 12628.7778 0.7173
9068 12628.7778 0.718
9082.5556 12628.7778 0.7192
9079.2222 12628.7778 0.7189
9082.7778 12628.7778 0.7192
9075.2222 12628.7778 0.7186
9011.6667 12628.7778 0.7136
8836.1111 12628.7778 0.6997
8743.4444 12628.7778 0.6923
8612.8889 12628.7778 0.682
8575.5556 12628.7778 0.679
8604.3333 12628.7778 0.6813
8811.6667 12628.7778 0.6977
8909.1111 12628.7778 0.7055
8959.5556 12628.7778 0.7095
9035.1111 12628.7778 0.7154
9069.5556 12628.7778 0.7182
9078.4444 12628.7778 0.7189
9084.8889 12628.7778 0.7194
9075.4444 12628.7778 0.7186
9073.4444 12628.7778 0.7185
9086.3333 12628.7778 0.7195
9087.7778 12628.7778 0.7196
9085.8889 12628.7778 0.7195
9087.1111 12628.7778 0.7196
9092.2222 12628.7778 0.72
9090.2222 12628.7778 0.7198
9037.5556 12628.7778 0.7156
9004.8889 12628.7778 0.713
8987 12628.7778 0.7116
8944.1111 12628.7778 0.7082
8842.4444 12628.7778 0.7002
8792.1111 12628.7778 0.6962
8768.3333 12628.7778 0.6943
8709.8889 12628.7778 0.6897
8741.2222 12628.7778 0.6922
8884.4444 12628.7778 0.7035
8923.8889 12628.7778 0.7066
8923.6667 12628.7778 0.7066
8923.8889 12628.7778 0.7066
8917 12628.7778 0.7061
8917.4444 12628.7778 0.7061
8919.4444 12628.7778 0.7063
8889.5556 12628.7778 0.7039
8892.7778 12628.7778 0.7042
8911 12628.7778 0.7056
8915.1111 12628.7778 0.7059
8930.8889 12628.7778 0.7072
8972.2222 12628.7778 0.7105
8976 12628.7778 0.7108
8971.2222 12628.7778 0.7104
8967.1111 12628.7778 0.7101
8966.8889 12628.7778 0.71
8969.8889 12628.7778 0.7103
8975.3333 12628.7778 0.7107
8978.8889 12628.7778 0.711
8980.6667 12628.7778 0.7111
8972.2222 12628.7778 0.7105
8949.8889 12628.7778 0.7087
8968.6667 12628.7778 0.7102
8977.1111 12628.7778 0.7108
8977.2222 12628.7778 0.7109
8977 12628.7778 0.7108
8926.6667 12628.7778 0.7069
8911.7778 12628.7778 0.7057
8917.5556 12628.7778 0.7061
8928.7778 12628.7778 0.707
8930.3333 12628.7778 0.7071
8941.1111 12628.7778 0.708
8946.3333 12628.7778 0.7084
8952 12628.7778 0.7089
8961 12628.7778 0.7096
8962.2222 12628.7778 0.7097
8962.2222 12628.7778 0.7097
8958.3333 12628.7778 0.7094
8970 12628.7778 0.7103
8911.4444 12628.7778 0.7056
8888 12628.7778 0.7038
8858.1111 12628.7778 0.7014
8817.2222 12628.7778 0.6982
8728.2222 12628.7778 0.6911
8725.4444 12628.7778 0.6909
8725.4444 12628.7778 0.6909
8749.2222 12628.7778 0.6928
8813.1111 12628.7778 0.6979
8823.5556 12628.7778 0.6987
8790.1111 12628.7778 0.696
8806.6667 12628.7778 0.6973
8855.7778 12628.7778 0.7012
8858.3333 12628.7778 0.7014
8864.6667 12628.7778 0.7019
8854.2222 12628.7778 0.7011
8866.6667 12628.7778 0.7021
8907.8889 12628.7778 0.7054
8926.5556 12628.7778 0.7068
8969.8889 12628.7778 0.7103
9015.6667 12628.7778 0.7139
9017.3333 12628.7778 0.714
9015.5556 12628.7778 0.7139
9047 12628.7778 0.7164
9087.2222 12628.7778 0.7196
9006.5556 12628.7778 0.7132
8912.1111 12628.7778 0.7057
8851.5556 12628.7778 0.7009
8814.4444 12628.7778 0.698
8768.1111 12628.7778 0.6943
8713.7778 12628.7778 0.69
8702.3333 12628.7778 0.6891
8754.2222 12628.7778 0.6932
8802.3333 12628.7778 0.697
8832.8889 12628.7778 0.6994
8899.2222 12628.7778 0.7047
8896.8889 12628.7778 0.7045
8845.2222 12628.7778 0.7004
8767.1111 12628.7778 0.6942
8769 12628.7778 0.6944
8780.1111 12628.7778 0.6952
8793.7778 12628.7778 0.6963
8799.6667 12628.7778 0.6968
8800.8889 12628.7778 0.6969
8785.6667 12628.7778 0.6957
8763.8889 12628.7778 0.694
8762 12628.7778 0.6938
8759.7778 12628.7778 0.6936
8759.4444 12628.7778 0.6936
8759.6667 12628.7778 0.6936
8761.5556 12628.7778 0.6938
8763.8889 12628.7778 0.694
8768.5556 12628.7778 0.6943
8768.7778 12628.7778 0.6943
8769.8889 12628.7778 0.6944
8754.3333 12628.7778 0.6932
8745.4444 12628.7778 0.6925
8747.1111 12628.7778 0.6926
8756.6667 12628.7778 0.6934
8772.7778 12628.7778 0.6947
8769.6667 12628.7778 0.6944
8748 12628.7778 0.6927
8739.2222 12628.7778 0.692
8723.5556 12628.7778 0.6908
8730.3333 12628.7778 0.6913
8738.2222 12628.7778 0.6919
8735.4444 12628.7778 0.6917
8756.3333 12628.7778 0.6934
8768.5556 12628.7778 0.6943
8779.8889 12628.7778 0.6952
8789.7778 12628.7778 0.696
8798.4444 12628.7778 0.6967
8817.5556 12628.7778 0.6982
8841.3333 12628.7778 0.7001
8855.7778 12628.7778 0.7012
8861 12628.7778 0.7017
8830.5556 12628.7778 0.6992
8826 12628.7778 0.6989
8796.6667 12628.7778 0.6966
8816.5556 12628.7778 0.6981
8871.2222 12628.7778 0.7025
8897.2222 12628.7778 0.7045
8896.3333 12628.7778 0.7044
8887.4444 12628.7778 0.7037
8885.5556 12628.7778 0.7036
8884.4444 12628.7778 0.7035
8877.5556 12628.7778 0.703
8873.4444 12628.7778 0.7026
8887 12628.7778 0.7037
8906.3333 12628.7778 0.7052
8908.7778 12628.7778 0.7054
8902.3333 12628.7778 0.7049
8855.5556 12628.7778 0.7012
8858 12628.7778 0.7014
8853.8889 12628.7778 0.7011
8849.7778 12628.7778 0.7008
8850 12628.7778 0.7008
8851.6667 12628.7778 0.7009
8851.1111 12628.7778 0.7009
8826.7778 12628.7778 0.6989
8796.7778 12628.7778 0.6966
8786.6667 12628.7778 0.6958
8784.6667 12628.7778 0.6956
8792.7778 12628.7778 0.6962
8842.8889 12628.7778 0.7002
8885.6667 12628.7778 0.7036
8905.4444 12628.7778 0.7052
8915.7778 12628.7778 0.706
8915.1111 12628.7778 0.7059
8914.6667 12628.7778 0.7059
8921.2222 12628.7778 0.7064
8919.4444 12628.7778 0.7063
8935.5556 12628.7778 0.7076
8944.2222 12628.7778 0.7082
8954.3333 12628.7778 0.709
8961.1111 12628.7778 0.7096
8960.6667 12628.7778 0.7095
8961.7778 12628.7778 0.7096
8961.2222 12628.7778 0.7096
8967.5556 12628.7778 0.7101
9003.6667 12628.7778 0.7129
9017.6667 12628.7778 0.7141
9009 12628.7778 0.7134
8895.7778 12628.7778 0.7044
8855.6667 12628.7778 0.7012
8828.8889 12628.7778 0.6991
8829.7778 12628.7778 0.6992
8840.1111 12628.7778 0.7
8921.7778 12628.7778 0.7065
8952.4444 12628.7778 0.7089
9017.8889 12628.7778 0.7141
9044.8889 12628.7778 0.7162
9047.5556 12628.7778 0.7164
9048.2222 12628.7778 0.7165
9047.3333 12628.7778 0.7164
9037.6667 12628.7778 0.7156
9039.4444 12628.7778 0.7158
9060.1111 12628.7778 0.7174
9061.7778 12628.7778 0.7175
9065.1111 12628.7778 0.7178
9093.4444 12628.7778 0.7201
9105.4444 12628.7778 0.721
9103.5556 12628.7778 0.7209
9099 12628.7778 0.7205
9100.2222 12628.7778 0.7206
9098.1111 12628.7778 0.7204
9076.3333 12628.7778 0.7187
9018.7778 12628.7778 0.7141
9019.5556 12628.7778 0.7142
9033 12628.7778 0.7153
9024.3333 12628.7778 0.7146
9009.5556 12628.7778 0.7134
9086.5556 12628.7778 0.7195
9183.2222 12628.7778 0.7272
9241.5556 12628.7778 0.7318
9237.5556 12628.7778 0.7315
9221.7778 12628.7778 0.7302
9221.6667 12628.7778 0.7302
9229 12628.7778 0.7308
9233.2222 12628.7778 0.7311
9248.3333 12628.7778 0.7323
9284.6667 12628.7778 0.7352
9293.6667 12628.7778 0.7359
9315.3333 12628.7778 0.7376
9338.5556 12628.7778 0.7395
9349.1111 12628.7778 0.7403
9352.1111 12628.7778 0.7405
9336.4444 12628.7778 0.7393
9261.7778 12628.7778 0.7334
9245.6667 12628.7778 0.7321
9202 12628.7778 0.7287
9143.6667 12628.7778 0.724
9081.3333 12628.7778 0.7191
9061.4444 12628.7778 0.7175
9038.2222 12628.7778 0.7157
9026.8889 12628.7778 0.7148
9103.4444 12628.7778 0.7208
9141.4444 12628.7778 0.7239
9208 12628.7778 0.7291
9240.3333 12628.7778 0.7317
9275 12628.7778 0.7344
9297.2222 12628.7778 0.7362
9333.6667 12628.7778 0.7391
9339.3333 12628.7778 0.7395
9319.2222 12628.7778 0.7379
9329 12628.7778 0.7387
9357.2222 12628.7778 0.7409
9356.4444 12628.7778 0.7409
9360.1111 12628.7778 0.7412
9363.8889 12628.7778 0.7415
9362.5556 12628.7778 0.7414
9357 12628.7778 0.7409
9284.4444 12628.7778 0.7352
9218.5556 12628.7778 0.73
9171.6667 12628.7778 0.7263
9068.5556 12628.7778 0.7181
8967.5556 12628.7778 0.7101
8895.6667 12628.7778 0.7044
8883.2222 12628.7778 0.7034
8893.4444 12628.7778 0.7042
8968.1111 12628.7778 0.7101
9091.6667 12628.7778 0.7199
9244.8889 12628.7778 0.732
9266.2222 12628.7778 0.7337
9266.1111 12628.7778 0.7337
9265.6667 12628.7778 0.7337
9266 12628.7778 0.7337
9274.7778 12628.7778 0.7344
9289.8889 12628.7778 0.7356
9302.2222 12628.7778 0.7366
9309.3333 12628.7778 0.7372
9313.8889 12628.7778 0.7375
9316.2222 12628.7778 0.7377
9317.5556 12628.7778 0.7378
9315.2222 12628.7778 0.7376
9310.3333 12628.7778 0.7372
9311 12628.7778 0.7373
9309.6667 12628.7778 0.7372
9285.5556 12628.7778 0.7353
9185.5556 12628.7778 0.7274
9098.5556 12628.7778 0.7205
9022.3333 12628.7778 0.7144
8983 12628.7778 0.7113
9001.1111 12628.7778 0.7127
9100.3333 12628.7778 0.7206
9204.1111 12628.7778 0.7288
9276.3333 12628.7778 0.7345
9320.7778 12628.7778 0.7381
9314.7778 12628.7778 0.7376
9231.6667 12628.7778 0.731
9238.2222 12628.7778 0.7315
9295.2222 12628.7778 0.736
9305.5556 12628.7778 0.7369
9309.2222 12628.7778 0.7371
9319.8889 12628.7778 0.738
9319.4444 12628.7778 0.738
9328.3333 12628.7778 0.7387
9331.8889 12628.7778 0.7389
9327.6667 12628.7778 0.7386
9297.5556 12628.7778 0.7362
9232.3333 12628.7778 0.7311
9232.7778 12628.7778 0.7311
9159 12628.7778 0.7252
9049.2222 12628.7778 0.7166
8998.3333 12628.7778 0.7125
8971.1111 12628.7778 0.7104
8963.6667 12628.7778 0.7098
8943.2222 12628.7778 0.7082
9044.5556 12628.7778 0.7162
9183 12628.7778 0.7271
9250.8889 12628.7778 0.7325
9271.4444 12628.7778 0.7342
9287.5556 12628.7778 0.7354
9288.7778 12628.7778 0.7355
9285.8889 12628.7778 0.7353
9266.4444 12628.7778 0.7338
9263.8889 12628.7778 0.7336
9268.3333 12628.7778 0.7339
9226.6667 12628.7778 0.7306
9191.3333 12628.7778 0.7278
9202.5556 12628.7778 0.7287
9216.8889 12628.7778 0.7298
9215.6667 12628.7778 0.7297
9212.1111 12628.7778 0.7295
9213.7778 12628.7778 0.7296
9199.5556 12628.7778 0.7285
9136 12628.7778 0.7234
9054.7778 12628.7778 0.717
8951.2222 12628.7778 0.7088
8912.3333 12628.7778 0.7057
8907.7778 12628.7778 0.7054
8918.1111 12628.7778 0.7062
8992.1111 12628.7778 0.712
9052.2222 12628.7778 0.7168
9073.5556 12628.7778 0.7185
9123.3333 12628.7778 0.7224
9169.8889 12628.7778 0.7261
9190.1111 12628.7778 0.7277
9190 12628.7778 0.7277
9197.1111 12628.7778 0.7283
9186.5556 12628.7778 0.7274
9186.1111 12628.7778 0.7274
9144.7778 12628.7778 0.7241
9133.4444 12628.7778 0.7232
9154.2222 12628.7778 0.7249
9160.4444 12628.7778 0.7254
9157.1111 12628.7778 0.7251
9109.8889 12628.7778 0.7214
9021.6667 12628.7778 0.7144
8962.2222 12628.7778 0.7097
8904.5556 12628.7778 0.7051
8818.2222 12628.7778 0.6983
8729 12628.7778 0.6912
8650.4444 12628.7778 0.685
8641.7778 12628.7778 0.6843
8645.8889 12628.7778 0.6846
8706.3333 12628.7778 0.6894
8785 12628.7778 0.6956
8848.1111 12628.7778 0.7006
8917.6667 12628.7778 0.7061
8939.8889 12628.7778 0.7079
8940.4444 12628.7778 0.7079
8937.6667 12628.7778 0.7077
8956.5556 12628.7778 0.7092
8945.6667 12628.7778 0.7084
8951.3333 12628.7778 0.7088
8966.3333 12628.7778 0.71
8909.6667 12628.7778 0.7055
8895 12628.7778 0.7043
8897.6667 12628.7778 0.7046
8894.8889 12628.7778 0.7043
8893.1111 12628.7778 0.7042
8912 12628.7778 0.7057
8907 12628.7778 0.7053
8849.6667 12628.7778 0.7008
8833.8889 12628.7778 0.6995
8793.6667 12628.7778 0.6963
8734.7778 12628.7778 0.6917
8735.1111 12628.7778 0.6917
8749.8889 12628.7778 0.6929
8769.8889 12628.7778 0.6944
8886.6667 12628.7778 0.7037
8955.3333 12628.7778 0.7091
9019.5556 12628.7778 0.7142
9023.2222 12628.7778 0.7145
9030.3333 12628.7778 0.7151
9041.7778 12628.7778 0.716
9046.7778 12628.7778 0.7164
9046.5556 12628.7778 0.7163
9048.2222 12628.7778 0.7165
9051.5556 12628.7778 0.7167
9048.8889 12628.7778 0.7165
9046.7778 12628.7778 0.7164
9051.1111 12628.7778 0.7167
9047.3333 12628.7778 0.7164
9045.2222 12628.7778 0.7162
9043.5556 12628.7778 0.7161
9044.3333 12628.7778 0.7162
9003.2222 12628.7778 0.7129
8875.1111 12628.7778 0.7028
8821.5556 12628.7778 0.6985
8782 12628.7778 0.6954
8803.5556 12628.7778 0.6971
8905 12628.7778 0.7051
9008.8889 12628.7778 0.7134
9056.8889 12628.7778 0.7172
9077.8889 12628.7778 0.7188
9125.3333 12628.7778 0.7226
9137.8889 12628.7778 0.7236
9158.1111 12628.7778 0.7252
9174.8889 12628.7778 0.7265
9221.2222 12628.7778 0.7302
9244.2222 12628.7778 0.732
9276.3333 12628.7778 0.7345
9281.2222 12628.7778 0.7349
9295.4444 12628.7778 0.7361
9307.3333 12628.7778 0.737
9307.7778 12628.7778 0.737
9302.8889 12628.7778 0.7366
9300 12628.7778 0.7364
9309.6667 12628.7778 0.7372
9291.1111 12628.7778 0.7357
9170.8889 12628.7778 0.7262
9046.5556 12628.7778 0.7163
9029.2222 12628.7778 0.715
8991.4444 12628.7778 0.712
8927.6667 12628.7778 0.7069
8919.3333 12628.7778 0.7063
8976 12628.7778 0.7108
9021.3333 12628.7778 0.7143
9115 12628.7778 0.7218
9182.3333 12628.7778 0.7271
9230.3333 12628.7778 0.7309
9229.3333 12628.7778 0.7308
9228.5556 12628.7778 0.7308
9212.5556 12628.7778 0.7295
9207.8889 12628.7778 0.7291
9242.3333 12628.7778 0.7318
9270.8889 12628.7778 0.7341
9313.4444 12628.7778 0.7375
9331.1111 12628.7778 0.7389
9369.7778 12628.7778 0.7419
9414.1111 12628.7778 0.7454
9425.1111 12628.7778 0.7463
9366.4444 12628.7778 0.7417
9319.5556 12628.7778 0.738
9247.1111 12628.7778 0.7322
9179.1111 12628.7778 0.7268
9106.2222 12628.7778 0.7211
8978.2222 12628.7778 0.7109
8934.1111 12628.7778 0.7074
8958.5556 12628.7778 0.7094
9041.8889 12628.7778 0.716
9091.1111 12628.7778 0.7199
9122.8889 12628.7778 0.7224
9129.4444 12628.7778 0.7229
9122.2222 12628.7778 0.7223
9157.4444 12628.7778 0.7251
9192.8889 12628.7778 0.7279
9249 12628.7778 0.7324
9265.4444 12628.7778 0.7337
9291.6667 12628.7778 0.7358
9311.4444 12628.7778 0.7373
9353.5556 12628.7778 0.7407
9357.1111 12628.7778 0.7409
9357.5556 12628.7778 0.741
9354.6667 12628.7778 0.7407
9347.8889 12628.7778 0.7402
9339 12628.7778 0.7395
9263.4444 12628.7778 0.7335
9140.5556 12628.7778 0.7238
8981.7778 12628.7778 0.7112
8885.1111 12628.7778 0.7036
8830.5556 12628.7778 0.6992
8872 12628.7778 0.7025
8954.8889 12628.7778 0.7091
9064 12628.7778 0.7177
9126.6667 12628.7778 0.7227
9174.6667 12628.7778 0.7265
9237.8889 12628.7778 0.7315
9286.3333 12628.7778 0.7353
9326.4444 12628.7778 0.7385
9351.6667 12628.7778 0.7405
9348.4444 12628.7778 0.7402
9331.3333 12628.7778 0.7389
9319.3333 12628.7778 0.7379
9290.3333 12628.7778 0.7356
9288 12628.7778 0.7355
9288.8889 12628.7778 0.7355
9301.1111 12628.7778 0.7365
9340 12628.7778 0.7396
9349.5556 12628.7778 0.7403
9349 12628.7778 0.7403
9315.5556 12628.7778 0.7376
9233.7778 12628.7778 0.7312
9171.4444 12628.7778 0.7262
9137.2222 12628.7778 0.7235
9075 12628.7778 0.7186
9023.6667 12628.7778 0.7145
9010.3333 12628.7778 0.7135
9103.8889 12628.7778 0.7209
9232.4444 12628.7778 0.7311
9290.6667 12628.7778 0.7357
9315.6667 12628.7778 0.7377
9328.2222 12628.7778 0.7386
9358 12628.7778 0.741
9354.7778 12628.7778 0.7408
9370.7778 12628.7778 0.742
9376.3333 12628.7778 0.7425
9378 12628.7778 0.7426
9382.3333 12628.7778 0.7429
9383 12628.7778 0.743
9388.7778 12628.7778 0.7434
9391.7778 12628.7778 0.7437
9389.4444 12628.7778 0.7435
9399 12628.7778 0.7443
9385 12628.7778 0.7431
9297.1111 12628.7778 0.7362
9079.7778 12628.7778 0.719
8889.3333 12628.7778 0.7039
8845 12628.7778 0.7004
8813.2222 12628.7778 0.6979
8828.7778 12628.7778 0.6991
8860.3333 12628.7778 0.7016
8948.4444 12628.7778 0.7086
9099.5556 12628.7778 0.7205
9127.6667 12628.7778 0.7228
9175.5556 12628.7778 0.7266
9220.7778 12628.7778 0.7301
9306.3333 12628.7778 0.7369
9336.3333 12628.7778 0.7393
9385.7778 12628.7778 0.7432
9395.4444 12628.7778 0.744
9400.8889 12628.7778 0.7444
9420.6667 12628.7778 0.746
9435.3333 12628.7778 0.7471
9448.2222 12628.7778 0.7482
9461.8889 12628.7778 0.7492
9442.3333 12628.7778 0.7477
9451.7778 12628.7778 0.7484
9471.1111 12628.7778 0.75
9411.5556 12628.7778 0.7452
9314.2222 12628.7778 0.7375
9167.8889 12628.7778 0.726
9004.6667 12628.7778 0.713
8934.8889 12628.7778 0.7075
8934.7778 12628.7778 0.7075
8966 12628.7778 0.71
9069.5556 12628.7778 0.7182
9178.6667 12628.7778 0.7268
9265.5556 12628.7778 0.7337
9376.7778 12628.7778 0.7425
9427.8889 12628.7778 0.7465
9479.3333 12628.7778 0.7506
9509.6667 12628.7778 0.753
9534.4444 12628.7778 0.755
9524.5556 12628.7778 0.7542
9533.7778 12628.7778 0.7549
9533.5556 12628.7778 0.7549
9532.5556 12628.7778 0.7548
9531.3333 12628.7778 0.7547
9533.3333 12628.7778 0.7549
9530.5556 12628.7778 0.7547
9526 12628.7778 0.7543
9519.6667 12628.7778 0.7538
9491.8889 12628.7778 0.7516
9326.2222 12628.7778 0.7385
9128 12628.7778 0.7228
9054.6667 12628.7778 0.717
9034.1111 12628.7778 0.7154
8919.4444 12628.7778 0.7063
8959.5556 12628.7778 0.7095
9080.6667 12628.7778 0.719
9238.5556 12628.7778 0.7315
9376.3333 12628.7778 0.7425
9474.8889 12628.7778 0.7503
9473.1111 12628.7778 0.7501
9468.5556 12628.7778 0.7498
9499.6667 12628.7778 0.7522
9492.5556 12628.7778 0.7517
9538.5556 12628.7778 0.7553
9557.4444 12628.7778 0.7568
9526.3333 12628.7778 0.7543
9539.8889 12628.7778 0.7554
9565.4444 12628.7778 0.7574
9576.8889 12628.7778 0.7583
9579.3333 12628.7778 0.7585
9584.7778 12628.7778 0.759
9601.4444 12628.7778 0.7603
9575.5556 12628.7778 0.7582
9530.4444 12628.7778 0.7547
9454.6667 12628.7778 0.7487
9370.8889 12628.7778 0.742
9255.4444 12628.7778 0.7329
9186 12628.7778 0.7274
9170.6667 12628.7778 0.7262
9242.3333 12628.7778 0.7318
9357.2222 12628.7778 0.7409
9476.8889 12628.7778 0.7504
9558.5556 12628.7778 0.7569
9567.2222 12628.7778 0.7576
9540.8889 12628.7778 0.7555
9540.3333 12628.7778 0.7554
9547.6667 12628.7778 0.756
9535.6667 12628.7778 0.7551
9525.3333 12628.7778 0.7543
9541 12628.7778 0.7555
9576.2222 12628.7778 0.7583
9590.3333 12628.7778 0.7594
9594.7778 12628.7778 0.7598
9621.1111 12628.7778 0.7618
9625.4444 12628.7778 0.7622
9630.3333 12628.7778 0.7626
9607.5556 12628.7778 0.7608
9519.4444 12628.7778 0.7538
9425.4444 12628.7778 0.7463
9335.3333 12628.7778 0.7392
9311.3333 12628.7778 0.7373
9285.6667 12628.7778 0.7353
9257.1111 12628.7778 0.733
9233 12628.7778 0.7311
9302.8889 12628.7778 0.7366
9453.6667 12628.7778 0.7486
9565.3333 12628.7778 0.7574
9665.3333 12628.7778 0.7653
9722.8889 12628.7778 0.7699
9735.3333 12628.7778 0.7709
9729.1111 12628.7778 0.7704
9728.8889 12628.7778 0.7704
9727.1111 12628.7778 0.7702
9767.7778 12628.7778 0.7735
9869.7778 12628.7778 0.7815
9929.4444 12628.7778 0.7863
9940.4444 12628.7778 0.7871
9932.5556 12628.7778 0.7865
9899.6667 12628.7778 0.7839
9870.5556 12628.7778 0.7816
9816.2222 12628.7778 0.7773
9660.2222 12628.7778 0.7649
9491.6667 12628.7778 0.7516
9390.3333 12628.7778 0.7436
9321.1111 12628.7778 0.7381
9304.6667 12628.7778 0.7368
9319.6667 12628.7778 0.738
9419.8889 12628.7778 0.7459
9611.4444 12628.7778 0.7611
9762.5556 12628.7778 0.773
9815.7778 12628.7778 0.7773
9810.7778 12628.7778 0.7769
9880.5556 12628.7778 0.7824
9904.4444 12628.7778 0.7843
9885.5556 12628.7778 0.7828
9877.1111 12628.7778 0.7821
9893.5556 12628.7778 0.7834
9899.7778 12628.7778 0.7839
9919.2222 12628.7778 0.7854
9931.3333 12628.7778 0.7864
9935.2222 12628.7778 0.7867
9928.7778 12628.7778 0.7862
9929 12628.7778 0.7862
9947 12628.7778 0.7876
9926.2222 12628.7778 0.786
9842 12628.7778 0.7793
9770.1111 12628.7778 0.7736
9676.5556 12628.7778 0.7662
9629 12628.7778 0.7625
9558.2222 12628.7778 0.7569
9549.7778 12628.7778 0.7562
9660.8889 12628.7778 0.765
9734.6667 12628.7778 0.7708
9881.1111 12628.7778 0.7824
9987.4444 12628.7778 0.7908
10011.7778 12628.7778 0.7928
10009 12628.7778 0.7926
10009.1111 12628.7778 0.7926
9991.4444 12628.7778 0.7912
9985.2222 12628.7778 0.7907
10000.4444 12628.7778 0.7919
9997.1111 12628.7778 0.7916
9995.3333 12628.7778 0.7915
10000.8889 12628.7778 0.7919
10006.3333 12628.7778 0.7923
10001.7778 12628.7778 0.792
9999.3333 12628.7778 0.7918
9955.8889 12628.7778 0.7883
9847.2222 12628.7778 0.7797
9717.3333 12628.7778 0.7695
9632.5556 12628.7778 0.7627
9539.5556 12628.7778 0.7554
9467.2222 12628.7778 0.7497
9456.5556 12628.7778 0.7488
9471.1111 12628.7778 0.75
9523.3333 12628.7778 0.7541
9569.6667 12628.7778 0.7578
9676.4444 12628.7778 0.7662
9730.4444 12628.7778 0.7705
9757.7778 12628.7778 0.7727
9794.8889 12628.7778 0.7756
9800.1111 12628.7778 0.776
9795.8889 12628.7778 0.7757
9738 12628.7778 0.7711
9698.3333 12628.7778 0.768
9694.2222 12628.7778 0.7676
9697.4444 12628.7778 0.7679
9676.4444 12628.7778 0.7662
9678.8889 12628.7778 0.7664
9674.4444 12628.7778 0.7661
9671.2222 12628.7778 0.7658
9647.6667 12628.7778 0.7639
9612.2222 12628.7778 0.7611
9428.1111 12628.7778 0.7466