1880.7778 15079.7778 0.1247
1718.2222 15079.7778 0.1139
1713.2222 15079.7778 0.1136
1821.5556 15079.7778 0.1208
2125.2222 15079.7778 0.1409
2675.4444 15079.7778 0.1774
3170.5556 15079.7778 0.2103
3714.5556 15079.7778 0.2463
3683.4444 15079.7778 0.2443
3739.1111 15079.7778 0.248
4034.4444 15079.7778 0.2675
4213.3333 15079.7778 0.2794
4362.4444 15079.7778 0.2893
4405.8889 15079.7778 0.2922
4423.8889 15079.7778 0.2934
4662.1111 15079.7778 0.3092
5009.4444 15079.7778 0.3322
5168.3333 15079.7778 0.3427
5314.6667 15079.7778 0.3524
5021.1111 15079.7778 0.333
4702 15079.7778 0.3118
4112.1111 15079.7778 0.2727
3436.3333 15079.7778 0.2279
2934.5556 15079.7778 0.1946
2379.5556 15079.7778 0.1578
2093 15079.7778 0.1388
2125.7778 15079.7778 0.141
2295.8889 15079.7778 0.1522
2609.5556 15079.7778 0.1731
2940.6667 15079.7778 0.195
3525.5556 15079.7778 0.2338
4087.8889 15079.7778 0.2711
4181.6667 15079.7778 0.2773
4266.8889 15079.7778 0.283
4331.2222 15079.7778 0.2872
4146.8889 15079.7778 0.275
4213.4444 15079.7778 0.2794
4252 15079.7778 0.282
4279.2222 15079.7778 0.2838
4329.7778 15079.7778 0.2871
4751 15079.7778 0.3151
5126.1111 15079.7778 0.3399
5385.2222 15079.7778 0.3571
5066.5556 15079.7778 0.336
4865.7778 15079.7778 0.3227
4433.4444 15079.7778 0.294
3879.5556 15079.7778 0.2573
3135.6667 15079.7778 0.2079
2464.1111 15079.7778 0.1634
2147.2222 15079.7778 0.1424
2132.2222 15079.7778 0.1414
2264.1111 15079.7778 0.1501
2513.8889 15079.7778 0.1667
2847.6667 15079.7778 0.1888
3568.2222 15079.7778 0.2366
4058.8889 15079.7778 0.2692
4238.3333 15079.7778 0.2811
4086 15079.7778 0.271
3970.8889 15079.7778 0.2633
3867.4444 15079.7778 0.2565
3624.3333 15079.7778 0.2403
3682.1111 15079.7778 0.2442
3646.6667 15079.7778 0.2418
3748 15079.7778 0.2485
3905.8889 15079.7778 0.259
4113.1111 15079.7778 0.2728
4224.4444 15079.7778 0.2801
4058.8889 15079.7778 0.2692
4010.3333 15079.7778 0.2659
3717.7778 15079.7778 0.2465
3239.3333 15079.7778 0.2148
2852.4444 15079.7778 0.1892
2321.4444 15079.7778 0.1539
2006.1111 15079.7778 0.133
1957.1111 15079.7778 0.1298
2041.4444 15079.7778 0.1354
2300.1111 15079.7778 0.1525
2644 15079.7778 0.1753
3111.2222 15079.7778 0.2063
3745.6667 15079.7778 0.2484
3805.1111 15079.7778 0.2523
3807.2222 15079.7778 0.2525
3911.2222 15079.7778 0.2594
3851 15079.7778 0.2554
4031.2222 15079.7778 0.2673
3935.6667 15079.7778 0.261
3802.2222 15079.7778 0.2521
3749.5556 15079.7778 0.2486
3844.4444 15079.7778 0.2549
4166.3333 15079.7778 0.2763
4341.6667 15079.7778 0.2879
4156.6667 15079.7778 0.2756
3890.8889 15079.7778 0.258
3615 15079.7778 0.2397
3248.8889 15079.7778 0.2154
2660.1111 15079.7778 0.1764
2281.6667 15079.7778 0.1513
1955.7778 15079.7778 0.1297
1958.3333 15079.7778 0.1299
2003.2222 15079.7778 0.1328
2259 15079.7778 0.1498
2691.1111 15079.7778 0.1785
2963.4444 15079.7778 0.1965
3443 15079.7778 0.2283
3462.7778 15079.7778 0.2296
3478.7778 15079.7778 0.2307
3490.5556 15079.7778 0.2315
3699.3333 15079.7778 0.2453
3703.6667 15079.7778 0.2456
3674.7778 15079.7778 0.2437
3734.1111 15079.7778 0.2476
3803.2222 15079.7778 0.2522
4055.7778 15079.7778 0.269
4453.8889 15079.7778 0.2954
4654.5556 15079.7778 0.3087
4454.8889 15079.7778 0.2954
4335.6667 15079.7778 0.2875
3958.7778 15079.7778 0.2625
3406 15079.7778 0.2259
2713.7778 15079.7778 0.18
2039.3333 15079.7778 0.1352
1918.3333 15079.7778 0.1272
1892 15079.7778 0.1255
2002.2222 15079.7778 0.1328
2248.6667 15079.7778 0.1491
2744.7778 15079.7778 0.182
3345.3333 15079.7778 0.2218
3964.3333 15079.7778 0.2629
4072 15079.7778 0.27
3966.6667 15079.7778 0.263
3857.4444 15079.7778 0.2558
3842.1111 15079.7778 0.2548
3712 15079.7778 0.2462
3615.1111 15079.7778 0.2397
3606 15079.7778 0.2391
3788.4444 15079.7778 0.2512
4164.8889 15079.7778 0.2762
4461.7778 15079.7778 0.2959
4788 15079.7778 0.3175
4710.2222 15079.7778 0.3124
4708.5556 15079.7778 0.3122
4014.4444 15079.7778 0.2662
3367.5556 15079.7778 0.2233
2767.6667 15079.7778 0.1835
2311.5556 15079.7778 0.1533
2153.2222 15079.7778 0.1428
2172.6667 15079.7778 0.1441
2384.4444 15079.7778 0.1581
2726.4444 15079.7778 0.1808
3026.7778 15079.7778 0.2007
3459.4444 15079.7778 0.2294
4088.1111 15079.7778 0.2711
3996.1111 15079.7778 0.265
3954.2222 15079.7778 0.2622
4121.5556 15079.7778 0.2733
4098.3333 15079.7778 0.2718
3856.4444 15079.7778 0.2557
3629.7778 15079.7778 0.2407
3727.1111 15079.7778 0.2472
3806 15079.7778 0.2524
3979.8889 15079.7778 0.2639
4412.6667 15079.7778 0.2926
4546.4444 15079.7778 0.3015
4412.2222 15079.7778 0.2926
4469.4444 15079.7778 0.2964
4105.1111 15079.7778 0.2722
3611.6667 15079.7778 0.2395
2846.8889 15079.7778 0.1888
2430.1111 15079.7778 0.1612
2241.7778 15079.7778 0.1487
2242.4444 15079.7778 0.1487
2419.2222 15079.7778 0.1604
2747.3333 15079.7778 0.1822
3301.1111 15079.7778 0.2189
3839.1111 15079.7778 0.2546
4448.3333 15079.7778 0.295
4648.8889 15079.7778 0.3083
4742.3333 15079.7778 0.3145
4945.2222 15079.7778 0.3279
4809.2222 15079.7778 0.3189
4722 15079.7778 0.3131
4577.7778 15079.7778 0.3036
4505.6667 15079.7778 0.2988
4566.2222 15079.7778 0.3028
4966.5556 15079.7778 0.3294
5382.6667 15079.7778 0.3569
5680.1111 15079.7778 0.3767
5396.4444 15079.7778 0.3579
4927 15079.7778 0.3267
4321.4444 15079.7778 0.2866
3780.6667 15079.7778 0.2507
3177.5556 15079.7778 0.2107
2458.1111 15079.7778 0.163
2188.2222 15079.7778 0.1451
2290.8889 15079.7778 0.1519
2468.5556 15079.7778 0.1637
2866.2222 15079.7778 0.1901
3317.5556 15079.7778 0.22
3883.6667 15079.7778 0.2575
4589.1111 15079.7778 0.3043
4809 15079.7778 0.3189
4748 15079.7778 0.3149
4607.5556 15079.7778 0.3055
4588.4444 15079.7778 0.3043
4446.7778 15079.7778 0.2949
4284.4444 15079.7778 0.2841
4235.5556 15079.7778 0.2809
4312.7778 15079.7778 0.286
4561.6667 15079.7778 0.3025
5020.6667 15079.7778 0.3329
5299.6667 15079.7778 0.3514
5297.7778 15079.7778 0.3513
5227.6667 15079.7778 0.3467
4754.4444 15079.7778 0.3153
3947.7778 15079.7778 0.2618
3038.3333 15079.7778 0.2015
2396.2222 15079.7778 0.1589
2027.6667 15079.7778 0.1345
2063.5556 15079.7778 0.1368
2233.8889 15079.7778 0.1481
2670.8889 15079.7778 0.1771
3297.5556 15079.7778 0.2187
3911.1111 15079.7778 0.2594
4593 15079.7778 0.3046
4641.4444 15079.7778 0.3078
4538.5556 15079.7778 0.301
4394.8889 15079.7778 0.2914
4271.7778 15079.7778 0.2833
4257.8889 15079.7778 0.2824
4167.5556 15079.7778 0.2764
4061.2222 15079.7778 0.2693
3989.4444 15079.7778 0.2646
4212.3333 15079.7778 0.2793
4723.1111 15079.7778 0.3132
5172.1111 15079.7778 0.343
5061.4444 15079.7778 0.3356
4861.8889 15079.7778 0.3224
4459.2222 15079.7778 0.2957
3847.1111 15079.7778 0.2551
3048.7778 15079.7778 0.2022
2293.3333 15079.7778 0.1521
1967.7778 15079.7778 0.1305
2003 15079.7778 0.1328
2133.4444 15079.7778 0.1415
2563.8889 15079.7778 0.17
3208.7778 15079.7778 0.2128
3906.6667 15079.7778 0.2591
4589.4444 15079.7778 0.3043
4765.5556 15079.7778 0.316
4622.3333 15079.7778 0.3065
4797.5556 15079.7778 0.3181
4712.1111 15079.7778 0.3125
4422.2222 15079.7778 0.2933
4409.2222 15079.7778 0.2924
4237.6667 15079.7778 0.281
4326.4444 15079.7778 0.2869
4615.3333 15079.7778 0.3061
5099.7778 15079.7778 0.3382
5423.3333 15079.7778 0.3596
5266.1111 15079.7778 0.3492
5046.5556 15079.7778 0.3347
4315.5556 15079.7778 0.2862
3657.8889 15079.7778 0.2426
2962.4444 15079.7778 0.1965
2195.2222 15079.7778 0.1456
1922.4444 15079.7778 0.1275
1986.8889 15079.7778 0.1318
2096.7778 15079.7778 0.139
2381.7778 15079.7778 0.1579
2724.8889 15079.7778 0.1807
3151.2222 15079.7778 0.209
3628 15079.7778 0.2406
3658.6667 15079.7778 0.2426
3791.8889 15079.7778 0.2515
3721.6667 15079.7778 0.2468
3791.7778 15079.7778 0.2514
3527.2222 15079.7778 0.2339
3367.5556 15079.7778 0.2233
3355.2222 15079.7778 0.2225
3518.5556 15079.7778 0.2333
3963.7778 15079.7778 0.2629
4326.7778 15079.7778 0.2869
4577.3333 15079.7778 0.3035
4472.4444 15079.7778 0.2966
4459.3333 15079.7778 0.2957
4211.8889 15079.7778 0.2793
3595.5556 15079.7778 0.2384
2885.4444 15079.7778 0.1913
2410.3333 15079.7778 0.1598
2125.4444 15079.7778 0.1409
2151.1111 15079.7778 0.1426
2272.8889 15079.7778 0.1507
2647.7778 15079.7778 0.1756
3013.8889 15079.7778 0.1999
3621.7778 15079.7778 0.2402
4042.7778 15079.7778 0.2681
4115.6667 15079.7778 0.2729
4142 15079.7778 0.2747
3980.5556 15079.7778 0.264
4046.8889 15079.7778 0.2684
4138.3333 15079.7778 0.2744
4066.5556 15079.7778 0.2697
3935.7778 15079.7778 0.261
3870 15079.7778 0.2566
3995.3333 15079.7778 0.2649
4519.3333 15079.7778 0.2997
4979.2222 15079.7778 0.3302
4932 15079.7778 0.3271
4673 15079.7778 0.3099
4200.1111 15079.7778 0.2785
3573.8889 15079.7778 0.237
2651.1111 15079.7778 0.1758
2077.1111 15079.7778 0.1377
1774.6667 15079.7778 0.1177
1735.3333 15079.7778 0.1151
1963.8889 15079.7778 0.1302
2325.6667 15079.7778 0.1542
2651.6667 15079.7778 0.1758
3035 15079.7778 0.2013
3391.8889 15079.7778 0.2249
3486.3333 15079.7778 0.2312
3286.4444 15079.7778 0.2179
3166.1111 15079.7778 0.21
3136.5556 15079.7778 0.208
3107.6667 15079.7778 0.2061
3130.6667 15079.7778 0.2076
3157 15079.7778 0.2094
3343 15079.7778 0.2217
3434.2222 15079.7778 0.2277
3709.8889 15079.7778 0.246
3970.6667 15079.7778 0.2633
3958 15079.7778 0.2625
3988.2222 15079.7778 0.2645
3618.4444 15079.7778 0.24
2808.8889 15079.7778 0.1863
2295.8889 15079.7778 0.1522
1870.4444 15079.7778 0.124
1649.4444 15079.7778 0.1094
1615.1111 15079.7778 0.1071
1698 15079.7778 0.1126
1971.1111 15079.7778 0.1307
2441.3333 15079.7778 0.1619
2910 15079.7778 0.193
3300 15079.7778 0.2188
3277.7778 15079.7778 0.2174
3188.5556 15079.7778 0.2114
3208.5556 15079.7778 0.2128
3263.3333 15079.7778 0.2164
3253 15079.7778 0.2157
3260.1111 15079.7778 0.2162
3239.2222 15079.7778 0.2148
3566.5556 15079.7778 0.2365
3943.1111 15079.7778 0.2615
4357.7778 15079.7778 0.289
4721.4444 15079.7778 0.3131
4486.7778 15079.7778 0.2975
4345.5556 15079.7778 0.2882
4038 15079.7778 0.2678
3442.1111 15079.7778 0.2283
2857 15079.7778 0.1895
2497.5556 15079.7778 0.1656
2306.8889 15079.7778 0.153
2378.8889 15079.7778 0.1578
2544 15079.7778 0.1687
2803.2222 15079.7778 0.1859
3109.6667 15079.7778 0.2062
3457.3333 15079.7778 0.2293
3843.7778 15079.7778 0.2549
3923.6667 15079.7778 0.2602
3869.8889 15079.7778 0.2566
3892.4444 15079.7778 0.2581
3937.4444 15079.7778 0.2611
3916.5556 15079.7778 0.2597
3900.4444 15079.7778 0.2587
3850.1111 15079.7778 0.2553
4027.3333 15079.7778 0.2671
4491.1111 15079.7778 0.2978
4906.8889 15079.7778 0.3254
5357.8889 15079.7778 0.3553
5268.5556 15079.7778 0.3494
5139.4444 15079.7778 0.3408
4516.4444 15079.7778 0.2995
3770.1111 15079.7778 0.25
3068.4444 15079.7778 0.2035
2455.5556 15079.7778 0.1628
2275.6667 15079.7778 0.1509
2331.6667 15079.7778 0.1546
2534.7778 15079.7778 0.1681
2802 15079.7778 0.1858
3076.1111 15079.7778 0.204
3368.4444 15079.7778 0.2234
3653.5556 15079.7778 0.2423
3711.3333 15079.7778 0.2461
3604.5556 15079.7778 0.239
3671.6667 15079.7778 0.2435
3639.4444 15079.7778 0.2413
3449.2222 15079.7778 0.2287
3287.3333 15079.7778 0.218
3292.1111 15079.7778 0.2183
3425.5556 15079.7778 0.2272
3891.1111 15079.7778 0.258
4180.1111 15079.7778 0.2772
4429 15079.7778 0.2937
4436.1111 15079.7778 0.2942
4438 15079.7778 0.2943
4203.2222 15079.7778 0.2787
3505.7778 15079.7778 0.2325
2873.7778 15079.7778 0.1906
2505.6667 15079.7778 0.1662
2234.7778 15079.7778 0.1482
2300.1111 15079.7778 0.1525
2420 15079.7778 0.1605
2688.8889 15079.7778 0.1783
2982.1111 15079.7778 0.1978
3314 15079.7778 0.2198
3630.7778 15079.7778 0.2408
3653.7778 15079.7778 0.2423
3563.2222 15079.7778 0.2363
3545.7778 15079.7778 0.2351
3488.8889 15079.7778 0.2314
3257.6667 15079.7778 0.216
3037.8889 15079.7778 0.2015
2939.6667 15079.7778 0.1949
3031.7778 15079.7778 0.201
3313.5556 15079.7778 0.2197
3591.6667 15079.7778 0.2382
3791.6667 15079.7778 0.2514
3687 15079.7778 0.2445
3675.4444 15079.7778 0.2437
3107.4444 15079.7778 0.2061
2496.1111 15079.7778 0.1655
2147.1111 15079.7778 0.1424
1902.4444 15079.7778 0.1262
1712.6667 15079.7778 0.1136
1638 15079.7778 0.1086
1826.5556 15079.7778 0.1211
2002.1111 15079.7778 0.1328
2222.2222 15079.7778 0.1474
2549.1111 15079.7778 0.169
2842.2222 15079.7778 0.1885
3033.8889 15079.7778 0.2012
2951.1111 15079.7778 0.1957
2880.7778 15079.7778 0.191
2800.5556 15079.7778 0.1857
2788 15079.7778 0.1849
2795.5556 15079.7778 0.1854
2774.6667 15079.7778 0.184
2929.4444 15079.7778 0.1943
3007.2222 15079.7778 0.1994
3071.5556 15079.7778 0.2037
3435.2222 15079.7778 0.2278
3478.8889 15079.7778 0.2307
3318.3333 15079.7778 0.2201
3191.3333 15079.7778 0.2116
2927.8889 15079.7778 0.1942
2543.7778 15079.7778 0.1687
2001.2222 15079.7778 0.1327
1823.2222 15079.7778 0.1209
1884.1111 15079.7778 0.1249
1988.2222 15079.7778 0.1318
2227.4444 15079.7778 0.1477
2545.4444 15079.7778 0.1688
2909.3333 15079.7778 0.1929
3019.5556 15079.7778 0.2002
3006.6667 15079.7778 0.1994
2964.1111 15079.7778 0.1966
3103.5556 15079.7778 0.2058
3076.5556 15079.7778 0.204
2948.4444 15079.7778 0.1955
2866.7778 15079.7778 0.1901
2828.2222 15079.7778 0.1876
2860.8889 15079.7778 0.1897
3114 15079.7778 0.2065
3322.2222 15079.7778 0.2203
3622.3333 15079.7778 0.2402
3594 15079.7778 0.2383
3550.7778 15079.7778 0.2355
3061.5556 15079.7778 0.203
2658 15079.7778 0.1763
2358.7778 15079.7778 0.1564
1920.7778 15079.7778 0.1274
1721 15079.7778 0.1141
1709.3333 15079.7778 0.1134
1840.7778 15079.7778 0.1221
2049.8889 15079.7778 0.1359
2289.1111 15079.7778 0.1518
2667.5556 15079.7778 0.1769
3178.5556 15079.7778 0.2108
3282.1111 15079.7778 0.2176
3357 15079.7778 0.2226
3476.7778 15079.7778 0.2306
3438.7778 15079.7778 0.228
3503.2222 15079.7778 0.2323
3630.1111 15079.7778 0.2407
3800.7778 15079.7778 0.252
4026.2222 15079.7778 0.267
4315.3333 15079.7778 0.2862
4576.4444 15079.7778 0.3035
4813.2222 15079.7778 0.3192
4749 15079.7778 0.3149
4527 15079.7778 0.3002
3931.1111 15079.7778 0.2607
3363.4444 15079.7778 0.223
2730.7778 15079.7778 0.1811
2166.2222 15079.7778 0.1437
1897.5556 15079.7778 0.1258
1837.6667 15079.7778 0.1219
1978 15079.7778 0.1312
2243.8889 15079.7778 0.1488
2631.4444 15079.7778 0.1745
3051.7778 15079.7778 0.2024
3362.8889 15079.7778 0.223
3375.6667 15079.7778 0.2239
3250.4444 15079.7778 0.2155
3209.2222 15079.7778 0.2128
3342.6667 15079.7778 0.2217
3293.5556 15079.7778 0.2184
3422.1111 15079.7778 0.2269
3425 15079.7778 0.2271
3468.7778 15079.7778 0.23
3728.3333 15079.7778 0.2472
3840.3333 15079.7778 0.2547
3921 15079.7778 0.26
3905.1111 15079.7778 0.259
3895.7778 15079.7778 0.2583
3585.4444 15079.7778 0.2378
3077 15079.7778 0.204
2524 15079.7778 0.1674
2136.2222 15079.7778 0.1417
1972.8889 15079.7778 0.1308
1916.7778 15079.7778 0.1271
2029.7778 15079.7778 0.1346
2256.5556 15079.7778 0.1496
2612.8889 15079.7778 0.1733
3010.5556 15079.7778 0.1996
3384.4444 15079.7778 0.2244
3353.4444 15079.7778 0.2224
3263.6667 15079.7778 0.2164
3325.7778 15079.7778 0.2205
3188.1111 15079.7778 0.2114
2970.6667 15079.7778 0.197
3002.2222 15079.7778 0.1991
3106.3333 15079.7778 0.206
3284.2222 15079.7778 0.2178
3655.1111 15079.7778 0.2424
3916.5556 15079.7778 0.2597
4217 15079.7778 0.2796
4097.1111 15079.7778 0.2717
4022.7778 15079.7778 0.2668
3770.1111 15079.7778 0.25
3125 15079.7778 0.2072
2684.1111 15079.7778 0.178
2151.2222 15079.7778 0.1427
1958.5556 15079.7778 0.1299
1947.7778 15079.7778 0.1292
2057.3333 15079.7778 0.1364
2261.6667 15079.7778 0.15
2606.3333 15079.7778 0.1728
3002.7778 15079.7778 0.1991
3321 15079.7778 0.2202
3424.1111 15079.7778 0.2271
3533.2222 15079.7778 0.2343
3585.6667 15079.7778 0.2378
3478 15079.7778 0.2306
3342.3333 15079.7778 0.2216
3272.1111 15079.7778 0.217
3277.5556 15079.7778 0.2173
3344.2222 15079.7778 0.2218
3621 15079.7778 0.2401
3984.1111 15079.7778 0.2642
4310.3333 15079.7778 0.2858
4305.6667 15079.7778 0.2855
3966.4444 15079.7778 0.263
3358.7778 15079.7778 0.2227
2880.2222 15079.7778 0.191
2267.2222 15079.7778 0.1503
1818.1111 15079.7778 0.1206
1653.6667 15079.7778 0.1097
1696.5556 15079.7778 0.1125
1831 15079.7778 0.1214
2023.1111 15079.7778 0.1342
2438.1111 15079.7778 0.1617
2913.5556 15079.7778 0.1932
3447.5556 15079.7778 0.2286
3592.6667 15079.7778 0.2382
3571.6667 15079.7778 0.2369
3616 15079.7778 0.2398
3558.5556 15079.7778 0.236
3242.2222 15079.7778 0.215
3068.7778 15079.7778 0.2035
3088.2222 15079.7778 0.2048
3152.2222 15079.7778 0.209
3437.7778 15079.7778 0.228
3787.2222 15079.7778 0.2511
4225.7778 15079.7778 0.2802
4286.2222 15079.7778 0.2842
4223.4444 15079.7778 0.2801
3987.2222 15079.7778 0.2644
3412.2222 15079.7778 0.2263
2803.3333 15079.7778 0.1859
2318 15079.7778 0.1537
1973.7778 15079.7778 0.1309
1966.5556 15079.7778 0.1304
2030.6667 15079.7778 0.1347
2241.3333 15079.7778 0.1486
2700.3333 15079.7778 0.1791
3207.1111 15079.7778 0.2127
3627 15079.7778 0.2405
3516.7778 15079.7778 0.2332
3463.2222 15079.7778 0.2297
3364.4444 15079.7778 0.2231
3417.2222 15079.7778 0.2266
3399.3333 15079.7778 0.2254
3294.3333 15079.7778 0.2185
3282.1111 15079.7778 0.2176
3275.8889 15079.7778 0.2172
3478.2222 15079.7778 0.2307
3873.3333 15079.7778 0.2569
4382.6667 15079.7778 0.2906
4443.6667 15079.7778 0.2947
4362 15079.7778 0.2893
3852.5556 15079.7778 0.2555
3295 15079.7778 0.2185
2747.8889 15079.7778 0.1822
2283.6667 15079.7778 0.1514
1983.1111 15079.7778 0.1315
1897.7778 15079.7778 0.1258
2058.8889 15079.7778 0.1365
2273.3333 15079.7778 0.1508
2491.3333 15079.7778 0.1652
2752.1111 15079.7778 0.1825
3001.6667 15079.7778 0.1991
3072.5556 15079.7778 0.2038
2971.5556 15079.7778 0.1971
2915.1111 15079.7778 0.1933
2851 15079.7778 0.1891
3069.5556 15079.7778 0.2036
3105.4444 15079.7778 0.2059
3179.1111 15079.7778 0.2108
3292 15079.7778 0.2183
3444.4444 15079.7778 0.2284
3757.1111 15079.7778 0.2491
4102.7778 15079.7778 0.2721
3999.6667 15079.7778 0.2652
3740.5556 15079.7778 0.2481
3329.4444 15079.7778 0.2208
2747.4444 15079.7778 0.1822
2420.6667 15079.7778 0.1605
1975.1111 15079.7778 0.131
1842.7778 15079.7778 0.1222
1825.8889 15079.7778 0.1211
1854.3333 15079.7778 0.123
2134.7778 15079.7778 0.1416
2589.5556 15079.7778 0.1717
3074.1111 15079.7778 0.2039
3275.8889 15079.7778 0.2172
3231 15079.7778 0.2143
3129.5556 15079.7778 0.2075
3091.4444 15079.7778 0.205
3018.8889 15079.7778 0.2002
3010.5556 15079.7778 0.1996
3013.6667 15079.7778 0.1998
3013.5556 15079.7778 0.1998
3141.8889 15079.7778 0.2084
3319.4444 15079.7778 0.2201
3568.7778 15079.7778 0.2367
3922.1111 15079.7778 0.2601
3904.3333 15079.7778 0.2589
3712.2222 15079.7778 0.2462
3447.6667 15079.7778 0.2286
3019 15079.7778 0.2002
2544.1111 15079.7778 0.1687