1983.8889 15079.7778 0.1316
1697.7778 15079.7778 0.1126
1685.7778 15079.7778 0.1118
1852.2222 15079.7778 0.1228
2200.1111 15079.7778 0.1459
2537.2222 15079.7778 0.1683
2985.2222 15079.7778 0.198
3342.6667 15079.7778 0.2217
3500 15079.7778 0.2321
3464.5556 15079.7778 0.2297
3470 15079.7778 0.2301
3416.8889 15079.7778 0.2266
3342.4444 15079.7778 0.2217
3348.8889 15079.7778 0.2221
3311.6667 15079.7778 0.2196
3365.1111 15079.7778 0.2232
3505.6667 15079.7778 0.2325
3698.7778 15079.7778 0.2453
3986.6667 15079.7778 0.2644
4110.6667 15079.7778 0.2726
3754.6667 15079.7778 0.249
3259.5556 15079.7778 0.2162
2784.7778 15079.7778 0.1847
2309.8889 15079.7778 0.1532
1993.4444 15079.7778 0.1322
1780.4444 15079.7778 0.1181
1710.7778 15079.7778 0.1134
1821 15079.7778 0.1208
2107 15079.7778 0.1397
2426.7778 15079.7778 0.1609
2832.2222 15079.7778 0.1878
3194 15079.7778 0.2118
3351.8889 15079.7778 0.2223
3264.1111 15079.7778 0.2165
3253.2222 15079.7778 0.2157
3276.3333 15079.7778 0.2173
3240.4444 15079.7778 0.2149
3214.1111 15079.7778 0.2131
3125.6667 15079.7778 0.2073
3279.3333 15079.7778 0.2175
3489.3333 15079.7778 0.2314
3917 15079.7778 0.2598
4313.2222 15079.7778 0.286
4558.1111 15079.7778 0.3023
4438 15079.7778 0.2943
4160.4444 15079.7778 0.2759
3324.7778 15079.7778 0.2205
2612.6667 15079.7778 0.1733
1978.5556 15079.7778 0.1312
1680 15079.7778 0.1114
1591.1111 15079.7778 0.1055
1710.5556 15079.7778 0.1134
1980.5556 15079.7778 0.1313
2434 15079.7778 0.1614
3115.5556 15079.7778 0.2066
3641.8889 15079.7778 0.2415
3608.1111 15079.7778 0.2393
3324.6667 15079.7778 0.2205
3309 15079.7778 0.2194
3272.7778 15079.7778 0.217
3324.4444 15079.7778 0.2205
3329 15079.7778 0.2208
3283.7778 15079.7778 0.2178
3497.7778 15079.7778 0.232
3771.2222 15079.7778 0.2501
4168.8889 15079.7778 0.2765
4408.4444 15079.7778 0.2923
4553.4444 15079.7778 0.302
4310.8889 15079.7778 0.2859
3895.5556 15079.7778 0.2583
3113.1111 15079.7778 0.2064
2568.6667 15079.7778 0.1703
2215 15079.7778 0.1469
2036.4444 15079.7778 0.135
1992.6667 15079.7778 0.1321
2132.7778 15079.7778 0.1414
2331.4444 15079.7778 0.1546
2688.7778 15079.7778 0.1783
3173.3333 15079.7778 0.2104
3640.6667 15079.7778 0.2414
3737.8889 15079.7778 0.2479
3511.3333 15079.7778 0.2329
3445.5556 15079.7778 0.2285
3219.3333 15079.7778 0.2135
3161.4444 15079.7778 0.2096
3165 15079.7778 0.2099
3025 15079.7778 0.2006
3182.2222 15079.7778 0.211
3474.3333 15079.7778 0.2304
3473.8889 15079.7778 0.2304
3602.7778 15079.7778 0.2389
3694 15079.7778 0.245
3602.5556 15079.7778 0.2389
3264.1111 15079.7778 0.2165
2755.8889 15079.7778 0.1828
2292.4444 15079.7778 0.152
2063.3333 15079.7778 0.1368
1961.3333 15079.7778 0.1301
2057.7778 15079.7778 0.1365
2192.1111 15079.7778 0.1454
2431.1111 15079.7778 0.1612
2789 15079.7778 0.1849
3226.3333 15079.7778 0.214
3400.1111 15079.7778 0.2255
3435.7778 15079.7778 0.2278
3340.5556 15079.7778 0.2215
3401.5556 15079.7778 0.2256
3504.4444 15079.7778 0.2324
3361.4444 15079.7778 0.2229
3206 15079.7778 0.2126
3132.6667 15079.7778 0.2077
3278.5556 15079.7778 0.2174
3476.4444 15079.7778 0.2305
3826 15079.7778 0.2537
4118.5556 15079.7778 0.2731
4350 15079.7778 0.2885
4292 15079.7778 0.2846
3775.8889 15079.7778 0.2504
3093.2222 15079.7778 0.2051
2659.7778 15079.7778 0.1764
2464.5556 15079.7778 0.1634
2281.3333 15079.7778 0.1513
2306.4444 15079.7778 0.1529
2425.7778 15079.7778 0.1609
2668.7778 15079.7778 0.177
2932.8889 15079.7778 0.1945
3421.2222 15079.7778 0.2269
3648.3333 15079.7778 0.2419
3591.1111 15079.7778 0.2381
3372.6667 15079.7778 0.2237
3361.4444 15079.7778 0.2229
3214.2222 15079.7778 0.2131
3116.6667 15079.7778 0.2067
3169.1111 15079.7778 0.2102
3092.2222 15079.7778 0.2051
3251.5556 15079.7778 0.2156
3584.3333 15079.7778 0.2377
3866.8889 15079.7778 0.2564
4206.2222 15079.7778 0.2789
4298.8889 15079.7778 0.2851
4218.6667 15079.7778 0.2798
3916.1111 15079.7778 0.2597
3231.4444 15079.7778 0.2143
2723.7778 15079.7778 0.1806
2301.5556 15079.7778 0.1526
2035.7778 15079.7778 0.135
1964.6667 15079.7778 0.1303
2095.1111 15079.7778 0.1389
2274.6667 15079.7778 0.1508
2591.2222 15079.7778 0.1718
2944.5556 15079.7778 0.1953
3244.7778 15079.7778 0.2152
3320.8889 15079.7778 0.2202
3340.2222 15079.7778 0.2215
3424.8889 15079.7778 0.2271
3510.4444 15079.7778 0.2328
3541.8889 15079.7778 0.2349
3464.1111 15079.7778 0.2297
3538.4444 15079.7778 0.2346
3440 15079.7778 0.2281
3491.8889 15079.7778 0.2316
3614.1111 15079.7778 0.2397
3637.2222 15079.7778 0.2412
3780.2222 15079.7778 0.2507
3765.3333 15079.7778 0.2497
3602.5556 15079.7778 0.2389
2984.4444 15079.7778 0.1979
2367.6667 15079.7778 0.157
1946.2222 15079.7778 0.1291
1799.5556 15079.7778 0.1193
1862.1111 15079.7778 0.1235
1936.7778 15079.7778 0.1284
2106.8889 15079.7778 0.1397
2437.8889 15079.7778 0.1617
2826.1111 15079.7778 0.1874
2997.3333 15079.7778 0.1988
3032.1111 15079.7778 0.2011
2931.7778 15079.7778 0.1944
2896.2222 15079.7778 0.1921
2883.1111 15079.7778 0.1912
2749.4444 15079.7778 0.1823
2639 15079.7778 0.175
2552.5556 15079.7778 0.1693
2541.8889 15079.7778 0.1686
2681.5556 15079.7778 0.1778
2724.8889 15079.7778 0.1807
2713.1111 15079.7778 0.1799
2838.6667 15079.7778 0.1882
2851 15079.7778 0.1891
2566.4444 15079.7778 0.1702
2185.6667 15079.7778 0.1449
1806.2222 15079.7778 0.1198
1582.1111 15079.7778 0.1049
1487.7778 15079.7778 0.0987
1556.3333 15079.7778 0.1032
1662.4444 15079.7778 0.1102
1858.5556 15079.7778 0.1232
2096 15079.7778 0.139
2485.2222 15079.7778 0.1648
2720.7778 15079.7778 0.1804
2647 15079.7778 0.1755
2602 15079.7778 0.1725
2674.7778 15079.7778 0.1774
2744.5556 15079.7778 0.182
2876 15079.7778 0.1907
2713.4444 15079.7778 0.1799
2619.2222 15079.7778 0.1737
2738 15079.7778 0.1816
2896.4444 15079.7778 0.1921
3077.2222 15079.7778 0.2041
3176 15079.7778 0.2106
3243.8889 15079.7778 0.2151
3090.3333 15079.7778 0.2049
2761.4444 15079.7778 0.1831
2294.1111 15079.7778 0.1521
2066 15079.7778 0.137
1606.4444 15079.7778 0.1065
1435 15079.7778 0.0952
1516 15079.7778 0.1005
1636.3333 15079.7778 0.1085
1812.3333 15079.7778 0.1202
2087.4444 15079.7778 0.1384
2357.7778 15079.7778 0.1564
2519.4444 15079.7778 0.1671
2535.8889 15079.7778 0.1682
2575.7778 15079.7778 0.1708
2647.3333 15079.7778 0.1756
2689.6667 15079.7778 0.1784
2464.4444 15079.7778 0.1634
2430.3333 15079.7778 0.1612
2285.3333 15079.7778 0.1515
2280.4444 15079.7778 0.1512
2359.6667 15079.7778 0.1565
2430.1111 15079.7778 0.1612
2685.8889 15079.7778 0.1781
2603.2222 15079.7778 0.1726
2397.2222 15079.7778 0.159
2243.5556 15079.7778 0.1488
1991 15079.7778 0.132
1774.3333 15079.7778 0.1177
1544 15079.7778 0.1024
1438.4444 15079.7778 0.0954
1489.8889 15079.7778 0.0988
1583.7778 15079.7778 0.105
1708.7778 15079.7778 0.1133
1877.8889 15079.7778 0.1245
2069.5556 15079.7778 0.1372
2269.1111 15079.7778 0.1505
2261.4444 15079.7778 0.15
2280.8889 15079.7778 0.1513
2337.6667 15079.7778 0.155
2348.7778 15079.7778 0.1558
2311.4444 15079.7778 0.1533
2241.8889 15079.7778 0.1487
2179.3333 15079.7778 0.1445
2273.7778 15079.7778 0.1508
2408.4444 15079.7778 0.1597
2499.6667 15079.7778 0.1658
2588.6667 15079.7778 0.1717
2693.1111 15079.7778 0.1786
2471.2222 15079.7778 0.1639
2311.2222 15079.7778 0.1533
1904 15079.7778 0.1263
1709.3333 15079.7778 0.1134
1416.8889 15079.7778 0.094
1339.8889 15079.7778 0.0889
1416.5556 15079.7778 0.0939
1559.1111 15079.7778 0.1034
1726 15079.7778 0.1145
1900.3333 15079.7778 0.126
2069.4444 15079.7778 0.1372
2160.8889 15079.7778 0.1433
2192.5556 15079.7778 0.1454
2149.8889 15079.7778 0.1426
2157.3333 15079.7778 0.1431
2117.4444 15079.7778 0.1404
2117.7778 15079.7778 0.1404
2234.3333 15079.7778 0.1482
2152.6667 15079.7778 0.1428
2237.8889 15079.7778 0.1484
2477.7778 15079.7778 0.1643
2556.8889 15079.7778 0.1696
2767.8889 15079.7778 0.1835
2811.2222 15079.7778 0.1864
2679.1111 15079.7778 0.1777
2369.3333 15079.7778 0.1571
1878.6667 15079.7778 0.1246
1626.5556 15079.7778 0.1079
1571 15079.7778 0.1042
1530.4444 15079.7778 0.1015
1639.7778 15079.7778 0.1087
1888.7778 15079.7778 0.1253
2226.3333 15079.7778 0.1476
2598.6667 15079.7778 0.1723
2906.3333 15079.7778 0.1927
2996 15079.7778 0.1987
2938.4444 15079.7778 0.1949
2868.3333 15079.7778 0.1902
2770.3333 15079.7778 0.1837
2665.1111 15079.7778 0.1767
2563.6667 15079.7778 0.17
2487.7778 15079.7778 0.165
2414.8889 15079.7778 0.1601
2379.8889 15079.7778 0.1578
2588.1111 15079.7778 0.1716
2716.3333 15079.7778 0.1801
2912.3333 15079.7778 0.1931
2959 15079.7778 0.1962
2529.3333 15079.7778 0.1677
2291.1111 15079.7778 0.1519
1977.3333 15079.7778 0.1311
1739.3333 15079.7778 0.1153
1573.2222 15079.7778 0.1043
1528.6667 15079.7778 0.1014
1602.7778 15079.7778 0.1063
1761 15079.7778 0.1168
2075.1111 15079.7778 0.1376
2453.7778 15079.7778 0.1627
2763.1111 15079.7778 0.1832
2837.1111 15079.7778 0.1881
2847.1111 15079.7778 0.1888
2891.7778 15079.7778 0.1918
2708 15079.7778 0.1796
2517.3333 15079.7778 0.1669
2541.7778 15079.7778 0.1686
2469.5556 15079.7778 0.1638
2410.5556 15079.7778 0.1599
2437.5556 15079.7778 0.1616
2546.4444 15079.7778 0.1689
2652.5556 15079.7778 0.1759
2864.7778 15079.7778 0.19
2945.5556 15079.7778 0.1953
2730.5556 15079.7778 0.1811
2387.2222 15079.7778 0.1583
1935.1111 15079.7778 0.1283
1739.7778 15079.7778 0.1154
1512.3333 15079.7778 0.1003
1411.8889 15079.7778 0.0936
1468.8889 15079.7778 0.0974
1631.1111 15079.7778 0.1082
1808.1111 15079.7778 0.1199
2116.4444 15079.7778 0.1403
2251 15079.7778 0.1493
2274.5556 15079.7778 0.1508
2323.1111 15079.7778 0.1541
2472.1111 15079.7778 0.1639
2418.4444 15079.7778 0.1604
2146.3333 15079.7778 0.1423
2126.8889 15079.7778 0.141
1980.5556 15079.7778 0.1313
1978.4444 15079.7778 0.1312
2043.2222 15079.7778 0.1355
2191.7778 15079.7778 0.1453
2260.3333 15079.7778 0.1499
2447.1111 15079.7778 0.1623
2579.1111 15079.7778 0.171
2488.3333 15079.7778 0.165
2183.3333 15079.7778 0.1448
1991.8889 15079.7778 0.1321
1839 15079.7778 0.122
1577.4444 15079.7778 0.1046
1491.5556 15079.7778 0.0989
1516 15079.7778 0.1005
1627.3333 15079.7778 0.1079
1807.7778 15079.7778 0.1199
2007.4444 15079.7778 0.1331
2140.7778 15079.7778 0.142
2179.7778 15079.7778 0.1445
2303.7778 15079.7778 0.1528
2349.4444 15079.7778 0.1558
2352 15079.7778 0.156
2348.4444 15079.7778 0.1557
2306 15079.7778 0.1529
2190.2222 15079.7778 0.1452
2155.8889 15079.7778 0.143
2294.7778 15079.7778 0.1522
2440.7778 15079.7778 0.1619
2521 15079.7778 0.1672
2704.6667 15079.7778 0.1794
2834.8889 15079.7778 0.188
2656.2222 15079.7778 0.1761
2375.8889 15079.7778 0.1576
2071.7778 15079.7778 0.1374
1864 15079.7778 0.1236
1671.7778 15079.7778 0.1109
1628.5556 15079.7778 0.108
1693.2222 15079.7778 0.1123
1830.3333 15079.7778 0.1214
2021.3333 15079.7778 0.134
2212.8889 15079.7778 0.1467
2387.4444 15079.7778 0.1583
2438.6667 15079.7778 0.1617
2389.2222 15079.7778 0.1584
2433 15079.7778 0.1613
2482 15079.7778 0.1646
2449.1111 15079.7778 0.1624
2396.3333 15079.7778 0.1589
2383.6667 15079.7778 0.1581
2288.1111 15079.7778 0.1517
2354.2222 15079.7778 0.1561
2425.8889 15079.7778 0.1609
2567.7778 15079.7778 0.1703
2677.3333 15079.7778 0.1775
2794.2222 15079.7778 0.1853
2611.5556 15079.7778 0.1732
2376 15079.7778 0.1576
1988.2222 15079.7778 0.1318
1720.1111 15079.7778 0.1141
1558.2222 15079.7778 0.1033
1522.8889 15079.7778 0.101
1585.6667 15079.7778 0.1052
1703.1111 15079.7778 0.1129
1829 15079.7778 0.1213
2111.1111 15079.7778 0.14
2403.5556 15079.7778 0.1594
2653.1111 15079.7778 0.1759
2595.5556 15079.7778 0.1721
2550.6667 15079.7778 0.1691
2544.8889 15079.7778 0.1688
2485 15079.7778 0.1648
2547.3333 15079.7778 0.1689
2446 15079.7778 0.1622
2286.2222 15079.7778 0.1516
2315.2222 15079.7778 0.1535
2329.2222 15079.7778 0.1545
2395.3333 15079.7778 0.1588
2461.2222 15079.7778 0.1632
2560 15079.7778 0.1698
2211.7778 15079.7778 0.1467
2093.8889 15079.7778 0.1389
1782.2222 15079.7778 0.1182
1506.5556 15079.7778 0.0999
1463.2222 15079.7778 0.097
1400.6667 15079.7778 0.0929
1440.7778 15079.7778 0.0955
1541.1111 15079.7778 0.1022
1761.8889 15079.7778 0.1168
2167.3333 15079.7778 0.1437
2550.2222 15079.7778 0.1691
2483.2222 15079.7778 0.1647
2375.3333 15079.7778 0.1575
2348.2222 15079.7778 0.1557
2359.8889 15079.7778 0.1565
2145.6667 15079.7778 0.1423
2090.8889 15079.7778 0.1387
2099.4444 15079.7778 0.1392
2091 15079.7778 0.1387
2299.3333 15079.7778 0.1525
2380.5556 15079.7778 0.1579
2407.5556 15079.7778 0.1597
2382.5556 15079.7778 0.158
2376 15079.7778 0.1576
2291.3333 15079.7778 0.1519
2132.7778 15079.7778 0.1414
1785.4444 15079.7778 0.1184
1474.6667 15079.7778 0.0978
1383 15079.7778 0.0917
1412.6667 15079.7778 0.0937
1439.3333 15079.7778 0.0954
1578.6667 15079.7778 0.1047
1819.2222 15079.7778 0.1206
2086.5556 15079.7778 0.1384
2338.2222 15079.7778 0.1551
2378.3333 15079.7778 0.1577
2261.6667 15079.7778 0.15
2311.3333 15079.7778 0.1533
2158.3333 15079.7778 0.1431
2133.2222 15079.7778 0.1415
2170.5556 15079.7778 0.1439
2197.2222 15079.7778 0.1457
2157 15079.7778 0.143
2262.2222 15079.7778 0.15
2257.1111 15079.7778 0.1497
2242.6667 15079.7778 0.1487
2338.6667 15079.7778 0.1551
2452.3333 15079.7778 0.1626
2331.1111 15079.7778 0.1546
2034.4444 15079.7778 0.1349
1654.4444 15079.7778 0.1097
1511.6667 15079.7778 0.1002
1475.7778 15079.7778 0.0979
1515.4444 15079.7778 0.1005
1615.2222 15079.7778 0.1071
1811.8889 15079.7778 0.1202
2154.5556 15079.7778 0.1429
2465.5556 15079.7778 0.1635
2750.5556 15079.7778 0.1824
2938.2222 15079.7778 0.1948
2789.2222 15079.7778 0.185
2825.6667 15079.7778 0.1874
2657.6667 15079.7778 0.1762
2539.4444 15079.7778 0.1684
2555.1111 15079.7778 0.1694
2405.4444 15079.7778 0.1595
2327.1111 15079.7778 0.1543
2488.6667 15079.7778 0.165
2736.6667 15079.7778 0.1815
2695.8889 15079.7778 0.1788
2591.6667 15079.7778 0.1719
2631.5556 15079.7778 0.1745
2493.4444 15079.7778 0.1654
2197.6667 15079.7778 0.1457
1831.5556 15079.7778 0.1215
1634 15079.7778 0.1084
1551.6667 15079.7778 0.1029
1559.7778 15079.7778 0.1034
1645.3333 15079.7778 0.1091
1777.5556 15079.7778 0.1179
1983.3333 15079.7778 0.1315
2238.5556 15079.7778 0.1484
2688.8889 15079.7778 0.1783
2690 15079.7778 0.1784
2680.4444 15079.7778 0.1778
2602.4444 15079.7778 0.1726
2583.4444 15079.7778 0.1713
2599 15079.7778 0.1724
2608.1111 15079.7778 0.173
2558.5556 15079.7778 0.1697
2524.4444 15079.7778 0.1674
2623 15079.7778 0.1739
2843.8889 15079.7778 0.1886
2996.2222 15079.7778 0.1987
3043 15079.7778 0.2018
3253.6667 15079.7778 0.2158
3109 15079.7778 0.2062
2638.6667 15079.7778 0.175
2049 15079.7778 0.1359
1820.4444 15079.7778 0.1207
1770.5556 15079.7778 0.1174
1796.1111 15079.7778 0.1191
1969.7778 15079.7778 0.1306
2273.5556 15079.7778 0.1508
2583.1111 15079.7778 0.1713
3022.5556 15079.7778 0.2004
3569 15079.7778 0.2367
3624.1111 15079.7778 0.2403
3470.2222 15079.7778 0.2301
3363.6667 15079.7778 0.2231
3269.7778 15079.7778 0.2168
3168.2222 15079.7778 0.2101
3050.7778 15079.7778 0.2023
2920.1111 15079.7778 0.1936
2767 15079.7778 0.1835
2868.3333 15079.7778 0.1902
2975.5556 15079.7778 0.1973
2979.7778 15079.7778 0.1976
2965.5556 15079.7778 0.1967
3142.7778 15079.7778 0.2084
2825.2222 15079.7778 0.1874
2359.1111 15079.7778 0.1564
2222.3333 15079.7778 0.1474
1839.8889 15079.7778 0.122
1658.5556 15079.7778 0.11
1669.6667 15079.7778 0.1107
1781.3333 15079.7778 0.1181
2052.1111 15079.7778 0.1361
2311.7778 15079.7778 0.1533
2832.2222 15079.7778 0.1878
3255 15079.7778 0.2159
3035.6667 15079.7778 0.2013
2887.5556 15079.7778 0.1915
2909.5556 15079.7778 0.1929
2848.4444 15079.7778 0.1889
2724.1111 15079.7778 0.1806
2653.6667 15079.7778 0.176
2422.2222 15079.7778 0.1606
2323.3333 15079.7778 0.1541
2407.6667 15079.7778 0.1597
2598.2222 15079.7778 0.1723
2709.2222 15079.7778 0.1797
2785.5556 15079.7778 0.1847
3067.7778 15079.7778 0.2034
2866.3333 15079.7778 0.1901
2801.2222 15079.7778 0.1858
2510.3333 15079.7778 0.1665
2224.4444 15079.7778 0.1475
2059.1111 15079.7778 0.1365
1904 15079.7778 0.1263
1960.1111 15079.7778 0.13
2100.5556 15079.7778 0.1393
2302.2222 15079.7778 0.1527
2792.5556 15079.7778 0.1852
3177.8889 15079.7778 0.2107
3203.4444 15079.7778 0.2124
3029.2222 15079.7778 0.2009
3142.8889 15079.7778 0.2084
3138.6667 15079.7778 0.2081
3015.7778 15079.7778 0.2
3006.8889 15079.7778 0.1994
2946.8889 15079.7778 0.1954
2753.8889 15079.7778 0.1826
2833.6667 15079.7778 0.1879
2936.5556 15079.7778 0.1947
2994.5556 15079.7778 0.1986
3169.4444 15079.7778 0.2102
3362.8889 15079.7778 0.223
3308.3333 15079.7778 0.2194
3015.6667 15079.7778 0.2
2347.1111 15079.7778 0.1556
2055.7778 15079.7778 0.1363
1836.1111 15079.7778 0.1218
1725.8889 15079.7778 0.1145
1817.8889 15079.7778 0.1206
1888.5556 15079.7778 0.1252
2104.4444 15079.7778 0.1396
2608.7778 15079.7778 0.173
3027.4444 15079.7778 0.2008
3068 15079.7778 0.2035
2954.6667 15079.7778 0.1959
2970.7778 15079.7778 0.197
2908.1111 15079.7778 0.1928
2795.7778 15079.7778 0.1854
2710.6667 15079.7778 0.1798
2531.1111 15079.7778 0.1678
2366 15079.7778 0.1569
2437.3333 15079.7778 0.1616
2443.4444 15079.7778 0.162
2393 15079.7778 0.1587
2568.7778 15079.7778 0.1703
2667 15079.7778 0.1769
2575.4444 15079.7778 0.1708
2480.3333 15079.7778 0.1645
2144.7778 15079.7778 0.1422
1923.5556 15079.7778 0.1276
1651.8889 15079.7778 0.1095
1573.3333 15079.7778 0.1043
1671.5556 15079.7778 0.1108
1806.5556 15079.7778 0.1198
1971.5556 15079.7778 0.1307
2233.2222 15079.7778 0.1481
2455.6667 15079.7778 0.1628
2516.1111 15079.7778 0.1669
2590.1111 15079.7778 0.1718
2660.5556 15079.7778 0.1764
2734.1111 15079.7778 0.1813
2743.2222 15079.7778 0.1819
2718.1111 15079.7778 0.1802
2796.1111 15079.7778 0.1854
2772.7778 15079.7778 0.1839
2833.3333 15079.7778 0.1879
2936 15079.7778 0.1947
2889.3333 15079.7778 0.1916
3036.6667 15079.7778 0.2014
3173.2222 15079.7778 0.2104
3000.1111 15079.7778 0.1989
2680.1111 15079.7778 0.1777
2063.5556 15079.7778 0.1368
1737.6667 15079.7778 0.1152
1644.6667 15079.7778 0.1091
1635.8889 15079.7778 0.1085
1725.7778 15079.7778 0.1144
1918.7778 15079.7778 0.1272
2215 15079.7778 0.1469
2788.7778 15079.7778 0.1849
3121.5556 15079.7778 0.207
3113.4444 15079.7778 0.2065
2936 15079.7778 0.1947
2956.5556 15079.7778 0.1961
2932.1111 15079.7778 0.1944
2930.4444 15079.7778 0.1943
2965.3333 15079.7778 0.1966
2920 15079.7778 0.1936
2885.5556 15079.7778 0.1914
2989.8889 15079.7778 0.1983
3129.8889 15079.7778 0.2076
3241 15079.7778 0.2149
3269.4444 15079.7778 0.2168
3398.7778 15079.7778 0.2254
3135.5556 15079.7778 0.2079
2830 15079.7778 0.1877
2447.7778 15079.7778 0.1623
2028.4444 15079.7778 0.1345
1730 15079.7778 0.1147
1614.5556 15079.7778 0.1071
1709.5556 15079.7778 0.1134
2005.1111 15079.7778 0.133
2279.3333 15079.7778 0.1512
2829.6667 15079.7778 0.1876
2978.2222 15079.7778 0.1975
2941.3333 15079.7778 0.1951
2830.6667 15079.7778 0.1877
2960.8889 15079.7778 0.1963
2764.3333 15079.7778 0.1833
2616.6667 15079.7778 0.1735
2616.7778 15079.7778 0.1735
2518.7778 15079.7778 0.167
2518.6667 15079.7778 0.167
2469.8889 15079.7778 0.1638
2663.6667 15079.7778 0.1766
2710.6667 15079.7778 0.1798
2777.3333 15079.7778 0.1842
2937.7778 15079.7778 0.1948
2773.3333 15079.7778 0.1839
2372.6667 15079.7778 0.1573
2053.4444 15079.7778 0.1362
1809.4444 15079.7778 0.12
1633.4444 15079.7778 0.1083
1491 15079.7778 0.0989
1571.5556 15079.7778 0.1042
1706.3333 15079.7778 0.1132
1966.1111 15079.7778 0.1304
2344.8889 15079.7778 0.1555
2561.2222 15079.7778 0.1698
2636.5556 15079.7778 0.1748
2655.1111 15079.7778 0.1761
2677.6667 15079.7778 0.1776
2783.2222 15079.7778 0.1846
2790.4444 15079.7778 0.185
2735.5556 15079.7778 0.1814
2667.2222 15079.7778 0.1769
2556.1111 15079.7778 0.1695
2546.3333 15079.7778 0.1689
2626.4444 15079.7778 0.1742
2619.6667 15079.7778 0.1737
2674.6667 15079.7778 0.1774
2823.2222 15079.7778 0.1872
2623.7778 15079.7778 0.174
2294.2222 15079.7778 0.1521
1928.1111 15079.7778 0.1279
1642.6667 15079.7778 0.1089
1524 15079.7778 0.1011
1528.7778 15079.7778 0.1014
1597.2222 15079.7778 0.1059
1853.2222 15079.7778 0.1229
2207.8889 15079.7778 0.1464
2640.7778 15079.7778 0.1751
2932.6667 15079.7778 0.1945
2986.4444 15079.7778 0.198
2879 15079.7778 0.1909
2893.2222 15079.7778 0.1919
2900.4444 15079.7778 0.1923
2857.2222 15079.7778 0.1895
2767.1111 15079.7778 0.1835
2603.6667 15079.7778 0.1727
2506.6667 15079.7778 0.1662
2611.6667 15079.7778 0.1732
2707.3333 15079.7778 0.1795
2611.6667 15079.7778 0.1732
2672 15079.7778 0.1772
2763.1111 15079.7778 0.1832
2569.8889 15079.7778 0.1704
2380.6667 15079.7778 0.1579
1940.5556 15079.7778 0.1287
1639.7778 15079.7778 0.1087