1204 15079.7778 0.0798
1247.7778 15079.7778 0.0827
1277.2222 15079.7778 0.0847
1490.4444 15079.7778 0.0988
1861.7778 15079.7778 0.1235
2491.5556 15079.7778 0.1652
3098.2222 15079.7778 0.2055
3054 15079.7778 0.2025
2999 15079.7778 0.1989
3090.2222 15079.7778 0.2049
3115.4444 15079.7778 0.2066
2958.5556 15079.7778 0.1962
3059 15079.7778 0.2029
2954.1111 15079.7778 0.1959
3034.2222 15079.7778 0.2012
3059.2222 15079.7778 0.2029
3175.4444 15079.7778 0.2106
3261.5556 15079.7778 0.2163
3311.4444 15079.7778 0.2196
3148.7778 15079.7778 0.2088
2775.2222 15079.7778 0.184
2256 15079.7778 0.1496
1883.5556 15079.7778 0.1249
1533.5556 15079.7778 0.1017
1370.3333 15079.7778 0.0909
1354.6667 15079.7778 0.0898
1377 15079.7778 0.0913
1525.2222 15079.7778 0.1011
1818.3333 15079.7778 0.1206
2416.1111 15079.7778 0.1602
2729.3333 15079.7778 0.181
2804.3333 15079.7778 0.186
2834.2222 15079.7778 0.1879
2815.5556 15079.7778 0.1867
2994.6667 15079.7778 0.1986
3121.3333 15079.7778 0.207
3149.6667 15079.7778 0.2089
3152.8889 15079.7778 0.2091
3098.5556 15079.7778 0.2055
3147.4444 15079.7778 0.2087
3199.7778 15079.7778 0.2122
3424.2222 15079.7778 0.2271
3493.6667 15079.7778 0.2317
3354.7778 15079.7778 0.2225
3083.7778 15079.7778 0.2045
2353.4444 15079.7778 0.1561
1832.7778 15079.7778 0.1215
1539 15079.7778 0.1021
1386.6667 15079.7778 0.092
1346.7778 15079.7778 0.0893
1401.7778 15079.7778 0.093
1626.8889 15079.7778 0.1079
1923.4444 15079.7778 0.1276
2454.4444 15079.7778 0.1628
2810.4444 15079.7778 0.1864
2919.2222 15079.7778 0.1936
2826.4444 15079.7778 0.1874
2776.7778 15079.7778 0.1841
2902.1111 15079.7778 0.1925
3031 15079.7778 0.201
3147.3333 15079.7778 0.2087
3220.6667 15079.7778 0.2136
3348.7778 15079.7778 0.2221
3561.7778 15079.7778 0.2362
3725.2222 15079.7778 0.247
4048.6667 15079.7778 0.2685
4076.6667 15079.7778 0.2703
3649.8889 15079.7778 0.242
3515.5556 15079.7778 0.2331
2941.2222 15079.7778 0.195
2148.4444 15079.7778 0.1425
1738.8889 15079.7778 0.1153
1590.7778 15079.7778 0.1055
1504.6667 15079.7778 0.0998
1411.3333 15079.7778 0.0936
1565.4444 15079.7778 0.1038
1871.6667 15079.7778 0.1241
2507.1111 15079.7778 0.1663
2891 15079.7778 0.1917
3017.6667 15079.7778 0.2001
2855.4444 15079.7778 0.1894
2912.4444 15079.7778 0.1931
2845.6667 15079.7778 0.1887
2846.7778 15079.7778 0.1888
2825 15079.7778 0.1873
2860.3333 15079.7778 0.1897
2862.7778 15079.7778 0.1898
2913.6667 15079.7778 0.1932
3019 15079.7778 0.2002
3242.4444 15079.7778 0.215
3449 15079.7778 0.2287
3330.3333 15079.7778 0.2208
3100.1111 15079.7778 0.2056
2577.8889 15079.7778 0.171
2024.8889 15079.7778 0.1343
1680 15079.7778 0.1114
1456.8889 15079.7778 0.0966
1399 15079.7778 0.0928
1420.4444 15079.7778 0.0942
1612 15079.7778 0.1069
1919.1111 15079.7778 0.1273
2259.8889 15079.7778 0.1499
2444.8889 15079.7778 0.1621
2567.2222 15079.7778 0.1702
2716.6667 15079.7778 0.1802
2765.4444 15079.7778 0.1834
2811.3333 15079.7778 0.1864
2899.7778 15079.7778 0.1923
2755.8889 15079.7778 0.1828
2731 15079.7778 0.1811
2756.2222 15079.7778 0.1828
2888.8889 15079.7778 0.1916
3090.1111 15079.7778 0.2049
3286.1111 15079.7778 0.2179
3263.8889 15079.7778 0.2164
3075.3333 15079.7778 0.2039
2770.5556 15079.7778 0.1837
2494.4444 15079.7778 0.1654
2148.8889 15079.7778 0.1425
1781.7778 15079.7778 0.1182
1494.7778 15079.7778 0.0991
1448.7778 15079.7778 0.0961
1534.3333 15079.7778 0.1017
1582.8889 15079.7778 0.105
1658.5556 15079.7778 0.11
1811.7778 15079.7778 0.1201
1906.2222 15079.7778 0.1264
2069 15079.7778 0.1372
2193.3333 15079.7778 0.1454
2273.4444 15079.7778 0.1508
2332.2222 15079.7778 0.1547
2381.1111 15079.7778 0.1579
2414.7778 15079.7778 0.1601
2628.2222 15079.7778 0.1743
2786.3333 15079.7778 0.1848
2960 15079.7778 0.1963
3010.4444 15079.7778 0.1996
3327.8889 15079.7778 0.2207
3408.5556 15079.7778 0.226
3285.4444 15079.7778 0.2179
3155 15079.7778 0.2092
2827.7778 15079.7778 0.1875
2367.7778 15079.7778 0.157
1921.1111 15079.7778 0.1274
1432.8889 15079.7778 0.095
1359.2222 15079.7778 0.0901
1409.8889 15079.7778 0.0935
1514.6667 15079.7778 0.1004
1717.5556 15079.7778 0.1139
2010.6667 15079.7778 0.1333
2486.6667 15079.7778 0.1649
2694.5556 15079.7778 0.1787
2750.1111 15079.7778 0.1824
2804.1111 15079.7778 0.186
2984.7778 15079.7778 0.1979
3113.4444 15079.7778 0.2065
3171.1111 15079.7778 0.2103
3251.4444 15079.7778 0.2156
3214.6667 15079.7778 0.2132
3196.7778 15079.7778 0.212
3349 15079.7778 0.2221
3737 15079.7778 0.2478
3696.2222 15079.7778 0.2451
3620.2222 15079.7778 0.2401
3521.3333 15079.7778 0.2335
3197.2222 15079.7778 0.212
2596.2222 15079.7778 0.1722
2048.7778 15079.7778 0.1359
1638.6667 15079.7778 0.1087
1431.4444 15079.7778 0.0949
1439.8889 15079.7778 0.0955
1579.2222 15079.7778 0.1047
1820.8889 15079.7778 0.1208
2108.4444 15079.7778 0.1398
2651.3333 15079.7778 0.1758
3154.1111 15079.7778 0.2092
3289.5556 15079.7778 0.2181
3316.8889 15079.7778 0.22
3486.7778 15079.7778 0.2312
3569.2222 15079.7778 0.2367
3632.8889 15079.7778 0.2409
3687.4444 15079.7778 0.2445
3672.2222 15079.7778 0.2435
3761.1111 15079.7778 0.2494
3918.2222 15079.7778 0.2598
4255 15079.7778 0.2822
4341.7778 15079.7778 0.2879
4171.4444 15079.7778 0.2766
4063.7778 15079.7778 0.2695
3682.7778 15079.7778 0.2442
2765.8889 15079.7778 0.1834
2085.8889 15079.7778 0.1383
1538.2222 15079.7778 0.102
1376.5556 15079.7778 0.0913
1373.7778 15079.7778 0.0911
1404.7778 15079.7778 0.0932
1578.4444 15079.7778 0.1047
1832.1111 15079.7778 0.1215
2233.2222 15079.7778 0.1481
2548 15079.7778 0.169
2698.5556 15079.7778 0.179
2595.5556 15079.7778 0.1721
2686.5556 15079.7778 0.1782
2903.2222 15079.7778 0.1925
2944 15079.7778 0.1952
3011.2222 15079.7778 0.1997
3019.1111 15079.7778 0.2002
3043.4444 15079.7778 0.2018
3251.7778 15079.7778 0.2156
3641.7778 15079.7778 0.2415
3715.4444 15079.7778 0.2464
3480.2222 15079.7778 0.2308
3412.6667 15079.7778 0.2263
2974.2222 15079.7778 0.1972
2382.4444 15079.7778 0.158
1827.2222 15079.7778 0.1212
1459.1111 15079.7778 0.0968
1391.4444 15079.7778 0.0923
1461 15079.7778 0.0969
1537.8889 15079.7778 0.102
1773 15079.7778 0.1176
1947.2222 15079.7778 0.1291
2109.3333 15079.7778 0.1399
2243.3333 15079.7778 0.1488
2418.6667 15079.7778 0.1604
2432.5556 15079.7778 0.1613
2484.6667 15079.7778 0.1648
2670.4444 15079.7778 0.1771
2959.1111 15079.7778 0.1962
3192.6667 15079.7778 0.2117
3263.6667 15079.7778 0.2164
3376.2222 15079.7778 0.2239
3622.8889 15079.7778 0.2402
4241.7778 15079.7778 0.2813
4284.8889 15079.7778 0.2841
4111 15079.7778 0.2726
4001.4444 15079.7778 0.2654
3513.8889 15079.7778 0.233
2780.3333 15079.7778 0.1844
2282.2222 15079.7778 0.1513
1796.6667 15079.7778 0.1191
1676.7778 15079.7778 0.1112
1590.2222 15079.7778 0.1055
1605 15079.7778 0.1064
1676.3333 15079.7778 0.1112
1950.8889 15079.7778 0.1294
2351.3333 15079.7778 0.1559
2600.6667 15079.7778 0.1725
2623.5556 15079.7778 0.174
2745 15079.7778 0.182
2777.1111 15079.7778 0.1842
2744.4444 15079.7778 0.182
2719.6667 15079.7778 0.1804
2829.1111 15079.7778 0.1876
2891.3333 15079.7778 0.1917
2945.5556 15079.7778 0.1953
3175.1111 15079.7778 0.2106
3627.4444 15079.7778 0.2406
3564 15079.7778 0.2363
3376.8889 15079.7778 0.2239
2963.2222 15079.7778 0.1965
2660.3333 15079.7778 0.1764
2137.8889 15079.7778 0.1418
1714.3333 15079.7778 0.1137
1474.8889 15079.7778 0.0978
1381.4444 15079.7778 0.0916
1403.5556 15079.7778 0.0931
1458.8889 15079.7778 0.0967
1632.7778 15079.7778 0.1083
1833.5556 15079.7778 0.1216
2016 15079.7778 0.1337
2277.4444 15079.7778 0.151
2399.7778 15079.7778 0.1591
2358.8889 15079.7778 0.1564
2464.7778 15079.7778 0.1634
2500.4444 15079.7778 0.1658
2544.6667 15079.7778 0.1687
2618.7778 15079.7778 0.1737
2577.4444 15079.7778 0.1709
2614.3333 15079.7778 0.1734
2720.4444 15079.7778 0.1804
3066.4444 15079.7778 0.2033
3123.3333 15079.7778 0.2071
3095.3333 15079.7778 0.2053
2902.5556 15079.7778 0.1925
2437 15079.7778 0.1616
2163.8889 15079.7778 0.1435
1881.7778 15079.7778 0.1248
1579.4444 15079.7778 0.1047
1415 15079.7778 0.0938
1424 15079.7778 0.0944
1437.1111 15079.7778 0.0953
1552 15079.7778 0.1029
1713.4444 15079.7778 0.1136
1875.6667 15079.7778 0.1244
2017.4444 15079.7778 0.1338
2100.1111 15079.7778 0.1393
2204.3333 15079.7778 0.1462
2414.3333 15079.7778 0.1601
2536.5556 15079.7778 0.1682
2556.2222 15079.7778 0.1695
2579.5556 15079.7778 0.1711
2705.4444 15079.7778 0.1794
2745.2222 15079.7778 0.182
2816 15079.7778 0.1867
3107.5556 15079.7778 0.2061
3016.2222 15079.7778 0.2
2866.7778 15079.7778 0.1901
2687.3333 15079.7778 0.1782
2233.3333 15079.7778 0.1481
1785.3333 15079.7778 0.1184
1431.3333 15079.7778 0.0949
1279.5556 15079.7778 0.0849
1258.5556 15079.7778 0.0835
1342.2222 15079.7778 0.089
1435.2222 15079.7778 0.0952
1612.8889 15079.7778 0.107
1838.8889 15079.7778 0.1219
2078.6667 15079.7778 0.1378
2220.1111 15079.7778 0.1472
2257.7778 15079.7778 0.1497
2448.7778 15079.7778 0.1624
2500.1111 15079.7778 0.1658
2564.4444 15079.7778 0.1701
2773.2222 15079.7778 0.1839
3006.5556 15079.7778 0.1994
3160 15079.7778 0.2096
3352.5556 15079.7778 0.2223
3563.1111 15079.7778 0.2363
4053 15079.7778 0.2688
3941.1111 15079.7778 0.2614
3799.8889 15079.7778 0.252
3470.2222 15079.7778 0.2301
2972.1111 15079.7778 0.1971
2374.1111 15079.7778 0.1574
1731.6667 15079.7778 0.1148
1543.8889 15079.7778 0.1024
1359 15079.7778 0.0901
1365.1111 15079.7778 0.0905
1471.2222 15079.7778 0.0976
1664.3333 15079.7778 0.1104
1987.7778 15079.7778 0.1318
2305.6667 15079.7778 0.1529
2553.4444 15079.7778 0.1693
2616.6667 15079.7778 0.1735
2589.6667 15079.7778 0.1717
2627.4444 15079.7778 0.1742
2736.4444 15079.7778 0.1815
2684.4444 15079.7778 0.178
2798.8889 15079.7778 0.1856
2789 15079.7778 0.1849
2842.6667 15079.7778 0.1885
3202.4444 15079.7778 0.2124
3569.8889 15079.7778 0.2367
3570.2222 15079.7778 0.2368
3394 15079.7778 0.2251
3296.7778 15079.7778 0.2186
2931.5556 15079.7778 0.1944
2267.3333 15079.7778 0.1504
1747 15079.7778 0.1159
1413.3333 15079.7778 0.0937
1331.5556 15079.7778 0.0883
1345.4444 15079.7778 0.0892
1441.7778 15079.7778 0.0956
1637.4444 15079.7778 0.1086
1950.2222 15079.7778 0.1293
2205.4444 15079.7778 0.1463
2370.8889 15079.7778 0.1572
2366.2222 15079.7778 0.1569
2323.7778 15079.7778 0.1541
2437.7778 15079.7778 0.1617
2440 15079.7778 0.1618
2530.2222 15079.7778 0.1678
2789.6667 15079.7778 0.185
3049.8889 15079.7778 0.2023
3237 15079.7778 0.2147
3437.7778 15079.7778 0.228
3799.4444 15079.7778 0.252
3764.4444 15079.7778 0.2496
3622.5556 15079.7778 0.2402
3443.5556 15079.7778 0.2284
2962 15079.7778 0.1964
2318.5556 15079.7778 0.1538
1803.2222 15079.7778 0.1196
1549.8889 15079.7778 0.1028
1393.3333 15079.7778 0.0924
1409.6667 15079.7778 0.0935
1513.3333 15079.7778 0.1004
1678.4444 15079.7778 0.1113
1883.4444 15079.7778 0.1249
2231.1111 15079.7778 0.148
2475.4444 15079.7778 0.1642
2695.1111 15079.7778 0.1787
2666 15079.7778 0.1768
2751.4444 15079.7778 0.1825
2772.4444 15079.7778 0.1839
2747 15079.7778 0.1822
2847.5556 15079.7778 0.1888
2826.1111 15079.7778 0.1874
2969.1111 15079.7778 0.1969
3200.1111 15079.7778 0.2122
3452.5556 15079.7778 0.229
3532.8889 15079.7778 0.2343
3370.6667 15079.7778 0.2235
3015.5556 15079.7778 0.2
2736.7778 15079.7778 0.1815
2373.4444 15079.7778 0.1574
1781.6667 15079.7778 0.1181
1525.2222 15079.7778 0.1011
1452.4444 15079.7778 0.0963
1433.2222 15079.7778 0.095
1471.5556 15079.7778 0.0976
1556.8889 15079.7778 0.1032
1814.8889 15079.7778 0.1204
2136.1111 15079.7778 0.1417
2449.3333 15079.7778 0.1624
2565.3333 15079.7778 0.1701
2588.8889 15079.7778 0.1717
2709.4444 15079.7778 0.1797
2651.5556 15079.7778 0.1758
2568.7778 15079.7778 0.1703
2529.6667 15079.7778 0.1678
2577.5556 15079.7778 0.1709
2675.2222 15079.7778 0.1774
2813.5556 15079.7778 0.1866
3119.1111 15079.7778 0.2068
3136.6667 15079.7778 0.208
2946.5556 15079.7778 0.1954
2578 15079.7778 0.171
2280 15079.7778 0.1512
1966.8889 15079.7778 0.1304
1738.3333 15079.7778 0.1153
1531.8889 15079.7778 0.1016
1397.2222 15079.7778 0.0927
1374.4444 15079.7778 0.0911
1394.8889 15079.7778 0.0925
1510.3333 15079.7778 0.1002
1717.1111 15079.7778 0.1139
1972.8889 15079.7778 0.1308
2146.1111 15079.7778 0.1423
2241.1111 15079.7778 0.1486
2333 15079.7778 0.1547
2341.6667 15079.7778 0.1553
2341.7778 15079.7778 0.1553
2486.2222 15079.7778 0.1649
2554.5556 15079.7778 0.1694
2582 15079.7778 0.1712
2785.8889 15079.7778 0.1847
3002.6667 15079.7778 0.1991
3340 15079.7778 0.2215
3297.7778 15079.7778 0.2187
3180.6667 15079.7778 0.2109
2908.4444 15079.7778 0.1929
2450.6667 15079.7778 0.1625
1942.4444 15079.7778 0.1288
1576.5556 15079.7778 0.1045
1360.6667 15079.7778 0.0902
1313.1111 15079.7778 0.0871
1318.1111 15079.7778 0.0874
1348.6667 15079.7778 0.0894
1453.4444 15079.7778 0.0964
1579.7778 15079.7778 0.1048
1749.8889 15079.7778 0.116
1960 15079.7778 0.13
2125.4444 15079.7778 0.1409
2185.1111 15079.7778 0.1449
2362.3333 15079.7778 0.1567
2474.5556 15079.7778 0.1641
2535 15079.7778 0.1681
2616.6667 15079.7778 0.1735
2707.7778 15079.7778 0.1796
2854.3333 15079.7778 0.1893
3135.1111 15079.7778 0.2079
3719.4444 15079.7778 0.2467
3800.4444 15079.7778 0.252
3623 15079.7778 0.2403
3412.2222 15079.7778 0.2263
2708.2222 15079.7778 0.1796
2122.8889 15079.7778 0.1408
1685.2222 15079.7778 0.1118
1430.6667 15079.7778 0.0949
1392.1111 15079.7778 0.0923
1388.5556 15079.7778 0.0921
1512.6667 15079.7778 0.1003
1665.4444 15079.7778 0.1104
1780 15079.7778 0.118
1987.4444 15079.7778 0.1318
2275.4444 15079.7778 0.1509
2409.2222 15079.7778 0.1598
2631.7778 15079.7778 0.1745
2877.2222 15079.7778 0.1908
2923.3333 15079.7778 0.1939
2815.2222 15079.7778 0.1867
2899.1111 15079.7778 0.1923
3018.3333 15079.7778 0.2002
3129.7778 15079.7778 0.2075
3335.1111 15079.7778 0.2212
3760.8889 15079.7778 0.2494
3844.1111 15079.7778 0.2549
3754.3333 15079.7778 0.249
3615.1111 15079.7778 0.2397
3162.4444 15079.7778 0.2097
2471.4444 15079.7778 0.1639
2147.2222 15079.7778 0.1424
1723.5556 15079.7778 0.1143
1614.6667 15079.7778 0.1071
1660.2222 15079.7778 0.1101
1731.7778 15079.7778 0.1148
1969.4444 15079.7778 0.1306
2217.5556 15079.7778 0.1471
2573.4444 15079.7778 0.1707
3041.8889 15079.7778 0.2017
3175.6667 15079.7778 0.2106
3122.7778 15079.7778 0.2071
3019.3333 15079.7778 0.2002
3089.3333 15079.7778 0.2049
3057.6667 15079.7778 0.2028
3256.5556 15079.7778 0.216
3274.6667 15079.7778 0.2172
3375.2222 15079.7778 0.2238
3653.2222 15079.7778 0.2423
4119.1111 15079.7778 0.2732
4039.7778 15079.7778 0.2679
3755.8889 15079.7778 0.2491
3679.6667 15079.7778 0.244
3004.5556 15079.7778 0.1992
2314.7778 15079.7778 0.1535
1852 15079.7778 0.1228
1576.4444 15079.7778 0.1045
1522.6667 15079.7778 0.101
1518.6667 15079.7778 0.1007
1593.8889 15079.7778 0.1057
1699.3333 15079.7778 0.1127
1954.4444 15079.7778 0.1296
2231.1111 15079.7778 0.148
2593.5556 15079.7778 0.172
2639.4444 15079.7778 0.175
2350.8889 15079.7778 0.1559
2612.2222 15079.7778 0.1732
2586.1111 15079.7778 0.1715
2683.4444 15079.7778 0.1779
2802.4444 15079.7778 0.1858
2756.6667 15079.7778 0.1828
3004.5556 15079.7778 0.1992
3313.1111 15079.7778 0.2197
3759.7778 15079.7778 0.2493
3790.2222 15079.7778 0.2513
3678 15079.7778 0.2439
3301.5556 15079.7778 0.2189
2944.8889 15079.7778 0.1953
2604.1111 15079.7778 0.1727
2178.1111 15079.7778 0.1444
1670.6667 15079.7778 0.1108
1464.6667 15079.7778 0.0971
1543.6667 15079.7778 0.1024
1614.8889 15079.7778 0.1071
1781 15079.7778 0.1181
2073.6667 15079.7778 0.1375
2345.6667 15079.7778 0.1556
2697.2222 15079.7778 0.1789
2805.2222 15079.7778 0.186
2751.7778 15079.7778 0.1825
2761.6667 15079.7778 0.1831
2830.5556 15079.7778 0.1877
2839.3333 15079.7778 0.1883
2857.1111 15079.7778 0.1895
2882.2222 15079.7778 0.1911
2995.4444 15079.7778 0.1986
3172.2222 15079.7778 0.2104
3399.8889 15079.7778 0.2255
3354 15079.7778 0.2224
3206.3333 15079.7778 0.2126
3104 15079.7778 0.2058
2546.6667 15079.7778 0.1689
1973.3333 15079.7778 0.1309
1657.2222 15079.7778 0.1099
1478 15079.7778 0.098
1413.3333 15079.7778 0.0937
1400.7778 15079.7778 0.0929
1450.7778 15079.7778 0.0962
1512.2222 15079.7778 0.1003
1545.2222 15079.7778 0.1025
1632.3333 15079.7778 0.1082
1818.4444 15079.7778 0.1206
1913.2222 15079.7778 0.1269
1999.7778 15079.7778 0.1326
2072 15079.7778 0.1374
2169.5556 15079.7778 0.1439
2277.6667 15079.7778 0.151
2367.7778 15079.7778 0.157
2355.2222 15079.7778 0.1562
2440.8889 15079.7778 0.1619
2552.1111 15079.7778 0.1692
2756 15079.7778 0.1828
2706.6667 15079.7778 0.1795
2677.6667 15079.7778 0.1776
2574.2222 15079.7778 0.1707
2329.3333 15079.7778 0.1545
1954 15079.7778 0.1296
1626.4444 15079.7778 0.1079
1441.4444 15079.7778 0.0956
1313.4444 15079.7778 0.0871
1354.4444 15079.7778 0.0898
1394.6667 15079.7778 0.0925
1445.3333 15079.7778 0.0958
1530 15079.7778 0.1015
1603.7778 15079.7778 0.1064
1768.6667 15079.7778 0.1173
1902.2222 15079.7778 0.1261
2015.3333 15079.7778 0.1336
2145.2222 15079.7778 0.1423
2229.7778 15079.7778 0.1479
2267.2222 15079.7778 0.1503
2409.3333 15079.7778 0.1598
2581.1111 15079.7778 0.1712
2658.8889 15079.7778 0.1763
2830.6667 15079.7778 0.1877
3033.7778 15079.7778 0.2012
2954.4444 15079.7778 0.1959
2835.5556 15079.7778 0.188
2668 15079.7778 0.1769
2442.3333 15079.7778 0.162
2039.7778 15079.7778 0.1353
1561.2222 15079.7778 0.1035
1343.4444 15079.7778 0.0891
1290.5556 15079.7778 0.0856
1304.1111 15079.7778 0.0865
1373.2222 15079.7778 0.0911
1508.1111 15079.7778 0.1
1744.8889 15079.7778 0.1157
1935.8889 15079.7778 0.1284
2243.4444 15079.7778 0.1488
2511.1111 15079.7778 0.1665
2467.4444 15079.7778 0.1636
2533.3333 15079.7778 0.168
2524.4444 15079.7778 0.1674
2580.3333 15079.7778 0.1711
2650.5556 15079.7778 0.1758
2735.8889 15079.7778 0.1814
2870.7778 15079.7778 0.1904
3226.3333 15079.7778 0.214
3617.4444 15079.7778 0.2399
3561.5556 15079.7778 0.2362
3302.3333 15079.7778 0.219
3132.1111 15079.7778 0.2077
2705.4444 15079.7778 0.1794
2057.1111 15079.7778 0.1364
1544.3333 15079.7778 0.1024
1329.4444 15079.7778 0.0882
1304.4444 15079.7778 0.0865
1329.4444 15079.7778 0.0882
1382.2222 15079.7778 0.0917
1492.6667 15079.7778 0.099
1658.5556 15079.7778 0.11
1938.2222 15079.7778 0.1285
2218.3333 15079.7778 0.1471
2332.8889 15079.7778 0.1547
2315 15079.7778 0.1535
2424.3333 15079.7778 0.1608
2578.1111 15079.7778 0.171
2744.2222 15079.7778 0.182
2956.1111 15079.7778 0.196
3203.6667 15079.7778 0.2124
3353.5556 15079.7778 0.2224
3807.8889 15079.7778 0.2525
4321.7778 15079.7778 0.2866
4327.5556 15079.7778 0.287
4115.8889 15079.7778 0.2729
3634.4444 15079.7778 0.241
3103.2222 15079.7778 0.2058
2529.1111 15079.7778 0.1677
1926.1111 15079.7778 0.1277
1454 15079.7778 0.0964
1339.2222 15079.7778 0.0888
1378.2222 15079.7778 0.0914
1422.8889 15079.7778 0.0944
1626.1111 15079.7778 0.1078
1828.8889 15079.7778 0.1213
2146.2222 15079.7778 0.1423
2604.2222 15079.7778 0.1727
2720.3333 15079.7778 0.1804
2708.1111 15079.7778 0.1796
2751.3333 15079.7778 0.1825
2828.1111 15079.7778 0.1875
2911.2222 15079.7778 0.1931
3053.6667 15079.7778 0.2025
3177.3333 15079.7778 0.2107
3351.3333 15079.7778 0.2222
3728.4444 15079.7778 0.2472
4180 15079.7778 0.2772
4100.1111 15079.7778 0.2719
3814.3333 15079.7778 0.2529
3675.8889 15079.7778 0.2438
3293.5556 15079.7778 0.2184
2484.4444 15079.7778 0.1648
1773 15079.7778 0.1176
1436.3333 15079.7778 0.0952
1345.4444 15079.7778 0.0892
1338.8889 15079.7778 0.0888
1399.7778 15079.7778 0.0928
1547.2222 15079.7778 0.1026
1783.3333 15079.7778 0.1183
2054.1111 15079.7778 0.1362
2218.8889 15079.7778 0.1471
2319.7778 15079.7778 0.1538
2468.8889 15079.7778 0.1637
2503.3333 15079.7778 0.166
2579.8889 15079.7778 0.1711
2661.3333 15079.7778 0.1765
2791.4444 15079.7778 0.1851
2899.5556 15079.7778 0.1923
3054.1111 15079.7778 0.2025
3340.1111 15079.7778 0.2215
3761.7778 15079.7778 0.2495
3684.8889 15079.7778 0.2444
3449.3333 15079.7778 0.2287
3249.2222 15079.7778 0.2155
2984.2222 15079.7778 0.1979
2350.8889 15079.7778 0.1559
1871.6667 15079.7778 0.1241