1195.5556 15079.7778 0.0793
1203.6667 15079.7778 0.0798
1225.7778 15079.7778 0.0813
1295.6667 15079.7778 0.0859
1367.6667 15079.7778 0.0907
1518.1111 15079.7778 0.1007
1729.3333 15079.7778 0.1147
1811.1111 15079.7778 0.1201
1801.5556 15079.7778 0.1195
1823.7778 15079.7778 0.1209
1919.6667 15079.7778 0.1273
1916.6667 15079.7778 0.1271
1974.2222 15079.7778 0.1309
2046.5556 15079.7778 0.1357
2118.8889 15079.7778 0.1405
2092 15079.7778 0.1387
2128.1111 15079.7778 0.1411
2138.6667 15079.7778 0.1418
2344.3333 15079.7778 0.1555
2390.6667 15079.7778 0.1585
2227.6667 15079.7778 0.1477
1868.6667 15079.7778 0.1239
1506.1111 15079.7778 0.0999
1333.2222 15079.7778 0.0884
1266.3333 15079.7778 0.084
1287.3333 15079.7778 0.0854
1316 15079.7778 0.0873
1349.8889 15079.7778 0.0895
1424.3333 15079.7778 0.0945
1547 15079.7778 0.1026
1747.8889 15079.7778 0.1159
1824.5556 15079.7778 0.121
1894.7778 15079.7778 0.1257
1982.4444 15079.7778 0.1315
2042.6667 15079.7778 0.1355
2098.8889 15079.7778 0.1392
2190 15079.7778 0.1452
2242.8889 15079.7778 0.1487
2285.8889 15079.7778 0.1516
2472.2222 15079.7778 0.1639
2551.7778 15079.7778 0.1692
2401.3333 15079.7778 0.1592
2723.5556 15079.7778 0.1806
2689.2222 15079.7778 0.1783
2568.2222 15079.7778 0.1703
2127.5556 15079.7778 0.1411
1732.3333 15079.7778 0.1149
1473.2222 15079.7778 0.0977
1347.6667 15079.7778 0.0894
1363.4444 15079.7778 0.0904
1391.8889 15079.7778 0.0923
1507 15079.7778 0.0999
1636.2222 15079.7778 0.1085
1836.5556 15079.7778 0.1218
2189.8889 15079.7778 0.1452
2384.4444 15079.7778 0.1581
2454.6667 15079.7778 0.1628
2535.2222 15079.7778 0.1681
2626.1111 15079.7778 0.1741
2586 15079.7778 0.1715
2644 15079.7778 0.1753
2668.6667 15079.7778 0.177
2690.3333 15079.7778 0.1784
2845.4444 15079.7778 0.1887
3017 15079.7778 0.2001
3013.8889 15079.7778 0.1999
3141.2222 15079.7778 0.2083
3084.3333 15079.7778 0.2045
2809.4444 15079.7778 0.1863
2236.4444 15079.7778 0.1483
1911 15079.7778 0.1267
1577.3333 15079.7778 0.1046
1422.7778 15079.7778 0.0944
1460.1111 15079.7778 0.0968
1532.8889 15079.7778 0.1017
1699.5556 15079.7778 0.1127
1985 15079.7778 0.1316
2300.4444 15079.7778 0.1526
2780.1111 15079.7778 0.1844
3064 15079.7778 0.2032
3206.7778 15079.7778 0.2127
3427.2222 15079.7778 0.2273
3437.5556 15079.7778 0.228
3451.5556 15079.7778 0.2289
3500.1111 15079.7778 0.2321
3603.7778 15079.7778 0.239
3618.4444 15079.7778 0.24
3696.8889 15079.7778 0.2452
3814.3333 15079.7778 0.2529
3784.3333 15079.7778 0.251
4050.3333 15079.7778 0.2686
4043 15079.7778 0.2681
3456.1111 15079.7778 0.2292
2576.5556 15079.7778 0.1709
1976.2222 15079.7778 0.1311
1688.3333 15079.7778 0.112
1545.4444 15079.7778 0.1025
1557.6667 15079.7778 0.1033
1551.7778 15079.7778 0.1029
1762.7778 15079.7778 0.1169
2029.1111 15079.7778 0.1346
2366 15079.7778 0.1569
2726.4444 15079.7778 0.1808
2888.6667 15079.7778 0.1916
3035.6667 15079.7778 0.2013
3221 15079.7778 0.2136
3397.3333 15079.7778 0.2253
3369.7778 15079.7778 0.2235
3502 15079.7778 0.2322
3356.8889 15079.7778 0.2226
3240 15079.7778 0.2149
3240.2222 15079.7778 0.2149
3217 15079.7778 0.2133
3280.2222 15079.7778 0.2175
3441.1111 15079.7778 0.2282
3317.6667 15079.7778 0.22
2714 15079.7778 0.18
2104.3333 15079.7778 0.1395
1807.6667 15079.7778 0.1199
1671.4444 15079.7778 0.1108
1619.7778 15079.7778 0.1074
1626.2222 15079.7778 0.1078
1637.7778 15079.7778 0.1086
1838.5556 15079.7778 0.1219
2039.7778 15079.7778 0.1353
2444.3333 15079.7778 0.1621
2620.2222 15079.7778 0.1738
2725.2222 15079.7778 0.1807
2702.8889 15079.7778 0.1792
2734.4444 15079.7778 0.1813
2850.8889 15079.7778 0.1891
2899.5556 15079.7778 0.1923
2859.3333 15079.7778 0.1896
2829.8889 15079.7778 0.1877
2823.3333 15079.7778 0.1872
2829.2222 15079.7778 0.1876
2819.1111 15079.7778 0.1869
2771.5556 15079.7778 0.1838
2856.6667 15079.7778 0.1894
2876.2222 15079.7778 0.1907
2777.2222 15079.7778 0.1842
2363.3333 15079.7778 0.1567
1912.2222 15079.7778 0.1268
1660 15079.7778 0.1101
1477 15079.7778 0.0979
1463.2222 15079.7778 0.097
1469.7778 15079.7778 0.0975
1631.2222 15079.7778 0.1082
1779.6667 15079.7778 0.118
1993.1111 15079.7778 0.1322
2148.3333 15079.7778 0.1425
2147.7778 15079.7778 0.1424
2112.4444 15079.7778 0.1401
2122.2222 15079.7778 0.1407
2212.7778 15079.7778 0.1467
2247.1111 15079.7778 0.149
2278.1111 15079.7778 0.1511
2286.4444 15079.7778 0.1516
2303.5556 15079.7778 0.1528
2342.1111 15079.7778 0.1553
2302.8889 15079.7778 0.1527
2248 15079.7778 0.1491
2490.4444 15079.7778 0.1652
2432.2222 15079.7778 0.1613
2230.6667 15079.7778 0.1479
1972.4444 15079.7778 0.1308
1680.1111 15079.7778 0.1114
1441.7778 15079.7778 0.0956
1318.7778 15079.7778 0.0875
1294.2222 15079.7778 0.0858
1309.7778 15079.7778 0.0869
1372.2222 15079.7778 0.091
1514.6667 15079.7778 0.1004
1657 15079.7778 0.1099
1791.6667 15079.7778 0.1188
1828.1111 15079.7778 0.1212
1952.3333 15079.7778 0.1295
2031.5556 15079.7778 0.1347
2101.8889 15079.7778 0.1394
2128.6667 15079.7778 0.1412
2264.2222 15079.7778 0.1501
2277.7778 15079.7778 0.151
2304 15079.7778 0.1528
2280.1111 15079.7778 0.1512
2308.6667 15079.7778 0.1531
2281.2222 15079.7778 0.1513
2405.2222 15079.7778 0.1595
2255.6667 15079.7778 0.1496
2127.7778 15079.7778 0.1411
1957.4444 15079.7778 0.1298
1398.4444 15079.7778 0.0927
1199.7778 15079.7778 0.0796
1189.4444 15079.7778 0.0789
1178.3333 15079.7778 0.0781
1225.2222 15079.7778 0.0812
1290.3333 15079.7778 0.0856
1405.2222 15079.7778 0.0932
1515.6667 15079.7778 0.1005
1576.2222 15079.7778 0.1045
1634.1111 15079.7778 0.1084
1720.3333 15079.7778 0.1141
1882.8889 15079.7778 0.1249
1996.6667 15079.7778 0.1324
2136.6667 15079.7778 0.1417
2173.5556 15079.7778 0.1441
2209.7778 15079.7778 0.1465
2249 15079.7778 0.1491
2297.2222 15079.7778 0.1523
2301.6667 15079.7778 0.1526
2247.4444 15079.7778 0.149
2393.6667 15079.7778 0.1587
2291.4444 15079.7778 0.152
2144 15079.7778 0.1422
1855.4444 15079.7778 0.123
1465.7778 15079.7778 0.0972
1265.8889 15079.7778 0.0839
1233.4444 15079.7778 0.0818
1233.1111 15079.7778 0.0818
1232.3333 15079.7778 0.0817
1234.3333 15079.7778 0.0819
1300.3333 15079.7778 0.0862
1465.4444 15079.7778 0.0972
1615.1111 15079.7778 0.1071
1684.8889 15079.7778 0.1117
1706 15079.7778 0.1131
1798.4444 15079.7778 0.1193
1915.5556 15079.7778 0.127
2057.8889 15079.7778 0.1365
2155.6667 15079.7778 0.143
2177.4444 15079.7778 0.1444
2194.1111 15079.7778 0.1455
2175 15079.7778 0.1442
2178.5556 15079.7778 0.1445
2172.3333 15079.7778 0.1441
2328.2222 15079.7778 0.1544
2103.6667 15079.7778 0.1395
1865.2222 15079.7778 0.1237
1407.2222 15079.7778 0.0933
1168.7778 15079.7778 0.0775
1129.4444 15079.7778 0.0749
1135.2222 15079.7778 0.0753
1149.7778 15079.7778 0.0762
1181 15079.7778 0.0783
1283.6667 15079.7778 0.0851
1390.1111 15079.7778 0.0922
1514.1111 15079.7778 0.1004
1587 15079.7778 0.1052
1704.8889 15079.7778 0.1131
1748.3333 15079.7778 0.1159
1941.2222 15079.7778 0.1287
1971.6667 15079.7778 0.1307
1986.7778 15079.7778 0.1318
2084.1111 15079.7778 0.1382
2114.5556 15079.7778 0.1402
2188 15079.7778 0.1451
2248 15079.7778 0.1491
2271.8889 15079.7778 0.1507
2327.8889 15079.7778 0.1544
2490.4444 15079.7778 0.1652
2421.7778 15079.7778 0.1606
2277.7778 15079.7778 0.151
1853.5556 15079.7778 0.1229
1606.8889 15079.7778 0.1066
1352.1111 15079.7778 0.0897
1240.5556 15079.7778 0.0823
1183.1111 15079.7778 0.0785
1214.2222 15079.7778 0.0805
1293.2222 15079.7778 0.0858
1590.1111 15079.7778 0.1054
1906.8889 15079.7778 0.1265
2130.2222 15079.7778 0.1413
2229.1111 15079.7778 0.1478
2232.8889 15079.7778 0.1481
2463.1111 15079.7778 0.1633
2539.3333 15079.7778 0.1684
2640.6667 15079.7778 0.1751
2708.4444 15079.7778 0.1796
2585.5556 15079.7778 0.1715
2495.3333 15079.7778 0.1655
2525.1111 15079.7778 0.1675
2646.8889 15079.7778 0.1755
2634 15079.7778 0.1747
2715.4444 15079.7778 0.1801
2703 15079.7778 0.1792
2355.1111 15079.7778 0.1562
1879.8889 15079.7778 0.1247
1586.1111 15079.7778 0.1052
1303.3333 15079.7778 0.0864
1234.4444 15079.7778 0.0819
1269.7778 15079.7778 0.0842
1293.7778 15079.7778 0.0858
1487.5556 15079.7778 0.0986
1811.8889 15079.7778 0.1202
2231.2222 15079.7778 0.148
2555.3333 15079.7778 0.1695
2643.7778 15079.7778 0.1753
2660.8889 15079.7778 0.1765
2702.1111 15079.7778 0.1792
2689.7778 15079.7778 0.1784
2629.1111 15079.7778 0.1743
2653.5556 15079.7778 0.176
2628.4444 15079.7778 0.1743
2555 15079.7778 0.1694
2779.7778 15079.7778 0.1843
2859.4444 15079.7778 0.1896
2975.3333 15079.7778 0.1973
3054.4444 15079.7778 0.2026
2777 15079.7778 0.1842
2575.4444 15079.7778 0.1708
2228 15079.7778 0.1477
1736.4444 15079.7778 0.1152
1324.7778 15079.7778 0.0879
1215.1111 15079.7778 0.0806
1241.8889 15079.7778 0.0824
1327.1111 15079.7778 0.088
1573.6667 15079.7778 0.1044
1748.3333 15079.7778 0.1159
2028.8889 15079.7778 0.1345
2365.2222 15079.7778 0.1568
2491.4444 15079.7778 0.1652
2435.8889 15079.7778 0.1615
2607.3333 15079.7778 0.1729
2767.7778 15079.7778 0.1835
2804.8889 15079.7778 0.186
2799.6667 15079.7778 0.1857
2675.1111 15079.7778 0.1774
2638.5556 15079.7778 0.175
2630.5556 15079.7778 0.1744
2583.1111 15079.7778 0.1713
2569.3333 15079.7778 0.1704
2881.6667 15079.7778 0.1911
2744.1111 15079.7778 0.182
2507.7778 15079.7778 0.1663
1922.7778 15079.7778 0.1275
1556.1111 15079.7778 0.1032
1283.4444 15079.7778 0.0851
1211.2222 15079.7778 0.0803
1206.7778 15079.7778 0.08
1234.2222 15079.7778 0.0818
1313.3333 15079.7778 0.0871
1402.8889 15079.7778 0.093
1631.3333 15079.7778 0.1082
1938.5556 15079.7778 0.1286
2088.3333 15079.7778 0.1385
2102.6667 15079.7778 0.1394
2092.1111 15079.7778 0.1387
2083.8889 15079.7778 0.1382
2051.7778 15079.7778 0.1361
2059.3333 15079.7778 0.1366
2123.1111 15079.7778 0.1408
2026.4444 15079.7778 0.1344
1989.2222 15079.7778 0.1319
2096.4444 15079.7778 0.139
2139.1111 15079.7778 0.1419
2212.7778 15079.7778 0.1467
2042.2222 15079.7778 0.1354
1969.2222 15079.7778 0.1306
1698.7778 15079.7778 0.1127
1405.6667 15079.7778 0.0932
1318.2222 15079.7778 0.0874
1270 15079.7778 0.0842
1262.4444 15079.7778 0.0837
1278.1111 15079.7778 0.0848
1298.8889 15079.7778 0.0861
1322.7778 15079.7778 0.0877
1383.3333 15079.7778 0.0917
1517.8889 15079.7778 0.1007
1584.5556 15079.7778 0.1051
1557.1111 15079.7778 0.1033
1547.1111 15079.7778 0.1026
1556.7778 15079.7778 0.1032
1633.4444 15079.7778 0.1083
1672.2222 15079.7778 0.1109
1732.6667 15079.7778 0.1149
1773 15079.7778 0.1176
1753.1111 15079.7778 0.1163
1853.8889 15079.7778 0.1229
1963.4444 15079.7778 0.1302
2142.3333 15079.7778 0.1421
2034.5556 15079.7778 0.1349
1984.7778 15079.7778 0.1316
1655.4444 15079.7778 0.1098
1407.5556 15079.7778 0.0933
1273.3333 15079.7778 0.0844
1254 15079.7778 0.0832
1315 15079.7778 0.0872
1359.8889 15079.7778 0.0902
1495.1111 15079.7778 0.0991
1674.4444 15079.7778 0.111
1957.1111 15079.7778 0.1298
2208.4444 15079.7778 0.1465
2298.8889 15079.7778 0.1524
2306.1111 15079.7778 0.1529
2327.6667 15079.7778 0.1544
2372.1111 15079.7778 0.1573
2436.8889 15079.7778 0.1616
2592.8889 15079.7778 0.1719
2675.8889 15079.7778 0.1774
2692.6667 15079.7778 0.1786
2753.3333 15079.7778 0.1826
2946.5556 15079.7778 0.1954
3086.2222 15079.7778 0.2047
3366.5556 15079.7778 0.2232
3106 15079.7778 0.206
2797.8889 15079.7778 0.1855
2342.8889 15079.7778 0.1554
1841.1111 15079.7778 0.1221
1612.3333 15079.7778 0.1069
1359.8889 15079.7778 0.0902
1306.2222 15079.7778 0.0866
1365 15079.7778 0.0905
1476.6667 15079.7778 0.0979
1692.7778 15079.7778 0.1123
2004.4444 15079.7778 0.1329
2349.6667 15079.7778 0.1558
2547.7778 15079.7778 0.169
2602.2222 15079.7778 0.1726
2504.8889 15079.7778 0.1661
2603.8889 15079.7778 0.1727
2719.6667 15079.7778 0.1804
2833.3333 15079.7778 0.1879
2758.1111 15079.7778 0.1829
2680.5556 15079.7778 0.1778
2744.5556 15079.7778 0.182
2969.4444 15079.7778 0.1969
3091.1111 15079.7778 0.205
3308.5556 15079.7778 0.2194
3163.7778 15079.7778 0.2098
2893.5556 15079.7778 0.1919
2460.5556 15079.7778 0.1632
1960 15079.7778 0.13
1537.3333 15079.7778 0.1019
1449.4444 15079.7778 0.0961
1435 15079.7778 0.0952
1436.2222 15079.7778 0.0952
1566.4444 15079.7778 0.1039
1853.6667 15079.7778 0.1229
2267.6667 15079.7778 0.1504
2609.6667 15079.7778 0.1731
2670.5556 15079.7778 0.1771
2541.7778 15079.7778 0.1686
2553.2222 15079.7778 0.1693
2711.7778 15079.7778 0.1798
2769.6667 15079.7778 0.1837
2792.5556 15079.7778 0.1852
2898.1111 15079.7778 0.1922
2936 15079.7778 0.1947
3095 15079.7778 0.2052
3203.6667 15079.7778 0.2124
3322.5556 15079.7778 0.2203
3401.7778 15079.7778 0.2256
3074.8889 15079.7778 0.2039
2763 15079.7778 0.1832
2046.3333 15079.7778 0.1357
1527.3333 15079.7778 0.1013
1353.7778 15079.7778 0.0898
1283.2222 15079.7778 0.0851
1251.7778 15079.7778 0.083
1320.1111 15079.7778 0.0875
1512.1111 15079.7778 0.1003
1839.1111 15079.7778 0.122
2326.1111 15079.7778 0.1543
2801.1111 15079.7778 0.1858
2834.6667 15079.7778 0.188
2876.6667 15079.7778 0.1908
2760.5556 15079.7778 0.1831
2735.5556 15079.7778 0.1814
2791.7778 15079.7778 0.1851
2845.8889 15079.7778 0.1887
2820.5556 15079.7778 0.187
2785.4444 15079.7778 0.1847
2787 15079.7778 0.1848
2904.7778 15079.7778 0.1926
3168.3333 15079.7778 0.2101
3348.1111 15079.7778 0.222
3088.8889 15079.7778 0.2048
2653.8889 15079.7778 0.176
2277.6667 15079.7778 0.151
1820.2222 15079.7778 0.1207
1477.2222 15079.7778 0.098
1390.2222 15079.7778 0.0922
1340.5556 15079.7778 0.0889
1405.4444 15079.7778 0.0932
1536.4444 15079.7778 0.1019
1804.5556 15079.7778 0.1197
2211.7778 15079.7778 0.1467
2703.4444 15079.7778 0.1793
2778.1111 15079.7778 0.1842
2772.6667 15079.7778 0.1839
2839.6667 15079.7778 0.1883
2792.7778 15079.7778 0.1852
2805.5556 15079.7778 0.186
2685.3333 15079.7778 0.1781
2665 15079.7778 0.1767
2642.7778 15079.7778 0.1753
2743.2222 15079.7778 0.1819
2840.1111 15079.7778 0.1883
2975.8889 15079.7778 0.1973
2993.2222 15079.7778 0.1985
2816.4444 15079.7778 0.1868
2614 15079.7778 0.1733
2191.2222 15079.7778 0.1453
1918.7778 15079.7778 0.1272
1554.1111 15079.7778 0.1031
1398.4444 15079.7778 0.0927
1361.2222 15079.7778 0.0903
1416.5556 15079.7778 0.0939
1548.4444 15079.7778 0.1027
1762.6667 15079.7778 0.1169
2151.2222 15079.7778 0.1427
2589 15079.7778 0.1717
2750.7778 15079.7778 0.1824
2781 15079.7778 0.1844
2650.4444 15079.7778 0.1758
2574 15079.7778 0.1707
2530.7778 15079.7778 0.1678
2578 15079.7778 0.171
2625.4444 15079.7778 0.1741
2654.5556 15079.7778 0.176
2763.3333 15079.7778 0.1832
2884.5556 15079.7778 0.1913
3031.1111 15079.7778 0.201
3285.3333 15079.7778 0.2179
3144.7778 15079.7778 0.2085
2837.5556 15079.7778 0.1882
2620.4444 15079.7778 0.1738
2341.4444 15079.7778 0.1553
1959.3333 15079.7778 0.1299
1748.5556 15079.7778 0.116
1620.3333 15079.7778 0.1075
1632.4444 15079.7778 0.1083
1712.8889 15079.7778 0.1136
1851.1111 15079.7778 0.1228
2172.8889 15079.7778 0.1441
2516.4444 15079.7778 0.1669
2583.6667 15079.7778 0.1713
2608.8889 15079.7778 0.173
2581.5556 15079.7778 0.1712
2540 15079.7778 0.1684
2543.1111 15079.7778 0.1686
2603.2222 15079.7778 0.1726
2604.1111 15079.7778 0.1727
2644.5556 15079.7778 0.1754
2631.1111 15079.7778 0.1745
2636.6667 15079.7778 0.1748
2843.7778 15079.7778 0.1886
2927.4444 15079.7778 0.1941
2690.2222 15079.7778 0.1784
2332.7778 15079.7778 0.1547
1802.6667 15079.7778 0.1195
1493 15079.7778 0.099
1410.1111 15079.7778 0.0935
1411.4444 15079.7778 0.0936
1406 15079.7778 0.0932
1413.1111 15079.7778 0.0937
1524.4444 15079.7778 0.1011
1672.5556 15079.7778 0.1109
1982 15079.7778 0.1314
2153.1111 15079.7778 0.1428
2243 15079.7778 0.1487
2206 15079.7778 0.1463
2366.6667 15079.7778 0.1569
2533.7778 15079.7778 0.168
2580.4444 15079.7778 0.1711
2719.5556 15079.7778 0.1803
2758.5556 15079.7778 0.1829
2643.2222 15079.7778 0.1753
2701.4444 15079.7778 0.1791
2818.2222 15079.7778 0.1869
3035.6667 15079.7778 0.2013
3128.8889 15079.7778 0.2075
2966.7778 15079.7778 0.1967
2618.8889 15079.7778 0.1737
2047.8889 15079.7778 0.1358
1735.8889 15079.7778 0.1151
1427.2222 15079.7778 0.0946
1315 15079.7778 0.0872
1326.4444 15079.7778 0.088
1390.4444 15079.7778 0.0922
1617.6667 15079.7778 0.1073
1837.2222 15079.7778 0.1218
2269.8889 15079.7778 0.1505
2700.1111 15079.7778 0.1791
2855.5556 15079.7778 0.1894
2794 15079.7778 0.1853
2871.8889 15079.7778 0.1904
2907.1111 15079.7778 0.1928
2996 15079.7778 0.1987
3046.1111 15079.7778 0.202
3021.3333 15079.7778 0.2004
2951.1111 15079.7778 0.1957
3108.4444 15079.7778 0.2061
3270.5556 15079.7778 0.2169
3434.4444 15079.7778 0.2278
3548.6667 15079.7778 0.2353
3332.5556 15079.7778 0.221
3086.2222 15079.7778 0.2047
2443.2222 15079.7778 0.162
1847.1111 15079.7778 0.1225
1505.8889 15079.7778 0.0999
1405.1111 15079.7778 0.0932
1385.4444 15079.7778 0.0919
1485 15079.7778 0.0985
1634 15079.7778 0.1084
1960.8889 15079.7778 0.13
2406.7778 15079.7778 0.1596
2901.7778 15079.7778 0.1924
2977.7778 15079.7778 0.1975
2841.6667 15079.7778 0.1884
3057.7778 15079.7778 0.2028
3037.1111 15079.7778 0.2014
3009.2222 15079.7778 0.1996
3100.2222 15079.7778 0.2056
3158.1111 15079.7778 0.2094
3027 15079.7778 0.2007
3272.5556 15079.7778 0.217
3280 15079.7778 0.2175
3482 15079.7778 0.2309
3489 15079.7778 0.2314
3319.2222 15079.7778 0.2201
2930.5556 15079.7778 0.1943
2469.8889 15079.7778 0.1638
2051.1111 15079.7778 0.136
1752.2222 15079.7778 0.1162
1508.4444 15079.7778 0.1
1415.2222 15079.7778 0.0938
1455.1111 15079.7778 0.0965
1724 15079.7778 0.1143
2028.4444 15079.7778 0.1345
2483.6667 15079.7778 0.1647
2862.5556 15079.7778 0.1898
2898.8889 15079.7778 0.1922
2858.8889 15079.7778 0.1896
2926.1111 15079.7778 0.194
3051.2222 15079.7778 0.2023
3096.2222 15079.7778 0.2053
3122.3333 15079.7778 0.2071
3136.3333 15079.7778 0.208
3102.6667 15079.7778 0.2058
3235.1111 15079.7778 0.2145
3388 15079.7778 0.2247
3536.2222 15079.7778 0.2345
3563.5556 15079.7778 0.2363
3397.5556 15079.7778 0.2253
2918.4444 15079.7778 0.1935
2346.2222 15079.7778 0.1556
1974.7778 15079.7778 0.131
1688 15079.7778 0.1119
1547.6667 15079.7778 0.1026
1446.2222 15079.7778 0.0959
1509.4444 15079.7778 0.1001
1742.7778 15079.7778 0.1156
2006 15079.7778 0.133
2481 15079.7778 0.1645
2809.8889 15079.7778 0.1863
2937.6667 15079.7778 0.1948
3041.1111 15079.7778 0.2017
3294 15079.7778 0.2184
3290.3333 15079.7778 0.2182
3222.7778 15079.7778 0.2137
3167.7778 15079.7778 0.2101
3173.6667 15079.7778 0.2105
3049.8889 15079.7778 0.2023
3097.2222 15079.7778 0.2054
3082.2222 15079.7778 0.2044
3338.1111 15079.7778 0.2214
3374.8889 15079.7778 0.2238
3222 15079.7778 0.2137
2864.2222 15079.7778 0.1899
2357 15079.7778 0.1563
1886 15079.7778 0.1251
1668.5556 15079.7778 0.1106
1443 15079.7778 0.0957
1392.4444 15079.7778 0.0923
1487.1111 15079.7778 0.0986
1615.6667 15079.7778 0.1071
1819.1111 15079.7778 0.1206
2266.6667 15079.7778 0.1503
2700.3333 15079.7778 0.1791
2960.3333 15079.7778 0.1963
3002.2222 15079.7778 0.1991
2864.6667 15079.7778 0.19
2784.6667 15079.7778 0.1847
2830.1111 15079.7778 0.1877
2897 15079.7778 0.1921
2925 15079.7778 0.194
2926.1111 15079.7778 0.194
2987.1111 15079.7778 0.1981
3165.3333 15079.7778 0.2099
3461.1111 15079.7778 0.2295
3404.7778 15079.7778 0.2258
3023.4444 15079.7778 0.2005
2675.2222 15079.7778 0.1774
2180.7778 15079.7778 0.1446
1766.1111 15079.7778 0.1171
1407.6667 15079.7778 0.0933
1198.6667 15079.7778 0.0795
1166.3333 15079.7778 0.0773
1197 15079.7778 0.0794
1315.7778 15079.7778 0.0873
1506.1111 15079.7778 0.0999
1835.6667 15079.7778 0.1217
2280 15079.7778 0.1512
2415.7778 15079.7778 0.1602
2590.8889 15079.7778 0.1718
2493 15079.7778 0.1653
2484.1111 15079.7778 0.1647
2487.7778 15079.7778 0.165
2538.8889 15079.7778 0.1684
2571.1111 15079.7778 0.1705
2560.6667 15079.7778 0.1698
2659.3333 15079.7778 0.1764
2767.6667 15079.7778 0.1835
3006.5556 15079.7778 0.1994
3001.3333 15079.7778 0.199
2795.2222 15079.7778 0.1854
2413.7778 15079.7778 0.1601
2083.8889 15079.7778 0.1382
1705.5556 15079.7778 0.1131
1443.6667 15079.7778 0.0957
1256.3333 15079.7778 0.0833
1217.1111 15079.7778 0.0807
1271.8889 15079.7778 0.0843
1338.7778 15079.7778 0.0888
1496 15079.7778 0.0992
1945.7778 15079.7778 0.129
2313.7778 15079.7778 0.1534
2479.8889 15079.7778 0.1645
2514.7778 15079.7778 0.1668
2661.1111 15079.7778 0.1765
2699.8889 15079.7778 0.179
2567.6667 15079.7778 0.1703
2502.8889 15079.7778 0.166
2544.5556 15079.7778 0.1687
2551.3333 15079.7778 0.1692
2710.4444 15079.7778 0.1797
2774.3333 15079.7778 0.184
2851.1111 15079.7778 0.1891
2935.6667 15079.7778 0.1947
2764.6667 15079.7778 0.1833
2606.8889 15079.7778 0.1729
1993.6667 15079.7778 0.1322
1576.3333 15079.7778 0.1045
1282.3333 15079.7778 0.085