1664.1111 15079.7778 0.1104
1600.1111 15079.7778 0.1061
1577 15079.7778 0.1046
1574.7778 15079.7778 0.1044
1563.8889 15079.7778 0.1037
1576.2222 15079.7778 0.1045
1567.8889 15079.7778 0.104
1520 15079.7778 0.1008
1515.6667 15079.7778 0.1005
1494.5556 15079.7778 0.0991
1545.6667 15079.7778 0.1025
1650.4444 15079.7778 0.1094
1743.3333 15079.7778 0.1156
1810.4444 15079.7778 0.1201
1915 15079.7778 0.127
2042.2222 15079.7778 0.1354
2181.2222 15079.7778 0.1446
2331.4444 15079.7778 0.1546
2333.4444 15079.7778 0.1547
2280.8889 15079.7778 0.1513
2175.2222 15079.7778 0.1442
2038.7778 15079.7778 0.1352
1791 15079.7778 0.1188
1689.6667 15079.7778 0.112
1676.4444 15079.7778 0.1112
1596.3333 15079.7778 0.1059
1596.5556 15079.7778 0.1059
1613.8889 15079.7778 0.107
1713.8889 15079.7778 0.1137
1841.5556 15079.7778 0.1221
1986.4444 15079.7778 0.1317
2194.8889 15079.7778 0.1456
2342.3333 15079.7778 0.1553
2489.2222 15079.7778 0.1651
2623 15079.7778 0.1739
2773.8889 15079.7778 0.1839
2862.6667 15079.7778 0.1898
3052.4444 15079.7778 0.2024
3137.5556 15079.7778 0.2081
3304.5556 15079.7778 0.2191
3477.4444 15079.7778 0.2306
3848.6667 15079.7778 0.2552
3952.5556 15079.7778 0.2621
3852 15079.7778 0.2554
3791.3333 15079.7778 0.2514
3441.1111 15079.7778 0.2282
3006.7778 15079.7778 0.1994
2549.8889 15079.7778 0.1691
2303.5556 15079.7778 0.1528
2232.6667 15079.7778 0.1481
2205.1111 15079.7778 0.1462
2282 15079.7778 0.1513
2568.7778 15079.7778 0.1703
2891.8889 15079.7778 0.1918
3228.4444 15079.7778 0.2141
3605.6667 15079.7778 0.2391
3776 15079.7778 0.2504
4009 15079.7778 0.2659
4085.5556 15079.7778 0.2709
4095.7778 15079.7778 0.2716
4165.5556 15079.7778 0.2762
4170.5556 15079.7778 0.2766
4096.6667 15079.7778 0.2717
4242 15079.7778 0.2813
4493 15079.7778 0.2979
5071.4444 15079.7778 0.3363
5052.8889 15079.7778 0.3351
4901.8889 15079.7778 0.3251
4762.5556 15079.7778 0.3158
4336.4444 15079.7778 0.2876
3583.6667 15079.7778 0.2376
3069.4444 15079.7778 0.2035
2686.5556 15079.7778 0.1782
2520 15079.7778 0.1671
2462.2222 15079.7778 0.1633
2594.3333 15079.7778 0.172
2835.3333 15079.7778 0.188
3273.1111 15079.7778 0.2171
3453 15079.7778 0.229
3692.7778 15079.7778 0.2449
3666.6667 15079.7778 0.2432
3588.3333 15079.7778 0.238
3703.3333 15079.7778 0.2456
3661.4444 15079.7778 0.2428
3581.3333 15079.7778 0.2375
3621.3333 15079.7778 0.2401
3767.1111 15079.7778 0.2498
3991.4444 15079.7778 0.2647
4394.2222 15079.7778 0.2914
4961.1111 15079.7778 0.329
5041.5556 15079.7778 0.3343
4704.7778 15079.7778 0.312
4491.6667 15079.7778 0.2979
4027.7778 15079.7778 0.2671
3332.5556 15079.7778 0.221
2616.7778 15079.7778 0.1735
2159.6667 15079.7778 0.1432
1848.1111 15079.7778 0.1226
1906.7778 15079.7778 0.1264
2017.5556 15079.7778 0.1338
2376.4444 15079.7778 0.1576
2736.2222 15079.7778 0.1814
3059.7778 15079.7778 0.2029
3519.8889 15079.7778 0.2334
3674.5556 15079.7778 0.2437
3643.4444 15079.7778 0.2416
3686.6667 15079.7778 0.2445
3600.4444 15079.7778 0.2388
3510.1111 15079.7778 0.2328
3459.7778 15079.7778 0.2294
3538.1111 15079.7778 0.2346
3674.5556 15079.7778 0.2437
4145.7778 15079.7778 0.2749
4987 15079.7778 0.3307
5103.4444 15079.7778 0.3384
4726.2222 15079.7778 0.3134
4510 15079.7778 0.2991
4009 15079.7778 0.2659
3245 15079.7778 0.2152
2524.7778 15079.7778 0.1674
2119.7778 15079.7778 0.1406
1960.8889 15079.7778 0.13
1962.4444 15079.7778 0.1301
2153.8889 15079.7778 0.1428
2388.5556 15079.7778 0.1584
2671.6667 15079.7778 0.1772
3029.5556 15079.7778 0.2009
3583.7778 15079.7778 0.2377
3697.4444 15079.7778 0.2452
3822.1111 15079.7778 0.2535
3693.1111 15079.7778 0.2449
3789.8889 15079.7778 0.2513
3827.4444 15079.7778 0.2538
4117.2222 15079.7778 0.273
4393.2222 15079.7778 0.2913
4692.2222 15079.7778 0.3112
4921 15079.7778 0.3263
5521 15079.7778 0.3661
5415.5556 15079.7778 0.3591
5047.8889 15079.7778 0.3347
4705.8889 15079.7778 0.3121
4307.1111 15079.7778 0.2856
3587.1111 15079.7778 0.2379
2693.7778 15079.7778 0.1786
2330.7778 15079.7778 0.1546
2097.2222 15079.7778 0.1391
2032.3333 15079.7778 0.1348
2076.3333 15079.7778 0.1377
2312.3333 15079.7778 0.1533
2613.6667 15079.7778 0.1733
2959.8889 15079.7778 0.1963
3379.2222 15079.7778 0.2241
3525 15079.7778 0.2338
3450.4444 15079.7778 0.2288
3419.6667 15079.7778 0.2268
3491.8889 15079.7778 0.2316
3419.6667 15079.7778 0.2268
3412.5556 15079.7778 0.2263
3525.4444 15079.7778 0.2338
3864 15079.7778 0.2562
4282.2222 15079.7778 0.284
5209.6667 15079.7778 0.3455
5259.1111 15079.7778 0.3488
4925.2222 15079.7778 0.3266
4687 15079.7778 0.3108
3907.4444 15079.7778 0.2591
3294.3333 15079.7778 0.2185
2562 15079.7778 0.1699
2100.6667 15079.7778 0.1393
1871.8889 15079.7778 0.1241
1837.7778 15079.7778 0.1219
1926 15079.7778 0.1277
2109.2222 15079.7778 0.1399
2386.2222 15079.7778 0.1582
2809.5556 15079.7778 0.1863
3155.8889 15079.7778 0.2093
3354.8889 15079.7778 0.2225
3457.5556 15079.7778 0.2293
3655.2222 15079.7778 0.2424
3833.7778 15079.7778 0.2542
3792.7778 15079.7778 0.2515
3753 15079.7778 0.2489
3674.7778 15079.7778 0.2437
3898.3333 15079.7778 0.2585
4204.7778 15079.7778 0.2788
4751.7778 15079.7778 0.3151
4915.8889 15079.7778 0.326
4751.8889 15079.7778 0.3151
4560.5556 15079.7778 0.3024
3922.7778 15079.7778 0.2601
3245.8889 15079.7778 0.2152
2242.8889 15079.7778 0.1487
1931.2222 15079.7778 0.1281
1768 15079.7778 0.1172
1758.5556 15079.7778 0.1166
1807.8889 15079.7778 0.1199
1941.2222 15079.7778 0.1287
2306.2222 15079.7778 0.1529
2724.5556 15079.7778 0.1807
3102.3333 15079.7778 0.2057
3124.8889 15079.7778 0.2072
2983.5556 15079.7778 0.1979
3057.5556 15079.7778 0.2028
3116.3333 15079.7778 0.2067
3053.1111 15079.7778 0.2025
3161.8889 15079.7778 0.2097
3279 15079.7778 0.2174
3491.4444 15079.7778 0.2315
4049.3333 15079.7778 0.2685
4589.5556 15079.7778 0.3044
4655.4444 15079.7778 0.3087
4329.8889 15079.7778 0.2871
4157.7778 15079.7778 0.2757
3622.2222 15079.7778 0.2402
2764.5556 15079.7778 0.1833
2136.1111 15079.7778 0.1417
1790 15079.7778 0.1187
1675.5556 15079.7778 0.1111
1695.1111 15079.7778 0.1124
1729.1111 15079.7778 0.1147
1840.3333 15079.7778 0.122
2085 15079.7778 0.1383
2490.1111 15079.7778 0.1651
2899.5556 15079.7778 0.1923
3007.6667 15079.7778 0.1995
3031.4444 15079.7778 0.201
3038.2222 15079.7778 0.2015
2942.3333 15079.7778 0.1951
2932.2222 15079.7778 0.1944
2957.8889 15079.7778 0.1961
3072 15079.7778 0.2037
3198.5556 15079.7778 0.2121
3362.8889 15079.7778 0.223
3674.3333 15079.7778 0.2437
3806.4444 15079.7778 0.2524
3619.6667 15079.7778 0.24
3425.5556 15079.7778 0.2272
3182.1111 15079.7778 0.211
2532.8889 15079.7778 0.168
2047 15079.7778 0.1357
1697 15079.7778 0.1125
1694.5556 15079.7778 0.1124
1708.6667 15079.7778 0.1133
1734 15079.7778 0.115
1836.7778 15079.7778 0.1218
2082.7778 15079.7778 0.1381
2428.3333 15079.7778 0.161
2847.2222 15079.7778 0.1888
2965.8889 15079.7778 0.1967
3056.6667 15079.7778 0.2027
3080.5556 15079.7778 0.2043
3122.7778 15079.7778 0.2071
3215.3333 15079.7778 0.2132
3384.6667 15079.7778 0.2245
3493.4444 15079.7778 0.2317
3681.6667 15079.7778 0.2441
3966.2222 15079.7778 0.263
4384.6667 15079.7778 0.2908
4334.3333 15079.7778 0.2874
4199.6667 15079.7778 0.2785
3916.7778 15079.7778 0.2597
3536.2222 15079.7778 0.2345
2756.1111 15079.7778 0.1828
2163.4444 15079.7778 0.1435
1820.6667 15079.7778 0.1207
1645.7778 15079.7778 0.1091
1676.4444 15079.7778 0.1112
1745.8889 15079.7778 0.1158
2016.1111 15079.7778 0.1337
2308.4444 15079.7778 0.1531
2672.8889 15079.7778 0.1772
3123.6667 15079.7778 0.2071
3208.6667 15079.7778 0.2128
3249.5556 15079.7778 0.2155
3334.6667 15079.7778 0.2211
3404.8889 15079.7778 0.2258
3362.8889 15079.7778 0.223
3385.5556 15079.7778 0.2245
3393.7778 15079.7778 0.2251
3678.8889 15079.7778 0.244
4006 15079.7778 0.2657
4245.3333 15079.7778 0.2815
4416 15079.7778 0.2928
4357.5556 15079.7778 0.289
4114.5556 15079.7778 0.2729
3587.6667 15079.7778 0.2379
2928.1111 15079.7778 0.1942
2312.5556 15079.7778 0.1534
2000.4444 15079.7778 0.1327
1869.1111 15079.7778 0.1239
1911.2222 15079.7778 0.1267
2011.7778 15079.7778 0.1334
2308 15079.7778 0.1531
2607.1111 15079.7778 0.1729
3019.4444 15079.7778 0.2002
3382.5556 15079.7778 0.2243
3725.3333 15079.7778 0.247
3719.6667 15079.7778 0.2467
3852.2222 15079.7778 0.2555
3945.6667 15079.7778 0.2617
3817.7778 15079.7778 0.2532
3957.1111 15079.7778 0.2624
4198.7778 15079.7778 0.2784
4484.1111 15079.7778 0.2974
4776.4444 15079.7778 0.3167
5181.1111 15079.7778 0.3436
5263 15079.7778 0.349
5220.1111 15079.7778 0.3462
5168.2222 15079.7778 0.3427
4815.8889 15079.7778 0.3194
4062.4444 15079.7778 0.2694
3079.1111 15079.7778 0.2042
2758.1111 15079.7778 0.1829
2540.2222 15079.7778 0.1685
2526.6667 15079.7778 0.1676
2672.7778 15079.7778 0.1772
2998.5556 15079.7778 0.1988
3471.2222 15079.7778 0.2302
3833.4444 15079.7778 0.2542
4622.2222 15079.7778 0.3065
4875.2222 15079.7778 0.3233
4796.7778 15079.7778 0.3181
4749.8889 15079.7778 0.315
4590.3333 15079.7778 0.3044
4438 15079.7778 0.2943
4410 15079.7778 0.2924
4423.3333 15079.7778 0.2933
4615 15079.7778 0.306
4951.8889 15079.7778 0.3284
5457.8889 15079.7778 0.3619
5639.4444 15079.7778 0.374
5389.3333 15079.7778 0.3574
5437.6667 15079.7778 0.3606
5171.2222 15079.7778 0.3429
4288.1111 15079.7778 0.2844
3307.1111 15079.7778 0.2193
2744.8889 15079.7778 0.182
2548 15079.7778 0.169
2483.4444 15079.7778 0.1647
2554.2222 15079.7778 0.1694
2664.7778 15079.7778 0.1767
3029.8889 15079.7778 0.2009
3430.2222 15079.7778 0.2275
3904.3333 15079.7778 0.2589
4180.8889 15079.7778 0.2773
4249.8889 15079.7778 0.2818
4338.6667 15079.7778 0.2877
4318.6667 15079.7778 0.2864
4222.7778 15079.7778 0.28
4179.4444 15079.7778 0.2772
4283.2222 15079.7778 0.284
4369.2222 15079.7778 0.2897
4529.2222 15079.7778 0.3004
4924.8889 15079.7778 0.3266
5156.4444 15079.7778 0.3419
4929.3333 15079.7778 0.3269
4921.3333 15079.7778 0.3264
4593.1111 15079.7778 0.3046
3923.4444 15079.7778 0.2602
3102.3333 15079.7778 0.2057
2747.6667 15079.7778 0.1822
2400.4444 15079.7778 0.1592
2395.4444 15079.7778 0.1589
2415.1111 15079.7778 0.1602
2587.6667 15079.7778 0.1716
2969.4444 15079.7778 0.1969
3449.6667 15079.7778 0.2288
3802.6667 15079.7778 0.2522
3816.5556 15079.7778 0.2531
3792.1111 15079.7778 0.2515
3887.2222 15079.7778 0.2578
3722.5556 15079.7778 0.2469
3565.4444 15079.7778 0.2364
3653.8889 15079.7778 0.2423
3796.8889 15079.7778 0.2518
3979.4444 15079.7778 0.2639
4397 15079.7778 0.2916
4777.5556 15079.7778 0.3168
5019.2222 15079.7778 0.3328
4995.4444 15079.7778 0.3313
4930.6667 15079.7778 0.327
4392.7778 15079.7778 0.2913
3719.5556 15079.7778 0.2467
2889.3333 15079.7778 0.1916
1990.5556 15079.7778 0.132
1682.3333 15079.7778 0.1116
1749.8889 15079.7778 0.116
1810.2222 15079.7778 0.12
2179.5556 15079.7778 0.1445
2671 15079.7778 0.1771
3200.4444 15079.7778 0.2122
3838.2222 15079.7778 0.2545
3949.6667 15079.7778 0.2619
3830.5556 15079.7778 0.254
3935.6667 15079.7778 0.261
4017.8889 15079.7778 0.2664
3993.2222 15079.7778 0.2648
3913.2222 15079.7778 0.2595
3906.3333 15079.7778 0.259
3909.5556 15079.7778 0.2593
4103.8889 15079.7778 0.2721
4478.4444 15079.7778 0.297
4470.6667 15079.7778 0.2965
4454.3333 15079.7778 0.2954
3986 15079.7778 0.2643
3409.7778 15079.7778 0.2261
2959.8889 15079.7778 0.1963
2367.8889 15079.7778 0.157
2039.2222 15079.7778 0.1352
1853.1111 15079.7778 0.1229
1892.4444 15079.7778 0.1255
2007.4444 15079.7778 0.1331
2142 15079.7778 0.142
2370.6667 15079.7778 0.1572
2895.4444 15079.7778 0.192
3325.4444 15079.7778 0.2205
3574.2222 15079.7778 0.237
3713.6667 15079.7778 0.2463
3864.1111 15079.7778 0.2562
3872.2222 15079.7778 0.2568
3800 15079.7778 0.252
3805.7778 15079.7778 0.2524
3898.3333 15079.7778 0.2585
3897 15079.7778 0.2584
4183.4444 15079.7778 0.2774
4609.4444 15079.7778 0.3057
4673.2222 15079.7778 0.3099
4488.5556 15079.7778 0.2977
4042.2222 15079.7778 0.2681
3559.8889 15079.7778 0.2361
2847.7778 15079.7778 0.1888
2290.6667 15079.7778 0.1519
1891.3333 15079.7778 0.1254
1759 15079.7778 0.1166
1851.1111 15079.7778 0.1228
1964.5556 15079.7778 0.1303
2213.3333 15079.7778 0.1468
2558.5556 15079.7778 0.1697
2896.3333 15079.7778 0.1921
3225.1111 15079.7778 0.2139
3249.7778 15079.7778 0.2155
3331.3333 15079.7778 0.2209
3489.7778 15079.7778 0.2314
3442.7778 15079.7778 0.2283
3437.7778 15079.7778 0.228
3399.5556 15079.7778 0.2254
3574.4444 15079.7778 0.237
3718.1111 15079.7778 0.2466
4101.2222 15079.7778 0.272
4493.4444 15079.7778 0.298
4591.2222 15079.7778 0.3045
4379 15079.7778 0.2904
4099.8889 15079.7778 0.2719
3657.7778 15079.7778 0.2426
3037.4444 15079.7778 0.2014
2507.4444 15079.7778 0.1663
2184 15079.7778 0.1448
2014.4444 15079.7778 0.1336
2051.6667 15079.7778 0.1361
2185.6667 15079.7778 0.1449
2452.7778 15079.7778 0.1627
2946.8889 15079.7778 0.1954
3593.6667 15079.7778 0.2383
4217.8889 15079.7778 0.2797
4322 15079.7778 0.2866
4128 15079.7778 0.2737
4164.6667 15079.7778 0.2762
4214.1111 15079.7778 0.2795
4264.8889 15079.7778 0.2828
4434.1111 15079.7778 0.294
4505.3333 15079.7778 0.2988
4561.3333 15079.7778 0.3025
4892.8889 15079.7778 0.3245
5232.2222 15079.7778 0.347
5373.3333 15079.7778 0.3563
5287.7778 15079.7778 0.3507
5056.4444 15079.7778 0.3353
4572 15079.7778 0.3032
3913.8889 15079.7778 0.2595
3224.2222 15079.7778 0.2138
2734.4444 15079.7778 0.1813
2379 15079.7778 0.1578
2424.6667 15079.7778 0.1608
2667.3333 15079.7778 0.1769
3089 15079.7778 0.2048
3624.8889 15079.7778 0.2404
4087.3333 15079.7778 0.271
4584 15079.7778 0.304
4677.2222 15079.7778 0.3102
4697.5556 15079.7778 0.3115
4759.4444 15079.7778 0.3156
4742.1111 15079.7778 0.3145
4769.6667 15079.7778 0.3163
4869.1111 15079.7778 0.3229
4844.4444 15079.7778 0.3213
4837.2222 15079.7778 0.3208
5030.7778 15079.7778 0.3336
5525.6667 15079.7778 0.3664
5786.5556 15079.7778 0.3837
5532.2222 15079.7778 0.3669
5309 15079.7778 0.3521
5047.3333 15079.7778 0.3347
4352.7778 15079.7778 0.2886
3540.1111 15079.7778 0.2348
2959.4444 15079.7778 0.1963
2721.2222 15079.7778 0.1805
2750.4444 15079.7778 0.1824
2827.3333 15079.7778 0.1875
3122 15079.7778 0.207
3645.1111 15079.7778 0.2417
3979.8889 15079.7778 0.2639
4390.6667 15079.7778 0.2912
4513.4444 15079.7778 0.2993
4401 15079.7778 0.2918
4455.1111 15079.7778 0.2954
4374 15079.7778 0.2901
4313.7778 15079.7778 0.2861
4242.5556 15079.7778 0.2813
4150 15079.7778 0.2752
4303.4444 15079.7778 0.2854
4547.4444 15079.7778 0.3016
4861.6667 15079.7778 0.3224
5186.7778 15079.7778 0.344
5079.4444 15079.7778 0.3368
5028.1111 15079.7778 0.3334
4616.1111 15079.7778 0.3061
4158.5556 15079.7778 0.2758
3425.4444 15079.7778 0.2272
3060.5556 15079.7778 0.203
2763.1111 15079.7778 0.1832
2674.2222 15079.7778 0.1773
2811 15079.7778 0.1864
3027 15079.7778 0.2007
3306.5556 15079.7778 0.2193
3669.7778 15079.7778 0.2434
3961.2222 15079.7778 0.2627
3982.7778 15079.7778 0.2641
4123.2222 15079.7778 0.2734
4326.6667 15079.7778 0.2869
4407.3333 15079.7778 0.2923
4410.1111 15079.7778 0.2925
4424.5556 15079.7778 0.2934
4422.1111 15079.7778 0.2932
4567.5556 15079.7778 0.3029
4738 15079.7778 0.3142
5105.1111 15079.7778 0.3385
5319.6667 15079.7778 0.3528
5173.7778 15079.7778 0.3431
4975.6667 15079.7778 0.33
4582.5556 15079.7778 0.3039
4065.8889 15079.7778 0.2696
3377.5556 15079.7778 0.224
3028.4444 15079.7778 0.2008
2859.6667 15079.7778 0.1896
2875.1111 15079.7778 0.1907
2847.7778 15079.7778 0.1888
3086.4444 15079.7778 0.2047
3492.1111 15079.7778 0.2316
4034.2222 15079.7778 0.2675
4544 15079.7778 0.3013
4549.7778 15079.7778 0.3017
4464.4444 15079.7778 0.2961
4479.7778 15079.7778 0.2971
4619.2222 15079.7778 0.3063
4608 15079.7778 0.3056
4733.6667 15079.7778 0.3139
4894.5556 15079.7778 0.3246
5030 15079.7778 0.3336
5357.1111 15079.7778 0.3553
5756.1111 15079.7778 0.3817
5861.6667 15079.7778 0.3887
5586.4444 15079.7778 0.3705
5309.6667 15079.7778 0.3521
5009.2222 15079.7778 0.3322
4279.7778 15079.7778 0.2838
3633.7778 15079.7778 0.241
2847.8889 15079.7778 0.1889
2437.1111 15079.7778 0.1616
2408.2222 15079.7778 0.1597
2497.4444 15079.7778 0.1656
2716.3333 15079.7778 0.1801
3130.1111 15079.7778 0.2076
3663.4444 15079.7778 0.2429
4264.1111 15079.7778 0.2828
4234.6667 15079.7778 0.2808
4256 15079.7778 0.2822
4342.1111 15079.7778 0.2879
4435.5556 15079.7778 0.2941
4494.4444 15079.7778 0.298
4509.7778 15079.7778 0.2991
4542.4444 15079.7778 0.3012
4662.6667 15079.7778 0.3092
5035 15079.7778 0.3339
5600.1111 15079.7778 0.3714
5628.5556 15079.7778 0.3733
5199.5556 15079.7778 0.3448
4935.7778 15079.7778 0.3273
4449 15079.7778 0.295
3729.3333 15079.7778 0.2473
3207.4444 15079.7778 0.2127
2522.3333 15079.7778 0.1673
2190.1111 15079.7778 0.1452
2183.1111 15079.7778 0.1448
2242.7778 15079.7778 0.1487
2435.3333 15079.7778 0.1615
2813.6667 15079.7778 0.1866
3310.6667 15079.7778 0.2195
3818.3333 15079.7778 0.2532
3824.6667 15079.7778 0.2536
3740.1111 15079.7778 0.248
3699.4444 15079.7778 0.2453
3711.1111 15079.7778 0.2461
3740.3333 15079.7778 0.248
3725 15079.7778 0.247
3746.8889 15079.7778 0.2485
3862.6667 15079.7778 0.2561
4274.4444 15079.7778 0.2835
4546.7778 15079.7778 0.3015
4506 15079.7778 0.2988
4390 15079.7778 0.2911
4229.1111 15079.7778 0.2804
4096.2222 15079.7778 0.2716
3720.5556 15079.7778 0.2467
3202.3333 15079.7778 0.2124
2463 15079.7778 0.1633
2067.8889 15079.7778 0.1371
2002.2222 15079.7778 0.1328
2095.7778 15079.7778 0.139
2281.4444 15079.7778 0.1513
2571.2222 15079.7778 0.1705
2901.7778 15079.7778 0.1924
3378.7778 15079.7778 0.2241
3514.6667 15079.7778 0.2331
3416.5556 15079.7778 0.2266
3413.7778 15079.7778 0.2264
3384 15079.7778 0.2244
3334.3333 15079.7778 0.2211
3324 15079.7778 0.2204
3270.7778 15079.7778 0.2169
3517.1111 15079.7778 0.2332
3967.4444 15079.7778 0.2631
4276.4444 15079.7778 0.2836
4588.8889 15079.7778 0.3043
4496.2222 15079.7778 0.2982
4313.1111 15079.7778 0.286
3808 15079.7778 0.2525
3143.3333 15079.7778 0.2084
2553.7778 15079.7778 0.1694
2076.6667 15079.7778 0.1377
1826.8889 15079.7778 0.1211
1856 15079.7778 0.1231
1900.7778 15079.7778 0.126
2245.3333 15079.7778 0.1489
2646.5556 15079.7778 0.1755
3098 15079.7778 0.2054
3424.8889 15079.7778 0.2271
3530.5556 15079.7778 0.2341
3556.4444 15079.7778 0.2358
3472.5556 15079.7778 0.2303
3328.8889 15079.7778 0.2208
3181.3333 15079.7778 0.211
3063.6667 15079.7778 0.2032
3082.7778 15079.7778 0.2044
3296.6667 15079.7778 0.2186
3642.7778 15079.7778 0.2416
4019.8889 15079.7778 0.2666
4240.1111 15079.7778 0.2812
4081.8889 15079.7778 0.2707
3862.8889 15079.7778 0.2562
3454.2222 15079.7778 0.2291
2930.2222 15079.7778 0.1943
2182 15079.7778 0.1447
1853.8889 15079.7778 0.1229
1678.1111 15079.7778 0.1113
1703.7778 15079.7778 0.113
1836.7778 15079.7778 0.1218
1946.5556 15079.7778 0.1291
2194.6667 15079.7778 0.1455
2523.7778 15079.7778 0.1674
2890.7778 15079.7778 0.1917
3044 15079.7778 0.2019
3254.4444 15079.7778 0.2158
3400.4444 15079.7778 0.2255
3565.3333 15079.7778 0.2364
3475.4444 15079.7778 0.2305
3519.3333 15079.7778 0.2334
3559.5556 15079.7778 0.236
3671.5556 15079.7778 0.2435
3983.6667 15079.7778 0.2642
4398.3333 15079.7778 0.2917
4729.6667 15079.7778 0.3136
4606 15079.7778 0.3054
4331.3333 15079.7778 0.2872
3891.7778 15079.7778 0.2581
2978.5556 15079.7778 0.1975
2303.3333 15079.7778 0.1527
1875 15079.7778 0.1243
1658 15079.7778 0.1099
1746.6667 15079.7778 0.1158
1893.6667 15079.7778 0.1256
2244.6667 15079.7778 0.1489
2691 15079.7778 0.1785
3130.8889 15079.7778 0.2076
3502.1111 15079.7778 0.2322
3591.3333 15079.7778 0.2382
3595.5556 15079.7778 0.2384
3588 15079.7778 0.2379
3619.1111 15079.7778 0.24
3650.8889 15079.7778 0.2421
3546.8889 15079.7778 0.2352
3502.7778 15079.7778 0.2323
3604.5556 15079.7778 0.239
3923.7778 15079.7778 0.2602
4532 15079.7778 0.3005
5000.2222 15079.7778 0.3316
4847.2222 15079.7778 0.3214
4642 15079.7778 0.3078
4162.4444 15079.7778 0.276
3542.1111 15079.7778 0.2349
2962.3333 15079.7778 0.1964
2508.4444 15079.7778 0.1663
2192.5556 15079.7778 0.1454
2146.6667 15079.7778 0.1424
2041.2222 15079.7778 0.1354
2203.4444 15079.7778 0.1461
2539 15079.7778 0.1684
3095.8889 15079.7778 0.2053
3827.7778 15079.7778 0.2538
4033.2222 15079.7778 0.2675
4121 15079.7778 0.2733
4091.8889 15079.7778 0.2713
4023 15079.7778 0.2668
3845.7778 15079.7778 0.255
3759.8889 15079.7778 0.2493
3833.4444 15079.7778 0.2542
4125.6667 15079.7778 0.2736
4382.1111 15079.7778 0.2906
4705.3333 15079.7778 0.312
4906.2222 15079.7778 0.3254
4738.6667 15079.7778 0.3142
4510.6667 15079.7778 0.2991
3985.1111 15079.7778 0.2643
3476.8889 15079.7778 0.2306
2425.6667 15079.7778 0.1609