1477.5556 15079.7778 0.098
1392 15079.7778 0.0923
1456 15079.7778 0.0966
1618.8889 15079.7778 0.1074
1820.5556 15079.7778 0.1207
2023.2222 15079.7778 0.1342
2284.4444 15079.7778 0.1515
2576.5556 15079.7778 0.1709
2671.6667 15079.7778 0.1772
2701.7778 15079.7778 0.1792
2833.6667 15079.7778 0.1879
2814.1111 15079.7778 0.1866
2954.8889 15079.7778 0.196
3140.8889 15079.7778 0.2083
3243.6667 15079.7778 0.2151
3441 15079.7778 0.2282
3843.4444 15079.7778 0.2549
4255.5556 15079.7778 0.2822
4091.3333 15079.7778 0.2713
4111.3333 15079.7778 0.2726
4055.8889 15079.7778 0.269
3572.3333 15079.7778 0.2369
2749.7778 15079.7778 0.1823
1969.3333 15079.7778 0.1306
1502.4444 15079.7778 0.0996
1417.1111 15079.7778 0.094
1467 15079.7778 0.0973
1525.6667 15079.7778 0.1012
1686.8889 15079.7778 0.1119
1927.4444 15079.7778 0.1278
2080.6667 15079.7778 0.138
2365.6667 15079.7778 0.1569
2581.7778 15079.7778 0.1712
2570.3333 15079.7778 0.1704
2599.6667 15079.7778 0.1724
2724.5556 15079.7778 0.1807
2846.4444 15079.7778 0.1888
2882.3333 15079.7778 0.1911
3011.3333 15079.7778 0.1997
3170 15079.7778 0.2102
3607 15079.7778 0.2392
4016.5556 15079.7778 0.2664
3844.2222 15079.7778 0.2549
3829.1111 15079.7778 0.2539
3594.3333 15079.7778 0.2384
3216.3333 15079.7778 0.2133
2536.5556 15079.7778 0.1682
1998.8889 15079.7778 0.1326
1661 15079.7778 0.1101
1494.2222 15079.7778 0.0991
1446.8889 15079.7778 0.0959
1477.7778 15079.7778 0.098
1598.4444 15079.7778 0.106
1671 15079.7778 0.1108
1722.4444 15079.7778 0.1142
1920.4444 15079.7778 0.1274
1989 15079.7778 0.1319
2096.7778 15079.7778 0.139
2264.8889 15079.7778 0.1502
2448.7778 15079.7778 0.1624
2654.3333 15079.7778 0.176
2790.6667 15079.7778 0.1851
2920.1111 15079.7778 0.1936
2913.7778 15079.7778 0.1932
3147.5556 15079.7778 0.2087
3348.2222 15079.7778 0.222
3193.7778 15079.7778 0.2118
3140 15079.7778 0.2082
2846.2222 15079.7778 0.1887
2553.8889 15079.7778 0.1694
1937.7778 15079.7778 0.1285
1617.8889 15079.7778 0.1073
1440.6667 15079.7778 0.0955
1399.4444 15079.7778 0.0928
1474 15079.7778 0.0977
1512.5556 15079.7778 0.1003
1617.5556 15079.7778 0.1073
1813.7778 15079.7778 0.1203
2061.8889 15079.7778 0.1367
2427 15079.7778 0.1609
2495.5556 15079.7778 0.1655
2595.7778 15079.7778 0.1721
2676.5556 15079.7778 0.1775
2756.8889 15079.7778 0.1828
2787.5556 15079.7778 0.1849
2824.4444 15079.7778 0.1873
2879.1111 15079.7778 0.1909
3041.3333 15079.7778 0.2017
3427.4444 15079.7778 0.2273
3870.3333 15079.7778 0.2567
3718 15079.7778 0.2466
3525.7778 15079.7778 0.2338
3284.4444 15079.7778 0.2178
2960 15079.7778 0.1963
2229.3333 15079.7778 0.1478
1679.3333 15079.7778 0.1114
1422.4444 15079.7778 0.0943
1359.7778 15079.7778 0.0902
1370.6667 15079.7778 0.0909
1377.7778 15079.7778 0.0914
1450.8889 15079.7778 0.0962
1673 15079.7778 0.1109
1968.8889 15079.7778 0.1306
2338.7778 15079.7778 0.1551
2510 15079.7778 0.1664
2538.8889 15079.7778 0.1684
2580.6667 15079.7778 0.1711
2798.8889 15079.7778 0.1856
2980.3333 15079.7778 0.1976
3073.4444 15079.7778 0.2038
3164.6667 15079.7778 0.2099
3267.8889 15079.7778 0.2167
3720.6667 15079.7778 0.2467
4082.5556 15079.7778 0.2707
3905.5556 15079.7778 0.259
3731.8889 15079.7778 0.2475
3446.4444 15079.7778 0.2285
2946.5556 15079.7778 0.1954
2192.2222 15079.7778 0.1454
1692.8889 15079.7778 0.1123
1418.5556 15079.7778 0.0941
1330.5556 15079.7778 0.0882
1355.5556 15079.7778 0.0899
1422.1111 15079.7778 0.0943
1558.6667 15079.7778 0.1034
1698.8889 15079.7778 0.1127
1961.8889 15079.7778 0.1301
2280.3333 15079.7778 0.1512
2356.1111 15079.7778 0.1562
2413.7778 15079.7778 0.1601
2605.3333 15079.7778 0.1728
2700.7778 15079.7778 0.1791
2944.2222 15079.7778 0.1952
3181.7778 15079.7778 0.211
3503.7778 15079.7778 0.2323
3650.8889 15079.7778 0.2421
4171.8889 15079.7778 0.2767
4771.6667 15079.7778 0.3164
4804.6667 15079.7778 0.3186
4530.4444 15079.7778 0.3004
4281.8889 15079.7778 0.2839
3685.3333 15079.7778 0.2444
2751.7778 15079.7778 0.1825
1966.4444 15079.7778 0.1304
1618.4444 15079.7778 0.1073
1492.4444 15079.7778 0.099
1516.4444 15079.7778 0.1006
1553.4444 15079.7778 0.103
1768.2222 15079.7778 0.1173
2096.6667 15079.7778 0.139
2366.3333 15079.7778 0.1569
2701 15079.7778 0.1791
2825.6667 15079.7778 0.1874
2870 15079.7778 0.1903
2871.2222 15079.7778 0.1904
3005.5556 15079.7778 0.1993
3233.2222 15079.7778 0.2144
3632.7778 15079.7778 0.2409
3875.2222 15079.7778 0.257
4017.3333 15079.7778 0.2664
4553.7778 15079.7778 0.302
5013.3333 15079.7778 0.3325
5024.6667 15079.7778 0.3332
4691.5556 15079.7778 0.3111
4252.5556 15079.7778 0.282
3851.3333 15079.7778 0.2554
2980 15079.7778 0.1976
2153.2222 15079.7778 0.1428
1599.8889 15079.7778 0.1061
1495.1111 15079.7778 0.0991
1535.3333 15079.7778 0.1018
1571.6667 15079.7778 0.1042
1834.1111 15079.7778 0.1216
2221 15079.7778 0.1473
2642.3333 15079.7778 0.1752
3044.8889 15079.7778 0.2019
3085.5556 15079.7778 0.2046
3044.4444 15079.7778 0.2019
3064.3333 15079.7778 0.2032
3244.3333 15079.7778 0.2151
3313.7778 15079.7778 0.2197
3513.4444 15079.7778 0.233
3591.2222 15079.7778 0.2381
3691.8889 15079.7778 0.2448
4102.8889 15079.7778 0.2721
4612.4444 15079.7778 0.3059
4634.4444 15079.7778 0.3073
4279 15079.7778 0.2838
4092.3333 15079.7778 0.2714
3737.8889 15079.7778 0.2479
2932.1111 15079.7778 0.1944
2060.3333 15079.7778 0.1366
1873.3333 15079.7778 0.1242
1790.5556 15079.7778 0.1187
1819 15079.7778 0.1206
1892.6667 15079.7778 0.1255
2014.7778 15079.7778 0.1336
2272.5556 15079.7778 0.1507
2544.7778 15079.7778 0.1688
2735.8889 15079.7778 0.1814
2757.1111 15079.7778 0.1828
2849.2222 15079.7778 0.1889
2982.1111 15079.7778 0.1978
3204.8889 15079.7778 0.2125
3271.1111 15079.7778 0.2169
3303.1111 15079.7778 0.219
3326 15079.7778 0.2206
3356.8889 15079.7778 0.2226
3638.8889 15079.7778 0.2413
3994.3333 15079.7778 0.2649
3973.5556 15079.7778 0.2635
3738 15079.7778 0.2479
3538.6667 15079.7778 0.2347
3315.3333 15079.7778 0.2199
2873.6667 15079.7778 0.1906
2392.6667 15079.7778 0.1587
1816.5556 15079.7778 0.1205
1648.1111 15079.7778 0.1093
1741.2222 15079.7778 0.1155
1783.7778 15079.7778 0.1183
2020.2222 15079.7778 0.134
2303.2222 15079.7778 0.1527
2623.4444 15079.7778 0.174
2960.7778 15079.7778 0.1963
3074.5556 15079.7778 0.2039
3042.5556 15079.7778 0.2018
3013.4444 15079.7778 0.1998
3003.1111 15079.7778 0.1991
3034.5556 15079.7778 0.2012
3188.5556 15079.7778 0.2114
3183.2222 15079.7778 0.2111
3305.7778 15079.7778 0.2192
3695.6667 15079.7778 0.2451
4391.7778 15079.7778 0.2912
4406.2222 15079.7778 0.2922
4271.4444 15079.7778 0.2833
3897.1111 15079.7778 0.2584
3534.8889 15079.7778 0.2344
3073.3333 15079.7778 0.2038
2377.7778 15079.7778 0.1577
1735.5556 15079.7778 0.1151
1471.5556 15079.7778 0.0976
1465.1111 15079.7778 0.0972
1482.6667 15079.7778 0.0983
1566.2222 15079.7778 0.1039
1725.8889 15079.7778 0.1145
1852.3333 15079.7778 0.1228
2045 15079.7778 0.1356
2282.3333 15079.7778 0.1514
2473.8889 15079.7778 0.1641
2532.6667 15079.7778 0.168
2680.6667 15079.7778 0.1778
2649.1111 15079.7778 0.1757
2749.4444 15079.7778 0.1823
2868.2222 15079.7778 0.1902
3137.6667 15079.7778 0.2081
3630.7778 15079.7778 0.2408
4393.4444 15079.7778 0.2913
4370.2222 15079.7778 0.2898
4075.5556 15079.7778 0.2703
3963 15079.7778 0.2628
3649.3333 15079.7778 0.242
2998.7778 15079.7778 0.1989
2158.7778 15079.7778 0.1432
1697.1111 15079.7778 0.1125
1576.1111 15079.7778 0.1045
1641 15079.7778 0.1088
1699 15079.7778 0.1127
1911.5556 15079.7778 0.1268
2172.8889 15079.7778 0.1441
2518.5556 15079.7778 0.167
2985.7778 15079.7778 0.198
3031.7778 15079.7778 0.201
2938.8889 15079.7778 0.1949
3031 15079.7778 0.201
2981.8889 15079.7778 0.1977
3017.8889 15079.7778 0.2001
3210 15079.7778 0.2129
3372.5556 15079.7778 0.2236
3547 15079.7778 0.2352
4111.6667 15079.7778 0.2727
4520.2222 15079.7778 0.2998
4632.4444 15079.7778 0.3072
4568 15079.7778 0.3029
4422.5556 15079.7778 0.2933
4118 15079.7778 0.2731
3164.2222 15079.7778 0.2098
2177 15079.7778 0.1444
1684.5556 15079.7778 0.1117
1544.6667 15079.7778 0.1024
1616.6667 15079.7778 0.1072
1874.6667 15079.7778 0.1243
2189 15079.7778 0.1452
2708.3333 15079.7778 0.1796
3317.3333 15079.7778 0.22
4057.8889 15079.7778 0.2691
4118.8889 15079.7778 0.2731
4105 15079.7778 0.2722
4181 15079.7778 0.2773
4010.5556 15079.7778 0.266
4046 15079.7778 0.2683
4174.6667 15079.7778 0.2768
4234.1111 15079.7778 0.2808
4475 15079.7778 0.2968
4973.7778 15079.7778 0.3298
5587.8889 15079.7778 0.3706
5563.6667 15079.7778 0.3689
5480.6667 15079.7778 0.3634
5103.8889 15079.7778 0.3385
4578.2222 15079.7778 0.3036
3648.2222 15079.7778 0.2419
2739.7778 15079.7778 0.1817
2018.5556 15079.7778 0.1339
1841.2222 15079.7778 0.1221
1813.8889 15079.7778 0.1203
1959.1111 15079.7778 0.1299
2263.6667 15079.7778 0.1501
2601.3333 15079.7778 0.1725
2980 15079.7778 0.1976
3370.2222 15079.7778 0.2235
3576.6667 15079.7778 0.2372
3609.4444 15079.7778 0.2394
3807.4444 15079.7778 0.2525
3824 15079.7778 0.2536
3792.4444 15079.7778 0.2515
3855.7778 15079.7778 0.2557
4010.3333 15079.7778 0.2659
4161.3333 15079.7778 0.276
4480.4444 15079.7778 0.2971
4875.5556 15079.7778 0.3233
4889.1111 15079.7778 0.3242
4774.1111 15079.7778 0.3166
4632.1111 15079.7778 0.3072
4201 15079.7778 0.2786
3398.7778 15079.7778 0.2254
2486.7778 15079.7778 0.1649
1839.5556 15079.7778 0.122
1721.1111 15079.7778 0.1141
1773.2222 15079.7778 0.1176
1763.4444 15079.7778 0.1169
1998 15079.7778 0.1325
2201 15079.7778 0.146
2428.3333 15079.7778 0.161
2794.7778 15079.7778 0.1853
2827.4444 15079.7778 0.1875
2928.4444 15079.7778 0.1942
3089 15079.7778 0.2048
2989.5556 15079.7778 0.1982
3123.6667 15079.7778 0.2071
3257.6667 15079.7778 0.216
3215.1111 15079.7778 0.2132
3561.8889 15079.7778 0.2362
3979.2222 15079.7778 0.2639
4361 15079.7778 0.2892
4273.1111 15079.7778 0.2834
4116 15079.7778 0.2729
4114 15079.7778 0.2728
3851.7778 15079.7778 0.2554
3089.1111 15079.7778 0.2049
2222.1111 15079.7778 0.1474
1761.7778 15079.7778 0.1168
1697.4444 15079.7778 0.1126
1740.2222 15079.7778 0.1154
1856.6667 15079.7778 0.1231
2050.3333 15079.7778 0.136
2296.6667 15079.7778 0.1523
2557.3333 15079.7778 0.1696
3159.3333 15079.7778 0.2095
3387.8889 15079.7778 0.2247
3433.4444 15079.7778 0.2277
3497.1111 15079.7778 0.2319
3557.2222 15079.7778 0.2359
3610.6667 15079.7778 0.2394
3604.7778 15079.7778 0.239
3758.8889 15079.7778 0.2493
3896.3333 15079.7778 0.2584
4167.3333 15079.7778 0.2764
4800.5556 15079.7778 0.3183
4919 15079.7778 0.3262
4655.2222 15079.7778 0.3087
4310.4444 15079.7778 0.2858
3941.8889 15079.7778 0.2614
3257.4444 15079.7778 0.216
2616.8889 15079.7778 0.1735
2168.8889 15079.7778 0.1438
1795 15079.7778 0.119
1757.7778 15079.7778 0.1166
1850.1111 15079.7778 0.1227
1971.4444 15079.7778 0.1307
2318.7778 15079.7778 0.1538
2751.2222 15079.7778 0.1824
3145.4444 15079.7778 0.2086
3455.6667 15079.7778 0.2292
3258.7778 15079.7778 0.2161
3255.7778 15079.7778 0.2159
3336.1111 15079.7778 0.2212
3402.3333 15079.7778 0.2256
3371 15079.7778 0.2235
3514.5556 15079.7778 0.2331
3882.6667 15079.7778 0.2575
4516.6667 15079.7778 0.2995
4916.3333 15079.7778 0.326
4851.1111 15079.7778 0.3217
4693.2222 15079.7778 0.3112
4409.2222 15079.7778 0.2924
3945.2222 15079.7778 0.2616
3096.3333 15079.7778 0.2053
2241.4444 15079.7778 0.1486
1760 15079.7778 0.1167
1550 15079.7778 0.1028
1525.2222 15079.7778 0.1011
1646.2222 15079.7778 0.1092
1872.5556 15079.7778 0.1242
2184.8889 15079.7778 0.1449
2507.1111 15079.7778 0.1663
2891.6667 15079.7778 0.1918
3129.2222 15079.7778 0.2075
3233.2222 15079.7778 0.2144
3357.6667 15079.7778 0.2227
3435.1111 15079.7778 0.2278
3533.1111 15079.7778 0.2343
3675.7778 15079.7778 0.2438
3759 15079.7778 0.2493
3913.4444 15079.7778 0.2595
4343.1111 15079.7778 0.288
5048.5556 15079.7778 0.3348
5194 15079.7778 0.3444
4886.2222 15079.7778 0.324
4593.6667 15079.7778 0.3046
3970.4444 15079.7778 0.2633
2889.1111 15079.7778 0.1916
2098 15079.7778 0.1391
1718.2222 15079.7778 0.1139
1549.4444 15079.7778 0.1027
1534.8889 15079.7778 0.1018
1583.8889 15079.7778 0.105
1711 15079.7778 0.1135
2010.3333 15079.7778 0.1333
2267.6667 15079.7778 0.1504
2441.3333 15079.7778 0.1619
2541.1111 15079.7778 0.1685
2673.1111 15079.7778 0.1773
2750.7778 15079.7778 0.1824
2830.5556 15079.7778 0.1877
2930.8889 15079.7778 0.1944
3054.5556 15079.7778 0.2026
3134.5556 15079.7778 0.2079
3229.8889 15079.7778 0.2142
3673.5556 15079.7778 0.2436
4133.3333 15079.7778 0.2741
4167.4444 15079.7778 0.2764
3928.5556 15079.7778 0.2605
3931.4444 15079.7778 0.2607
3787.3333 15079.7778 0.2512
3141.5556 15079.7778 0.2083
2446.7778 15079.7778 0.1623
2111.3333 15079.7778 0.14
1971.8889 15079.7778 0.1308
1940.7778 15079.7778 0.1287
2049.6667 15079.7778 0.1359
2258.3333 15079.7778 0.1498
2653.6667 15079.7778 0.176
3090 15079.7778 0.2049
3582.6667 15079.7778 0.2376
3673.7778 15079.7778 0.2436
3742.8889 15079.7778 0.2482
3833.1111 15079.7778 0.2542
3997.4444 15079.7778 0.2651
3981.7778 15079.7778 0.264
4089.6667 15079.7778 0.2712
3986.3333 15079.7778 0.2643
4103.8889 15079.7778 0.2721
4476.1111 15079.7778 0.2968
4831.6667 15079.7778 0.3204
4904.2222 15079.7778 0.3252
4803.1111 15079.7778 0.3185
4620.7778 15079.7778 0.3064
4292.3333 15079.7778 0.2846
3457.8889 15079.7778 0.2293
2550.8889 15079.7778 0.1692
1898.6667 15079.7778 0.1259
1712 15079.7778 0.1135
1699.2222 15079.7778 0.1127
1757.1111 15079.7778 0.1165
1951 15079.7778 0.1294
2177.1111 15079.7778 0.1444
2434.7778 15079.7778 0.1615
2715.3333 15079.7778 0.1801
2841.1111 15079.7778 0.1884
2946.6667 15079.7778 0.1954
2919.5556 15079.7778 0.1936
2909.2222 15079.7778 0.1929
2937.8889 15079.7778 0.1948
2936.7778 15079.7778 0.1947
2977.6667 15079.7778 0.1975
3167.5556 15079.7778 0.2101
3494.3333 15079.7778 0.2317
3762.2222 15079.7778 0.2495
3689.6667 15079.7778 0.2447
3649.7778 15079.7778 0.242
3433.6667 15079.7778 0.2277
3055.2222 15079.7778 0.2026
2558.5556 15079.7778 0.1697
2028.1111 15079.7778 0.1345
1802.7778 15079.7778 0.1195
1730.5556 15079.7778 0.1148
1723.8889 15079.7778 0.1143
1737.4444 15079.7778 0.1152
1768 15079.7778 0.1172
1922.8889 15079.7778 0.1275
2108.6667 15079.7778 0.1398
2246.6667 15079.7778 0.149
2411.7778 15079.7778 0.1599
2540 15079.7778 0.1684
2696.3333 15079.7778 0.1788
2849.6667 15079.7778 0.189
2971.1111 15079.7778 0.197
3210.3333 15079.7778 0.2129
3341.7778 15079.7778 0.2216
3430.6667 15079.7778 0.2275
3688.8889 15079.7778 0.2446
3966.8889 15079.7778 0.2631
3974.8889 15079.7778 0.2636
3859.7778 15079.7778 0.256
3707.2222 15079.7778 0.2458
3350.7778 15079.7778 0.2222
2918.5556 15079.7778 0.1935
2289.1111 15079.7778 0.1518
1814.6667 15079.7778 0.1203
1603.7778 15079.7778 0.1064
1607.3333 15079.7778 0.1066
1592.4444 15079.7778 0.1056
1632 15079.7778 0.1082
1709.4444 15079.7778 0.1134
1804.8889 15079.7778 0.1197
1942.4444 15079.7778 0.1288
2068.8889 15079.7778 0.1372
2271.2222 15079.7778 0.1506
2352 15079.7778 0.156
2634.4444 15079.7778 0.1747
2878.7778 15079.7778 0.1909
3066.6667 15079.7778 0.2034
3186.8889 15079.7778 0.2113
3318.2222 15079.7778 0.22
3472.7778 15079.7778 0.2303
3911.8889 15079.7778 0.2594
3883.7778 15079.7778 0.2575
3646.6667 15079.7778 0.2418
3308.7778 15079.7778 0.2194
2906.4444 15079.7778 0.1927
2450 15079.7778 0.1625
1971.7778 15079.7778 0.1308
1549.3333 15079.7778 0.1027
1458.5556 15079.7778 0.0967
1422.7778 15079.7778 0.0944
1404.3333 15079.7778 0.0931
1495.1111 15079.7778 0.0991
1571.1111 15079.7778 0.1042
1734.8889 15079.7778 0.115
1830.7778 15079.7778 0.1214
1946 15079.7778 0.129
2021.4444 15079.7778 0.1341
2092.1111 15079.7778 0.1387
2087.1111 15079.7778 0.1384
2157.6667 15079.7778 0.1431
2212.1111 15079.7778 0.1467
2283.5556 15079.7778 0.1514
2364.7778 15079.7778 0.1568
2474 15079.7778 0.1641
2823.2222 15079.7778 0.1872
2725.6667 15079.7778 0.1807
2363.4444 15079.7778 0.1567
2206.7778 15079.7778 0.1463
2052.5556 15079.7778 0.1361
1783.7778 15079.7778 0.1183
1368.4444 15079.7778 0.0907
1201.3333 15079.7778 0.0797
1116.7778 15079.7778 0.0741
1107 15079.7778 0.0734
1136 15079.7778 0.0753
1166.6667 15079.7778 0.0774
1200.3333 15079.7778 0.0796
1220.3333 15079.7778 0.0809
1267.1111 15079.7778 0.084
1306 15079.7778 0.0866
1344.3333 15079.7778 0.0891
1399.5556 15079.7778 0.0928
1469 15079.7778 0.0974
1437.6667 15079.7778 0.0953
1470 15079.7778 0.0975
1495.8889 15079.7778 0.0992
1471.6667 15079.7778 0.0976
1427.3333 15079.7778 0.0947
1462.7778 15079.7778 0.097
1474.8889 15079.7778 0.0978
1390.2222 15079.7778 0.0922
1348.8889 15079.7778 0.0895
1312.4444 15079.7778 0.087
1247 15079.7778 0.0827
1150.3333 15079.7778 0.0763
1088.7778 15079.7778 0.0722
1084.3333 15079.7778 0.0719
1084.2222 15079.7778 0.0719
1085.7778 15079.7778 0.072
1087.3333 15079.7778 0.0721
1089.6667 15079.7778 0.0723
1087 15079.7778 0.0721
1095.2222 15079.7778 0.0726
1142.1111 15079.7778 0.0757
1172.6667 15079.7778 0.0778
1237.8889 15079.7778 0.0821
1268.8889 15079.7778 0.0841
1326.7778 15079.7778 0.088
1450.7778 15079.7778 0.0962
1596 15079.7778 0.1058
1683 15079.7778 0.1116
1696.8889 15079.7778 0.1125
1794.5556 15079.7778 0.119
1782.3333 15079.7778 0.1182
1747.5556 15079.7778 0.1159
1636.1111 15079.7778 0.1085
1512 15079.7778 0.1003
1360.1111 15079.7778 0.0902
1181.5556 15079.7778 0.0784
1117.5556 15079.7778 0.0741
1104.7778 15079.7778 0.0733
1095.8889 15079.7778 0.0727
1124.2222 15079.7778 0.0746
1200.3333 15079.7778 0.0796
1265 15079.7778 0.0839
1304.1111 15079.7778 0.0865
1365.8889 15079.7778 0.0906
1395.5556 15079.7778 0.0925
1496 15079.7778 0.0992
1615.8889 15079.7778 0.1072
1755.2222 15079.7778 0.1164
1865.7778 15079.7778 0.1237
2006.4444 15079.7778 0.1331
2123.2222 15079.7778 0.1408
2174.2222 15079.7778 0.1442
2464.6667 15079.7778 0.1634
2708.8889 15079.7778 0.1796
2778.4444 15079.7778 0.1842
2667.3333 15079.7778 0.1769
2629.1111 15079.7778 0.1743
2412.7778 15079.7778 0.16
1822.4444 15079.7778 0.1209
1526.8889 15079.7778 0.1013
1407.6667 15079.7778 0.0933
1344.7778 15079.7778 0.0892
1378.1111 15079.7778 0.0914
1447.2222 15079.7778 0.096
1551.5556 15079.7778 0.1029
1709.5556 15079.7778 0.1134
1837.4444 15079.7778 0.1218
1970.2222 15079.7778 0.1307
2113.1111 15079.7778 0.1401
2159.6667 15079.7778 0.1432
2323.5556 15079.7778 0.1541
2362.5556 15079.7778 0.1567
2442.2222 15079.7778 0.162
2464.7778 15079.7778 0.1634
2535.8889 15079.7778 0.1682
2678 15079.7778 0.1776
3109.2222 15079.7778 0.2062
3552.2222 15079.7778 0.2356
3548.8889 15079.7778 0.2353
3501.5556 15079.7778 0.2322
3412.3333 15079.7778 0.2263
3082.8889 15079.7778 0.2044
2671.6667 15079.7778 0.1772
2201.1111 15079.7778 0.146
1784.8889 15079.7778 0.1184
1621.6667 15079.7778 0.1075
1580.4444 15079.7778 0.1048
1631.4444 15079.7778 0.1082
1769.2222 15079.7778 0.1173
1919.4444 15079.7778 0.1273
2125.8889 15079.7778 0.141
2386 15079.7778 0.1582
2488.5556 15079.7778 0.165
2563.3333 15079.7778 0.17
2777.1111 15079.7778 0.1842
2776.6667 15079.7778 0.1841
2977.3333 15079.7778 0.1974
2989.6667 15079.7778 0.1983
2928.5556 15079.7778 0.1942
3025.3333 15079.7778 0.2006
3341.5556 15079.7778 0.2216
3756.3333 15079.7778 0.2491
3584.8889 15079.7778 0.2377
3389.1111 15079.7778 0.2247
3395.2222 15079.7778 0.2252
3023.4444 15079.7778 0.2005
2530.7778 15079.7778 0.1678
2174.1111 15079.7778 0.1442
1969.6667 15079.7778 0.1306
1764.3333 15079.7778 0.117
1678.7778 15079.7778 0.1113
1647.1111 15079.7778 0.1092
1676.2222 15079.7778 0.1112
1749.3333 15079.7778 0.116
1876.8889 15079.7778 0.1245
2024.3333 15079.7778 0.1342
2115.2222 15079.7778 0.1403
2303.6667 15079.7778 0.1528
2554.1111 15079.7778 0.1694
2726.5556 15079.7778 0.1808
2859.5556 15079.7778 0.1896
2896.2222 15079.7778 0.1921
3001.2222 15079.7778 0.199
3058.5556 15079.7778 0.2028
3275.7778 15079.7778 0.2172
3750.5556 15079.7778 0.2487
3719.8889 15079.7778 0.2467
3523.6667 15079.7778 0.2337
3307.5556 15079.7778 0.2193
2999.7778 15079.7778 0.1989
2524.5556 15079.7778 0.1674
2129.4444 15079.7778 0.1412
1911.5556 15079.7778 0.1268
1830.4444 15079.7778 0.1214
1810.5556 15079.7778 0.1201
1727.8889 15079.7778 0.1146
1754.8889 15079.7778 0.1164
1809.1111 15079.7778 0.12
1825.5556 15079.7778 0.1211
1984 15079.7778 0.1316
2101.3333 15079.7778 0.1393
2142.4444 15079.7778 0.1421
2085 15079.7778 0.1383
2183.3333 15079.7778 0.1448
2270.4444 15079.7778 0.1506
2322 15079.7778 0.154
2388 15079.7778 0.1584
2367.1111 15079.7778 0.157
2553.6667 15079.7778 0.1693
2834.7778 15079.7778 0.188
2677 15079.7778 0.1775
2447.4444 15079.7778 0.1623
2289.3333 15079.7778 0.1518
2161.4444 15079.7778 0.1433
1972.1111 15079.7778 0.1308
1792.6667 15079.7778 0.1189