1820.8889 15079.7778 0.1208
1679.6667 15079.7778 0.1114
1630 15079.7778 0.1081
1757.1111 15079.7778 0.1165
2053 15079.7778 0.1361
2574.7778 15079.7778 0.1707
3157.1111 15079.7778 0.2094
3595.4444 15079.7778 0.2384
4066.4444 15079.7778 0.2697
4572.8889 15079.7778 0.3032
4963.3333 15079.7778 0.3291
5193.7778 15079.7778 0.3444
5432.2222 15079.7778 0.3602
5674 15079.7778 0.3763
5818.7778 15079.7778 0.3859
5833.4444 15079.7778 0.3868
5781.1111 15079.7778 0.3834
5608.7778 15079.7778 0.3719
5598 15079.7778 0.3712
5577.8889 15079.7778 0.3699
5123.4444 15079.7778 0.3398
4104.8889 15079.7778 0.2722
3182.1111 15079.7778 0.211
2130.8889 15079.7778 0.1413
1497 15079.7778 0.0993
1310.3333 15079.7778 0.0869
1341.6667 15079.7778 0.089
1454 15079.7778 0.0964
1792.7778 15079.7778 0.1189
2420.7778 15079.7778 0.1605
3013.6667 15079.7778 0.1998
3429.7778 15079.7778 0.2274
4067.5556 15079.7778 0.2697
4815.2222 15079.7778 0.3193
5220.2222 15079.7778 0.3462
5386.1111 15079.7778 0.3572
5469.5556 15079.7778 0.3627
5607 15079.7778 0.3718
5698.6667 15079.7778 0.3779
5768.8889 15079.7778 0.3826
5614.2222 15079.7778 0.3723
5318.8889 15079.7778 0.3527
5125.8889 15079.7778 0.3399
5285.7778 15079.7778 0.3505
4931.5556 15079.7778 0.327
4050.1111 15079.7778 0.2686
2932.2222 15079.7778 0.1944
2142.3333 15079.7778 0.1421
1607.1111 15079.7778 0.1066
1299.7778 15079.7778 0.0862
1242.4444 15079.7778 0.0824
1376.5556 15079.7778 0.0913
1532.5556 15079.7778 0.1016
1888 15079.7778 0.1252
2314.3333 15079.7778 0.1535
2886 15079.7778 0.1914
3638.3333 15079.7778 0.2413
4322.5556 15079.7778 0.2866
4813.5556 15079.7778 0.3192
5184.8889 15079.7778 0.3438
5290.3333 15079.7778 0.3508
5166.3333 15079.7778 0.3426
4985.5556 15079.7778 0.3306
5233 15079.7778 0.347
5263.6667 15079.7778 0.3491
4993 15079.7778 0.3311
4824.6667 15079.7778 0.3199
4666.7778 15079.7778 0.3095
4489.2222 15079.7778 0.2977
3598.8889 15079.7778 0.2387
2682.7778 15079.7778 0.1779
1771.8889 15079.7778 0.1175
1374.8889 15079.7778 0.0912
1225.6667 15079.7778 0.0813
1274.8889 15079.7778 0.0845
1383.4444 15079.7778 0.0917
1481 15079.7778 0.0982
1742.2222 15079.7778 0.1155
2097.5556 15079.7778 0.1391
2355.3333 15079.7778 0.1562
2689.5556 15079.7778 0.1784
3143.5556 15079.7778 0.2085
3561.6667 15079.7778 0.2362
3818.1111 15079.7778 0.2532
3995.1111 15079.7778 0.2649
3951.8889 15079.7778 0.2621
4000.1111 15079.7778 0.2653
4081.5556 15079.7778 0.2707
4184.1111 15079.7778 0.2775
4200 15079.7778 0.2785
4015.2222 15079.7778 0.2663
3848.4444 15079.7778 0.2552
3396.1111 15079.7778 0.2252
2600.6667 15079.7778 0.1725
2000.2222 15079.7778 0.1326
1588.7778 15079.7778 0.1054
1377.4444 15079.7778 0.0913
1298.5556 15079.7778 0.0861
1295.5556 15079.7778 0.0859
1304.4444 15079.7778 0.0865
1477.1111 15079.7778 0.098
1722.8889 15079.7778 0.1143
2024.8889 15079.7778 0.1343
2349.5556 15079.7778 0.1558
2700 15079.7778 0.179
2975.6667 15079.7778 0.1973
3122.2222 15079.7778 0.207
3067.7778 15079.7778 0.2034
3179.4444 15079.7778 0.2108
3320.2222 15079.7778 0.2202
3416.7778 15079.7778 0.2266
3455.3333 15079.7778 0.2291
3505 15079.7778 0.2324
3652.6667 15079.7778 0.2422
3664.8889 15079.7778 0.243
3601.1111 15079.7778 0.2388
3295 15079.7778 0.2185
2648.5556 15079.7778 0.1756
2023.1111 15079.7778 0.1342
1702.4444 15079.7778 0.1129
1458.6667 15079.7778 0.0967
1378.5556 15079.7778 0.0914
1366.8889 15079.7778 0.0906
1415.6667 15079.7778 0.0939
1531.5556 15079.7778 0.1016
1777.1111 15079.7778 0.1178
2163.7778 15079.7778 0.1435
2528.1111 15079.7778 0.1676
2780.3333 15079.7778 0.1844
2861.3333 15079.7778 0.1897
3070.6667 15079.7778 0.2036
3187 15079.7778 0.2113
3332.4444 15079.7778 0.221
3535.4444 15079.7778 0.2344
3658.2222 15079.7778 0.2426
3815.5556 15079.7778 0.253
3760.1111 15079.7778 0.2493
3771.8889 15079.7778 0.2501
3705 15079.7778 0.2457
3731.4444 15079.7778 0.2474
3451.5556 15079.7778 0.2289
2752.2222 15079.7778 0.1825
1996.8889 15079.7778 0.1324
1646.3333 15079.7778 0.1092
1497.2222 15079.7778 0.0993
1505.8889 15079.7778 0.0999
1433.8889 15079.7778 0.0951
1511 15079.7778 0.1002
1790.8889 15079.7778 0.1188
2195.2222 15079.7778 0.1456
2664.3333 15079.7778 0.1767
3081 15079.7778 0.2043
3396 15079.7778 0.2252
3683 15079.7778 0.2442
3928.5556 15079.7778 0.2605
4041 15079.7778 0.268
4179.6667 15079.7778 0.2772
4290.3333 15079.7778 0.2845
4220.4444 15079.7778 0.2799
4392.8889 15079.7778 0.2913
4546.4444 15079.7778 0.3015
4555.6667 15079.7778 0.3021
4487.8889 15079.7778 0.2976
4524 15079.7778 0.3
4363 15079.7778 0.2893
3566.1111 15079.7778 0.2365
2711.4444 15079.7778 0.1798
2034.4444 15079.7778 0.1349
1626.8889 15079.7778 0.1079
1495.7778 15079.7778 0.0992
1487.4444 15079.7778 0.0986
1716.2222 15079.7778 0.1138
2056.1111 15079.7778 0.1363
2464 15079.7778 0.1634
2859 15079.7778 0.1896
3152.4444 15079.7778 0.2091
3385.8889 15079.7778 0.2245
3750.3333 15079.7778 0.2487
4105.7778 15079.7778 0.2723
4325.6667 15079.7778 0.2869
4416.3333 15079.7778 0.2929
4394.2222 15079.7778 0.2914
4370.1111 15079.7778 0.2898
4272.4444 15079.7778 0.2833
4338.6667 15079.7778 0.2877
4241.3333 15079.7778 0.2813
4067.4444 15079.7778 0.2697
4370.3333 15079.7778 0.2898
4142.1111 15079.7778 0.2747
3323.4444 15079.7778 0.2204
2568.5556 15079.7778 0.1703
2026.2222 15079.7778 0.1344
1755.1111 15079.7778 0.1164
1599.2222 15079.7778 0.1061
1559.8889 15079.7778 0.1034
1596.6667 15079.7778 0.1059
1833.2222 15079.7778 0.1216
2098.8889 15079.7778 0.1392
2479.8889 15079.7778 0.1645
2784.2222 15079.7778 0.1846
2934.1111 15079.7778 0.1946
3181.6667 15079.7778 0.211
3467.5556 15079.7778 0.2299
3679.8889 15079.7778 0.244
3765.2222 15079.7778 0.2497
3831.5556 15079.7778 0.2541
3916.2222 15079.7778 0.2597
4025 15079.7778 0.2669
4048.3333 15079.7778 0.2685
4075.5556 15079.7778 0.2703
3929.6667 15079.7778 0.2606
3988.7778 15079.7778 0.2645
3640.5556 15079.7778 0.2414
2877.8889 15079.7778 0.1908
2275 15079.7778 0.1509
1852.8889 15079.7778 0.1229
1426.6667 15079.7778 0.0946
1313.1111 15079.7778 0.0871
1291.6667 15079.7778 0.0857
1309.1111 15079.7778 0.0868
1415.6667 15079.7778 0.0939
1691.6667 15079.7778 0.1122
2003.1111 15079.7778 0.1328
2403.2222 15079.7778 0.1594
2735.6667 15079.7778 0.1814
2997.7778 15079.7778 0.1988
3270.7778 15079.7778 0.2169
3628.2222 15079.7778 0.2406
3795 15079.7778 0.2517
3956.2222 15079.7778 0.2624
4017.5556 15079.7778 0.2664
4102.6667 15079.7778 0.2721
4041.2222 15079.7778 0.268
3860.2222 15079.7778 0.256
3868.7778 15079.7778 0.2566
4047.2222 15079.7778 0.2684
3755 15079.7778 0.249
2996.8889 15079.7778 0.1987
2265.3333 15079.7778 0.1502
1807.1111 15079.7778 0.1198
1380.3333 15079.7778 0.0915
1189.8889 15079.7778 0.0789
1215.7778 15079.7778 0.0806
1368.6667 15079.7778 0.0908
1533.5556 15079.7778 0.1017
2002.2222 15079.7778 0.1328
2425.1111 15079.7778 0.1608
2624.2222 15079.7778 0.174
2815.3333 15079.7778 0.1867
2967.5556 15079.7778 0.1968
3148.3333 15079.7778 0.2088
3207.6667 15079.7778 0.2127
3272.5556 15079.7778 0.217
3384.6667 15079.7778 0.2245
3546.4444 15079.7778 0.2352
3526.7778 15079.7778 0.2339
3612.1111 15079.7778 0.2395
3602.3333 15079.7778 0.2389
3575.1111 15079.7778 0.2371
3791.7778 15079.7778 0.2514
3260.3333 15079.7778 0.2162
2589.5556 15079.7778 0.1717
2002.6667 15079.7778 0.1328
1563.7778 15079.7778 0.1037
1418.2222 15079.7778 0.094
1311.3333 15079.7778 0.087
1316.7778 15079.7778 0.0873
1492 15079.7778 0.0989
1839.3333 15079.7778 0.122
2280.3333 15079.7778 0.1512
2562.2222 15079.7778 0.1699
2775 15079.7778 0.184
2956.6667 15079.7778 0.1961
3126.5556 15079.7778 0.2073
3188.1111 15079.7778 0.2114
3285.5556 15079.7778 0.2179
3427.4444 15079.7778 0.2273
3463.6667 15079.7778 0.2297
3636.7778 15079.7778 0.2412
3756 15079.7778 0.2491
3816.7778 15079.7778 0.2531
3718.3333 15079.7778 0.2466
3651.4444 15079.7778 0.2421
3752 15079.7778 0.2488
3530.6667 15079.7778 0.2341
2705.8889 15079.7778 0.1794
2013.4444 15079.7778 0.1335
1594.6667 15079.7778 0.1057
1445.1111 15079.7778 0.0958
1342.7778 15079.7778 0.089
1290.7778 15079.7778 0.0856
1545.2222 15079.7778 0.1025
1811.7778 15079.7778 0.1201
2126 15079.7778 0.141
2484 15079.7778 0.1647
2765.7778 15079.7778 0.1834
2946.1111 15079.7778 0.1954
3197.8889 15079.7778 0.2121
3478.7778 15079.7778 0.2307
3686.7778 15079.7778 0.2445
3902.6667 15079.7778 0.2588
4134.1111 15079.7778 0.2741
4150.3333 15079.7778 0.2752
4170.1111 15079.7778 0.2765
4225.8889 15079.7778 0.2802
4228.7778 15079.7778 0.2804
4190 15079.7778 0.2779
4311.3333 15079.7778 0.2859
3910 15079.7778 0.2593
3120.1111 15079.7778 0.2069
2277.1111 15079.7778 0.151
1631.2222 15079.7778 0.1082
1396.3333 15079.7778 0.0926
1327.3333 15079.7778 0.088
1354.2222 15079.7778 0.0898
1595 15079.7778 0.1058
2115.6667 15079.7778 0.1403
2766.1111 15079.7778 0.1834
3170.7778 15079.7778 0.2103
3490.2222 15079.7778 0.2315
3722.8889 15079.7778 0.2469
4046.6667 15079.7778 0.2684
4350.8889 15079.7778 0.2885
4457.6667 15079.7778 0.2956
4522.5556 15079.7778 0.2999
4465.4444 15079.7778 0.2961
4461.8889 15079.7778 0.2959
4388.8889 15079.7778 0.291
4353.4444 15079.7778 0.2887
4177.6667 15079.7778 0.277
4301.8889 15079.7778 0.2853
4372.7778 15079.7778 0.29
4083.6667 15079.7778 0.2708
3287.8889 15079.7778 0.218
2331.6667 15079.7778 0.1546
1830.5556 15079.7778 0.1214
1574.4444 15079.7778 0.1044
1517 15079.7778 0.1006
1517.6667 15079.7778 0.1006
1753.2222 15079.7778 0.1163
2127.5556 15079.7778 0.1411
2736.3333 15079.7778 0.1815
3179 15079.7778 0.2108
3324.4444 15079.7778 0.2205
3448.4444 15079.7778 0.2287
3678.6667 15079.7778 0.2439
3900.4444 15079.7778 0.2587
4063.6667 15079.7778 0.2695
4203.6667 15079.7778 0.2788
4184.1111 15079.7778 0.2775
4218.2222 15079.7778 0.2797
4443.3333 15079.7778 0.2947
4374.6667 15079.7778 0.2901
4199.7778 15079.7778 0.2785
4296.8889 15079.7778 0.2849
4408.8889 15079.7778 0.2924
3903.6667 15079.7778 0.2589
3310 15079.7778 0.2195
2615.5556 15079.7778 0.1734
1992.7778 15079.7778 0.1321
1790.2222 15079.7778 0.1187
1783.4444 15079.7778 0.1183
1837.3333 15079.7778 0.1218
2064.1111 15079.7778 0.1369
2296.5556 15079.7778 0.1523
2634.4444 15079.7778 0.1747
2937.5556 15079.7778 0.1948
3185.2222 15079.7778 0.2112
3589 15079.7778 0.238
3772.5556 15079.7778 0.2502
3945 15079.7778 0.2616
4059.7778 15079.7778 0.2692
4142.6667 15079.7778 0.2747
4074 15079.7778 0.2702
4183.3333 15079.7778 0.2774
4323.8889 15079.7778 0.2867
4476.3333 15079.7778 0.2968
4347.4444 15079.7778 0.2883
4263 15079.7778 0.2827
4252 15079.7778 0.282
3924.5556 15079.7778 0.2603
2950 15079.7778 0.1956
2139 15079.7778 0.1418
1574.6667 15079.7778 0.1044
1333.3333 15079.7778 0.0884
1346.3333 15079.7778 0.0893
1378.5556 15079.7778 0.0914
1583.3333 15079.7778 0.105
1851.1111 15079.7778 0.1228
2304.8889 15079.7778 0.1528
2696.6667 15079.7778 0.1788
2891.7778 15079.7778 0.1918
3031.7778 15079.7778 0.201
3407.3333 15079.7778 0.226
3678.7778 15079.7778 0.244
3688.7778 15079.7778 0.2446
3731.3333 15079.7778 0.2474
3836.7778 15079.7778 0.2544
3922.4444 15079.7778 0.2601
4112 15079.7778 0.2727
4221.3333 15079.7778 0.2799
4247.5556 15079.7778 0.2817
4238.6667 15079.7778 0.2811
4337.5556 15079.7778 0.2876
3875.1111 15079.7778 0.257
2949.4444 15079.7778 0.1956
2225.2222 15079.7778 0.1476
1500.6667 15079.7778 0.0995
1352.6667 15079.7778 0.0897
1352.3333 15079.7778 0.0897
1347.8889 15079.7778 0.0894
1468.4444 15079.7778 0.0974
1733.6667 15079.7778 0.115
2137.3333 15079.7778 0.1417
2634.7778 15079.7778 0.1747
2868.8889 15079.7778 0.1902
3032 15079.7778 0.2011
3163.1111 15079.7778 0.2098
3316.8889 15079.7778 0.22
3631.8889 15079.7778 0.2408
3829.3333 15079.7778 0.2539
4043.3333 15079.7778 0.2681
4178.7778 15079.7778 0.2771
4292.4444 15079.7778 0.2846
4385.2222 15079.7778 0.2908
4161.7778 15079.7778 0.276
4104.2222 15079.7778 0.2722
4186.1111 15079.7778 0.2776
3564.3333 15079.7778 0.2364
2857 15079.7778 0.1895
2122.2222 15079.7778 0.1407
1588.7778 15079.7778 0.1054
1315.5556 15079.7778 0.0872
1215.7778 15079.7778 0.0806
1198.1111 15079.7778 0.0795
1314.8889 15079.7778 0.0872
1585 15079.7778 0.1051
1926 15079.7778 0.1277
2358.7778 15079.7778 0.1564
2695.3333 15079.7778 0.1787
3019.8889 15079.7778 0.2003
3380.6667 15079.7778 0.2242
3604 15079.7778 0.239
3758.3333 15079.7778 0.2492
3897.8889 15079.7778 0.2585
3947.5556 15079.7778 0.2618
4181.1111 15079.7778 0.2773
4337.4444 15079.7778 0.2876
4369.6667 15079.7778 0.2898
4149.7778 15079.7778 0.2752
4288.3333 15079.7778 0.2844
4322.1111 15079.7778 0.2866
3951 15079.7778 0.262
3057.1111 15079.7778 0.2027
2069.7778 15079.7778 0.1373
1447.3333 15079.7778 0.096
1505.2222 15079.7778 0.0998
1489.8889 15079.7778 0.0988
1567 15079.7778 0.1039
1895.1111 15079.7778 0.1257
2407.4444 15079.7778 0.1596
3059.4444 15079.7778 0.2029
3600.2222 15079.7778 0.2387
3887.2222 15079.7778 0.2578
3977 15079.7778 0.2637
4222.8889 15079.7778 0.28
4322.5556 15079.7778 0.2866
4519.2222 15079.7778 0.2997
4615.6667 15079.7778 0.3061
4631.2222 15079.7778 0.3071
4584.5556 15079.7778 0.304
4697.4444 15079.7778 0.3115
4845.3333 15079.7778 0.3213
4753.3333 15079.7778 0.3152
4830.5556 15079.7778 0.3203
4868.2222 15079.7778 0.3228
4160.3333 15079.7778 0.2759
3180 15079.7778 0.2109
2203.6667 15079.7778 0.1461
1699.6667 15079.7778 0.1127
1299.7778 15079.7778 0.0862
1282.4444 15079.7778 0.085
1361.3333 15079.7778 0.0903
1569.8889 15079.7778 0.1041
2039.5556 15079.7778 0.1353
2521.8889 15079.7778 0.1672
3001.1111 15079.7778 0.199
3288.5556 15079.7778 0.2181
3669.4444 15079.7778 0.2433
3851.7778 15079.7778 0.2554
4087 15079.7778 0.271
4260.6667 15079.7778 0.2825
4440.6667 15079.7778 0.2945
4478.6667 15079.7778 0.297
4531.3333 15079.7778 0.3005
4723.5556 15079.7778 0.3132
4840.7778 15079.7778 0.321
4795 15079.7778 0.318
4610.2222 15079.7778 0.3057
4265.6667 15079.7778 0.2829
3561.3333 15079.7778 0.2362
2825.4444 15079.7778 0.1874
2067.6667 15079.7778 0.1371
1564.1111 15079.7778 0.1037
1351.6667 15079.7778 0.0896
1385.6667 15079.7778 0.0919
1454.6667 15079.7778 0.0965
1745.5556 15079.7778 0.1158
2152.4444 15079.7778 0.1427
2881 15079.7778 0.1911
3310.4444 15079.7778 0.2195
3578.2222 15079.7778 0.2373
3736.7778 15079.7778 0.2478
3919.3333 15079.7778 0.2599
4078.7778 15079.7778 0.2705
4219.4444 15079.7778 0.2798
4370.6667 15079.7778 0.2898
4490.3333 15079.7778 0.2978
4747.3333 15079.7778 0.3148
4885.5556 15079.7778 0.324
4998.7778 15079.7778 0.3315
4794.5556 15079.7778 0.3179
4836.5556 15079.7778 0.3207
4699.2222 15079.7778 0.3116
4269.7778 15079.7778 0.2831
3314.1111 15079.7778 0.2198
2386.8889 15079.7778 0.1583
1826.4444 15079.7778 0.1211
1464 15079.7778 0.0971
1420.8889 15079.7778 0.0942
1472.6667 15079.7778 0.0977
1742.7778 15079.7778 0.1156
1968 15079.7778 0.1305
2383.8889 15079.7778 0.1581
2998 15079.7778 0.1988
3396 15079.7778 0.2252
3648.1111 15079.7778 0.2419
3916.4444 15079.7778 0.2597
4140.1111 15079.7778 0.2745
4337.6667 15079.7778 0.2876
4413.4444 15079.7778 0.2927
4387.5556 15079.7778 0.291
4448.8889 15079.7778 0.295
4507.1111 15079.7778 0.2989
4500.5556 15079.7778 0.2984
4327 15079.7778 0.2869
4420.7778 15079.7778 0.2932
4356.4444 15079.7778 0.2889
3874.1111 15079.7778 0.2569
2997 15079.7778 0.1987
2070.8889 15079.7778 0.1373
1732.3333 15079.7778 0.1149
1433.3333 15079.7778 0.0951
1379.1111 15079.7778 0.0915
1417.2222 15079.7778 0.094
1508.8889 15079.7778 0.1001
1630.4444 15079.7778 0.1081
1896.8889 15079.7778 0.1258
2455.2222 15079.7778 0.1628
2833.7778 15079.7778 0.1879
3154.7778 15079.7778 0.2092
3473.5556 15079.7778 0.2303
3709.7778 15079.7778 0.246
3910.3333 15079.7778 0.2593
3899.4444 15079.7778 0.2586
3918.5556 15079.7778 0.2599
3895 15079.7778 0.2583
3949.5556 15079.7778 0.2619
3926.5556 15079.7778 0.2604
3749.3333 15079.7778 0.2486
3672.3333 15079.7778 0.2435
3668.3333 15079.7778 0.2433
3268.8889 15079.7778 0.2168
2637.3333 15079.7778 0.1749
2015.8889 15079.7778 0.1337
1613.3333 15079.7778 0.107
1391.8889 15079.7778 0.0923
1442.7778 15079.7778 0.0957
1502.3333 15079.7778 0.0996
1677.8889 15079.7778 0.1113
1936 15079.7778 0.1284
2260.8889 15079.7778 0.1499
2474.8889 15079.7778 0.1641
2613.2222 15079.7778 0.1733
2794.6667 15079.7778 0.1853
2926.5556 15079.7778 0.1941
3071.6667 15079.7778 0.2037
3074.7778 15079.7778 0.2039
3263.5556 15079.7778 0.2164
3282 15079.7778 0.2176
3338.5556 15079.7778 0.2214
3431.4444 15079.7778 0.2276
3379.8889 15079.7778 0.2241
3181.5556 15079.7778 0.211
3214.4444 15079.7778 0.2132
3135.8889 15079.7778 0.208
2942.1111 15079.7778 0.1951
2440.6667 15079.7778 0.1619
2052.1111 15079.7778 0.1361
1787.6667 15079.7778 0.1185
1520.8889 15079.7778 0.1009
1455.4444 15079.7778 0.0965
1453.4444 15079.7778 0.0964
1577 15079.7778 0.1046
1699.5556 15079.7778 0.1127
1911.4444 15079.7778 0.1268
2158.3333 15079.7778 0.1431
2318.2222 15079.7778 0.1537
2440.8889 15079.7778 0.1619
2685 15079.7778 0.1781
2937.7778 15079.7778 0.1948
2991.5556 15079.7778 0.1984
2961.8889 15079.7778 0.1964
2988.5556 15079.7778 0.1982
2995.8889 15079.7778 0.1987
2999.5556 15079.7778 0.1989
3054 15079.7778 0.2025
3023.4444 15079.7778 0.2005
3027.1111 15079.7778 0.2007
3088.1111 15079.7778 0.2048
2794.4444 15079.7778 0.1853
2312.4444 15079.7778 0.1533
1880.8889 15079.7778 0.1247
1517.6667 15079.7778 0.1006
1217.2222 15079.7778 0.0807
1171.4444 15079.7778 0.0777
1253.3333 15079.7778 0.0831
1376.2222 15079.7778 0.0913
1658.7778 15079.7778 0.11
2011.6667 15079.7778 0.1334
2510.6667 15079.7778 0.1665
2777.8889 15079.7778 0.1842
3024.7778 15079.7778 0.2006
3211.3333 15079.7778 0.213
3437.6667 15079.7778 0.228
3297.1111 15079.7778 0.2186
3314.3333 15079.7778 0.2198
3369.4444 15079.7778 0.2234
3501.7778 15079.7778 0.2322
3622.8889 15079.7778 0.2402
3693 15079.7778 0.2449
3505.8889 15079.7778 0.2325
3649 15079.7778 0.242
3471.8889 15079.7778 0.2302
3002.2222 15079.7778 0.1991
2559 15079.7778 0.1697
2083.5556 15079.7778 0.1382
1503.8889 15079.7778 0.0997
1307 15079.7778 0.0867
1292.7778 15079.7778 0.0857
1316.6667 15079.7778 0.0873
1620.3333 15079.7778 0.1075
1866.5556 15079.7778 0.1238
2229 15079.7778 0.1478
2701.1111 15079.7778 0.1791
2987.4444 15079.7778 0.1981
3175 15079.7778 0.2105
3252.3333 15079.7778 0.2157
3474.1111 15079.7778 0.2304
3458.4444 15079.7778 0.2293
3561.7778 15079.7778 0.2362
3486.1111 15079.7778 0.2312
3489.7778 15079.7778 0.2314
3569.8889 15079.7778 0.2367
3591.5556 15079.7778 0.2382
3509.3333 15079.7778 0.2327
3710.4444 15079.7778 0.2461
3815.4444 15079.7778 0.253
3177.8889 15079.7778 0.2107
2394.8889 15079.7778 0.1588
1872 15079.7778 0.1241
1442.5556 15079.7778 0.0957
1356.5556 15079.7778 0.09
1377.8889 15079.7778 0.0914
1361.7778 15079.7778 0.0903
1694.2222 15079.7778 0.1124
1974.4444 15079.7778 0.1309
2426 15079.7778 0.1609
2921.5556 15079.7778 0.1937
3137.1111 15079.7778 0.208
3227.1111 15079.7778 0.214
3281.1111 15079.7778 0.2176
3487.5556 15079.7778 0.2313
3346.4444 15079.7778 0.2219
3372.8889 15079.7778 0.2237
3210.3333 15079.7778 0.2129
3151.5556 15079.7778 0.209
3183.3333 15079.7778 0.2111
3021.3333 15079.7778 0.2004
2860.4444 15079.7778 0.1897
3155.3333 15079.7778 0.2092
3135.5556 15079.7778 0.2079
2825.7778 15079.7778 0.1874
2172.3333 15079.7778 0.1441
1706.5556 15079.7778 0.1132
1316.7778 15079.7778 0.0873
1177.1111 15079.7778 0.0781
1198.1111 15079.7778 0.0795
1202.3333 15079.7778 0.0797
1427.1111 15079.7778 0.0946
1594.4444 15079.7778 0.1057
1774.3333 15079.7778 0.1177
1945.3333 15079.7778 0.129
2107.6667 15079.7778 0.1398
2169.2222 15079.7778 0.1438
2336.4444 15079.7778 0.1549
2422.1111 15079.7778 0.1606
2458.7778 15079.7778 0.1631
2443.4444 15079.7778 0.162
2350.7778 15079.7778 0.1559
2331.6667 15079.7778 0.1546
2407.3333 15079.7778 0.1596
2305 15079.7778 0.1529
2328.3333 15079.7778 0.1544
2498.8889 15079.7778 0.1657
2484.6667 15079.7778 0.1648
2144.5556 15079.7778 0.1422
1863.2222 15079.7778 0.1236
1522.8889 15079.7778 0.101
1263 15079.7778 0.0838