9274.3333 12628.7778 0.7344
9160.5556 12628.7778 0.7254
9143.4444 12628.7778 0.724
9152.4444 12628.7778 0.7247
9209.6667 12628.7778 0.7293
9310.6667 12628.7778 0.7373
9406.8889 12628.7778 0.7449
9505.1111 12628.7778 0.7527
9593.2222 12628.7778 0.7596
9686.3333 12628.7778 0.767
9732.8889 12628.7778 0.7707
9735.8889 12628.7778 0.7709
9742.3333 12628.7778 0.7714
9754.2222 12628.7778 0.7724
9759.5556 12628.7778 0.7728
9765.4444 12628.7778 0.7733
9767.7778 12628.7778 0.7735
9767.8889 12628.7778 0.7735
9770 12628.7778 0.7736
9768.2222 12628.7778 0.7735
9780.2222 12628.7778 0.7744
9741 12628.7778 0.7713
9686.4444 12628.7778 0.767
9598.3333 12628.7778 0.76
9349.1111 12628.7778 0.7403
9198.1111 12628.7778 0.7283
9102.2222 12628.7778 0.7208
9014.8889 12628.7778 0.7138
9010.5556 12628.7778 0.7135
9174.2222 12628.7778 0.7265
9411.4444 12628.7778 0.7452
9619.7778 12628.7778 0.7617
9740.7778 12628.7778 0.7713
9752.8889 12628.7778 0.7723
9716.2222 12628.7778 0.7694
9732.8889 12628.7778 0.7707
9802.3333 12628.7778 0.7762
9827.3333 12628.7778 0.7782
9843.4444 12628.7778 0.7794
9841.8889 12628.7778 0.7793
9851 12628.7778 0.78
9861.4444 12628.7778 0.7809
9850.1111 12628.7778 0.78
9816.3333 12628.7778 0.7773
9785 12628.7778 0.7748
9685 12628.7778 0.7669
9639.5556 12628.7778 0.7633
9408.5556 12628.7778 0.745
9300.7778 12628.7778 0.7365
9268.6667 12628.7778 0.7339
9238.2222 12628.7778 0.7315
9214.4444 12628.7778 0.7296
9242.4444 12628.7778 0.7319
9342.8889 12628.7778 0.7398
9495.6667 12628.7778 0.7519
9603.1111 12628.7778 0.7604
9663.1111 12628.7778 0.7652
9659.3333 12628.7778 0.7649
9658.1111 12628.7778 0.7648
9661 12628.7778 0.765
9640.7778 12628.7778 0.7634
9619.8889 12628.7778 0.7617
9636.2222 12628.7778 0.763
9690.4444 12628.7778 0.7673
9712.2222 12628.7778 0.7691
9744.6667 12628.7778 0.7716
9793.3333 12628.7778 0.7755
9806 12628.7778 0.7765
9805.6667 12628.7778 0.7765
9797.5556 12628.7778 0.7758
9746.3333 12628.7778 0.7718
9606.7778 12628.7778 0.7607
9462.8889 12628.7778 0.7493
9412.1111 12628.7778 0.7453
9356.1111 12628.7778 0.7409
9322.2222 12628.7778 0.7382
9353.3333 12628.7778 0.7406
9424.3333 12628.7778 0.7463
9507.7778 12628.7778 0.7529
9595.7778 12628.7778 0.7598
9661.4444 12628.7778 0.765
9706.2222 12628.7778 0.7686
9735.4444 12628.7778 0.7709
9760.8889 12628.7778 0.7729
9757.2222 12628.7778 0.7726
9754.4444 12628.7778 0.7724
9757.4444 12628.7778 0.7726
9761.3333 12628.7778 0.7729
9765.4444 12628.7778 0.7733
9769.6667 12628.7778 0.7736
9776.6667 12628.7778 0.7742
9782.3333 12628.7778 0.7746
9782.1111 12628.7778 0.7746
9784.6667 12628.7778 0.7748
9780.5556 12628.7778 0.7745
9718.6667 12628.7778 0.7696
9621.1111 12628.7778 0.7618
9566.4444 12628.7778 0.7575
9542.3333 12628.7778 0.7556
9517 12628.7778 0.7536
9554.8889 12628.7778 0.7566
9665.1111 12628.7778 0.7653
9789.7778 12628.7778 0.7752
9837 12628.7778 0.7789
9837.1111 12628.7778 0.7789
9835.6667 12628.7778 0.7788
9840.5556 12628.7778 0.7792
9841.2222 12628.7778 0.7793
9853.8889 12628.7778 0.7803
9872.7778 12628.7778 0.7818
9877.2222 12628.7778 0.7821
9887.7778 12628.7778 0.783
9893.2222 12628.7778 0.7834
9898.7778 12628.7778 0.7838
9903.1111 12628.7778 0.7842
9901.7778 12628.7778 0.7841
9897.6667 12628.7778 0.7837
9898.3333 12628.7778 0.7838
9795.8889 12628.7778 0.7757
9714.6667 12628.7778 0.7692
9635.7778 12628.7778 0.763
9550.1111 12628.7778 0.7562
9522.2222 12628.7778 0.754
9471.3333 12628.7778 0.75
9488.5556 12628.7778 0.7513
9573.4444 12628.7778 0.7581
9737.7778 12628.7778 0.7711
9814 12628.7778 0.7771
9824.6667 12628.7778 0.778
9859.7778 12628.7778 0.7807
9812.8889 12628.7778 0.777
9816.8889 12628.7778 0.7773
9840.2222 12628.7778 0.7792
9858.2222 12628.7778 0.7806
9868.1111 12628.7778 0.7814
9870.6667 12628.7778 0.7816
9870.2222 12628.7778 0.7816
9881.5556 12628.7778 0.7825
9905.1111 12628.7778 0.7843
9904.7778 12628.7778 0.7843
9905.3333 12628.7778 0.7843
9872.6667 12628.7778 0.7818
9805.3333 12628.7778 0.7764
9738.2222 12628.7778 0.7711
9665.7778 12628.7778 0.7654
9599.2222 12628.7778 0.7601
9504.2222 12628.7778 0.7526
9442.1111 12628.7778 0.7477
9425 12628.7778 0.7463
9478.6667 12628.7778 0.7506
9601.8889 12628.7778 0.7603
9747.4444 12628.7778 0.7718
9827.1111 12628.7778 0.7782
9804.7778 12628.7778 0.7764
9823.8889 12628.7778 0.7779
9853.8889 12628.7778 0.7803
9832.4444 12628.7778 0.7786
9815.8889 12628.7778 0.7773
9861.8889 12628.7778 0.7809
9889.1111 12628.7778 0.7831
9909.7778 12628.7778 0.7847
9919.5556 12628.7778 0.7855
9928.3333 12628.7778 0.7862
9942.2222 12628.7778 0.7873
9936.5556 12628.7778 0.7868
9930.2222 12628.7778 0.7863
9905.4444 12628.7778 0.7844
9846.6667 12628.7778 0.7797
9742.4444 12628.7778 0.7714
9635.1111 12628.7778 0.7629
9533.6667 12628.7778 0.7549
9448.7778 12628.7778 0.7482
9493.8889 12628.7778 0.7518
9660.8889 12628.7778 0.765
9753 12628.7778 0.7723
9811 12628.7778 0.7769
9825.7778 12628.7778 0.778
9856.7778 12628.7778 0.7805
9859.3333 12628.7778 0.7807
9867.6667 12628.7778 0.7814
9872.5556 12628.7778 0.7818
9904.8889 12628.7778 0.7843
9905.5556 12628.7778 0.7844
9908.3333 12628.7778 0.7846
9918 12628.7778 0.7853
9942.4444 12628.7778 0.7873
9943.6667 12628.7778 0.7874
9942.4444 12628.7778 0.7873
9935.6667 12628.7778 0.7867
9895.3333 12628.7778 0.7836
9868.8889 12628.7778 0.7815
9752 12628.7778 0.7722
9625 12628.7778 0.7621
9535.5556 12628.7778 0.7551
9497.5556 12628.7778 0.7521
9469.7778 12628.7778 0.7499
9521.8889 12628.7778 0.754
9618.7778 12628.7778 0.7617
9723.5556 12628.7778 0.77
9822 12628.7778 0.7777
9850.1111 12628.7778 0.78
9865.1111 12628.7778 0.7812
9855.4444 12628.7778 0.7804
9853.8889 12628.7778 0.7803
9861.8889 12628.7778 0.7809
9855.7778 12628.7778 0.7804
9857.5556 12628.7778 0.7806
9867.3333 12628.7778 0.7813
9867.8889 12628.7778 0.7814
9874 12628.7778 0.7819
9895.1111 12628.7778 0.7835
9906.5556 12628.7778 0.7844
9901.7778 12628.7778 0.7841
9897 12628.7778 0.7837
9891.6667 12628.7778 0.7833
9794.6667 12628.7778 0.7756
9694.2222 12628.7778 0.7676
9606.7778 12628.7778 0.7607
9542.6667 12628.7778 0.7556
9500.6667 12628.7778 0.7523
9508.3333 12628.7778 0.7529
9533.6667 12628.7778 0.7549
9604.5556 12628.7778 0.7605
9754.1111 12628.7778 0.7724
9809 12628.7778 0.7767
9875.1111 12628.7778 0.782
9901.1111 12628.7778 0.784
9905.3333 12628.7778 0.7843
9903.1111 12628.7778 0.7842
9901.6667 12628.7778 0.7841
9932.1111 12628.7778 0.7865
9955.5556 12628.7778 0.7883
9963.8889 12628.7778 0.789
9966.4444 12628.7778 0.7892
9967.7778 12628.7778 0.7893
9964 12628.7778 0.789
9957.5556 12628.7778 0.7885
9879.2222 12628.7778 0.7823
9847 12628.7778 0.7797
9787.3333 12628.7778 0.775
9697.4444 12628.7778 0.7679
9600.4444 12628.7778 0.7602
9550.1111 12628.7778 0.7562
9539.2222 12628.7778 0.7554
9562.4444 12628.7778 0.7572
9566.4444 12628.7778 0.7575
9582.2222 12628.7778 0.7588
9633.5556 12628.7778 0.7628
9746.4444 12628.7778 0.7718
9832.7778 12628.7778 0.7786
9842.7778 12628.7778 0.7794
9863.6667 12628.7778 0.781
9871.2222 12628.7778 0.7816
9873.4444 12628.7778 0.7818
9884.5556 12628.7778 0.7827
9883.7778 12628.7778 0.7826
9891.5556 12628.7778 0.7833
9893.5556 12628.7778 0.7834
9893.1111 12628.7778 0.7834
9889.5556 12628.7778 0.7831
9904.5556 12628.7778 0.7843
9917.8889 12628.7778 0.7853
9923.1111 12628.7778 0.7858
9919.4444 12628.7778 0.7855
9887.7778 12628.7778 0.783
9819.6667 12628.7778 0.7776
9764.3333 12628.7778 0.7732
9708.7778 12628.7778 0.7688
9708.6667 12628.7778 0.7688
9765.8889 12628.7778 0.7733
9812.4444 12628.7778 0.777
9811.8889 12628.7778 0.7769
9874.7778 12628.7778 0.7819
9920 12628.7778 0.7855
9919.2222 12628.7778 0.7854
9925.8889 12628.7778 0.786
9903 12628.7778 0.7842
9893.2222 12628.7778 0.7834
9914.7778 12628.7778 0.7851
9921 12628.7778 0.7856
9912.2222 12628.7778 0.7849
9915.7778 12628.7778 0.7852
9915.4444 12628.7778 0.7851
9915.3333 12628.7778 0.7851
9907.6667 12628.7778 0.7845
9910.8889 12628.7778 0.7848
9914.7778 12628.7778 0.7851
9914.5556 12628.7778 0.7851
9914.7778 12628.7778 0.7851
9794.8889 12628.7778 0.7756
9636.1111 12628.7778 0.763
9594.1111 12628.7778 0.7597
9587.4444 12628.7778 0.7592
9541.4444 12628.7778 0.7555
9471.1111 12628.7778 0.75
9536.1111 12628.7778 0.7551
9606.1111 12628.7778 0.7607
9666.4444 12628.7778 0.7654
9679.6667 12628.7778 0.7665
9666.4444 12628.7778 0.7654
9649.7778 12628.7778 0.7641
9651.3333 12628.7778 0.7642
9666.8889 12628.7778 0.7655
9685 12628.7778 0.7669
9683.5556 12628.7778 0.7668
9693.7778 12628.7778 0.7676
9690.6667 12628.7778 0.7673
9687 12628.7778 0.7671
9685.3333 12628.7778 0.7669
9689 12628.7778 0.7672
9696.2222 12628.7778 0.7678
9695.4444 12628.7778 0.7677
9634.2222 12628.7778 0.7629
9561.6667 12628.7778 0.7571
9543.4444 12628.7778 0.7557
9536.8889 12628.7778 0.7552
9511.2222 12628.7778 0.7531
9496.1111 12628.7778 0.7519
9517.7778 12628.7778 0.7537
9595.6667 12628.7778 0.7598
9671.5556 12628.7778 0.7658
9676.3333 12628.7778 0.7662
8666.7778 12628.7778 0.6863
9692.3333 12628.7778 0.7675
9691.5556 12628.7778 0.7674
9628.8889 12628.7778 0.7625
9618.8889 12628.7778 0.7617
9612.6667 12628.7778 0.7612
9614.2222 12628.7778 0.7613
9643.8889 12628.7778 0.7636
9680.6667 12628.7778 0.7666
9678.2222 12628.7778 0.7664
9673.7778 12628.7778 0.766
9678.5556 12628.7778 0.7664
9713.3333 12628.7778 0.7691
9687.5556 12628.7778 0.7671
9634.5556 12628.7778 0.7629
9529.2222 12628.7778 0.7546
9387 12628.7778 0.7433
9318.6667 12628.7778 0.7379
9317.4444 12628.7778 0.7378
9434.2222 12628.7778 0.747
9509.6667 12628.7778 0.753
9555.2222 12628.7778 0.7566
9615.5556 12628.7778 0.7614
9666.1111 12628.7778 0.7654
9717.3333 12628.7778 0.7695
9736.1111 12628.7778 0.7709
9707.8889 12628.7778 0.7687
9700.7778 12628.7778 0.7681
9704.7778 12628.7778 0.7685
9714.4444 12628.7778 0.7692
9730.6667 12628.7778 0.7705
9757 12628.7778 0.7726
9762.8889 12628.7778 0.7731
9776.1111 12628.7778 0.7741
9773 12628.7778 0.7739
9773.6667 12628.7778 0.7739
9782.2222 12628.7778 0.7746
9757.6667 12628.7778 0.7727
9647.5556 12628.7778 0.7639
9548.5556 12628.7778 0.7561
9559.4444 12628.7778 0.757
9620.2222 12628.7778 0.7618
9641.5556 12628.7778 0.7635
9776.1111 12628.7778 0.7741
9852.1111 12628.7778 0.7801
9848.7778 12628.7778 0.7799
9843.5556 12628.7778 0.7795
9843.5556 12628.7778 0.7795
9841.3333 12628.7778 0.7793
9841.8889 12628.7778 0.7793
9847.7778 12628.7778 0.7798
9826.3333 12628.7778 0.7781
9845.1111 12628.7778 0.7796
9892 12628.7778 0.7833
9898.7778 12628.7778 0.7838
9902.1111 12628.7778 0.7841
9904 12628.7778 0.7842
9904.6667 12628.7778 0.7843
9914.7778 12628.7778 0.7851
9916.8889 12628.7778 0.7853
9933.7778 12628.7778 0.7866
9954.6667 12628.7778 0.7883
9932.5556 12628.7778 0.7865
9855.6667 12628.7778 0.7804
9809.7778 12628.7778 0.7768
9816.1111 12628.7778 0.7773
9847.3333 12628.7778 0.7798
9875.3333 12628.7778 0.782
9915.6667 12628.7778 0.7852
9979.8889 12628.7778 0.7902
9977.4444 12628.7778 0.7901
9985.2222 12628.7778 0.7907
9984.2222 12628.7778 0.7906
9984.7778 12628.7778 0.7906
9974.5556 12628.7778 0.7898
9967.2222 12628.7778 0.7892
9974.1111 12628.7778 0.7898
9986.4444 12628.7778 0.7908
9992.8889 12628.7778 0.7913
10002.6667 12628.7778 0.7921
10008.8889 12628.7778 0.7925
10006.7778 12628.7778 0.7924
10002.8889 12628.7778 0.7921
10014.5556 12628.7778 0.793
10021.3333 12628.7778 0.7935
10017.3333 12628.7778 0.7932
9994.3333 12628.7778 0.7914
9969.1111 12628.7778 0.7894
9928.6667 12628.7778 0.7862
9907.3333 12628.7778 0.7845
9885.2222 12628.7778 0.7828
9889.6667 12628.7778 0.7831
9948.8889 12628.7778 0.7878
9994.4444 12628.7778 0.7914
10027.1111 12628.7778 0.794
10060.2222 12628.7778 0.7966
10066.2222 12628.7778 0.7971
10062.7778 12628.7778 0.7968
10057.4444 12628.7778 0.7964
10051.6667 12628.7778 0.7959
10049 12628.7778 0.7957
10060.7778 12628.7778 0.7967
10063.3333 12628.7778 0.7969
10069.3333 12628.7778 0.7973
10071 12628.7778 0.7975
10070.5556 12628.7778 0.7974
10067.4444 12628.7778 0.7972
10066.7778 12628.7778 0.7971
10070.2222 12628.7778 0.7974
10074.6667 12628.7778 0.7978
10065.3333 12628.7778 0.797
10027.7778 12628.7778 0.794
10030.8889 12628.7778 0.7943
10054.4444 12628.7778 0.7962
10037 12628.7778 0.7948
10034.2222 12628.7778 0.7946
10050.5556 12628.7778 0.7958
10058.6667 12628.7778 0.7965
10069.6667 12628.7778 0.7974
10083.2222 12628.7778 0.7984
10099.7778 12628.7778 0.7997
10102.5556 12628.7778 0.8
10110.5556 12628.7778 0.8006
10116.8889 12628.7778 0.8011
10130.3333 12628.7778 0.8022
10128.7778 12628.7778 0.802
10132.8889 12628.7778 0.8024
10131.4444 12628.7778 0.8023
10134.7778 12628.7778 0.8025
10133.4444 12628.7778 0.8024
10132.4444 12628.7778 0.8023
10128.7778 12628.7778 0.802
10137.6667 12628.7778 0.8027
10157.5556 12628.7778 0.8043
10151.2222 12628.7778 0.8038
10163.1111 12628.7778 0.8048
10150.6667 12628.7778 0.8038
10115 12628.7778 0.8009
10081.3333 12628.7778 0.7983
10059.2222 12628.7778 0.7965
10092.5556 12628.7778 0.7992
10131.2222 12628.7778 0.8022
10171.8889 12628.7778 0.8055
10229.5556 12628.7778 0.81
10239.3333 12628.7778 0.8108
10232.4444 12628.7778 0.8102
10243.3333 12628.7778 0.8111
10250.1111 12628.7778 0.8116
10257.1111 12628.7778 0.8122
10280.1111 12628.7778 0.814
10278 12628.7778 0.8139
10308.6667 12628.7778 0.8163
10320.1111 12628.7778 0.8172
10322.8889 12628.7778 0.8174
10338.2222 12628.7778 0.8186
10335.6667 12628.7778 0.8184
10344.6667 12628.7778 0.8191
10348.6667 12628.7778 0.8195
10296.3333 12628.7778 0.8153
10237.8889 12628.7778 0.8107
10207.5556 12628.7778 0.8083
10176.7778 12628.7778 0.8058
10159.5556 12628.7778 0.8045
10224.3333 12628.7778 0.8096
10322.4444 12628.7778 0.8174
10374.4444 12628.7778 0.8215
10415.8889 12628.7778 0.8248
10410.8889 12628.7778 0.8244
10399.2222 12628.7778 0.8235
10419 12628.7778 0.825
10428.1111 12628.7778 0.8257
10433 12628.7778 0.8261
10429.6667 12628.7778 0.8259
10420.2222 12628.7778 0.8251
10411.7778 12628.7778 0.8244
10427.7778 12628.7778 0.8257
10432.8889 12628.7778 0.8261
10435.3333 12628.7778 0.8263
10435.7778 12628.7778 0.8263
10445.8889 12628.7778 0.8271
10461.4444 12628.7778 0.8284
10450.6667 12628.7778 0.8275
10409 12628.7778 0.8242
10330.6667 12628.7778 0.818
10273.1111 12628.7778 0.8135
10204.7778 12628.7778 0.8081
10214.3333 12628.7778 0.8088
10291.5556 12628.7778 0.8149
10392.6667 12628.7778 0.8229
10448.3333 12628.7778 0.8273
10504.6667 12628.7778 0.8318
10521.4444 12628.7778 0.8331
10524.1111 12628.7778 0.8333
10518.6667 12628.7778 0.8329
10524.4444 12628.7778 0.8334
10519.3333 12628.7778 0.833
10532.4444 12628.7778 0.834
10542.2222 12628.7778 0.8348
10543.1111 12628.7778 0.8348
10547.8889 12628.7778 0.8352
10550.8889 12628.7778 0.8355
10552.5556 12628.7778 0.8356
10556.3333 12628.7778 0.8359
10473.7778 12628.7778 0.8294
10452.1111 12628.7778 0.8276
10466.7778 12628.7778 0.8288
10460.3333 12628.7778 0.8283
10411.8889 12628.7778 0.8245
10401 12628.7778 0.8236
10406.1111 12628.7778 0.824
10388.3333 12628.7778 0.8226
10391.3333 12628.7778 0.8228
10398.4444 12628.7778 0.8234
10449.8889 12628.7778 0.8275
10482.4444 12628.7778 0.83
10486.1111 12628.7778 0.8303
10485 12628.7778 0.8302
10484.1111 12628.7778 0.8302
10470.7778 12628.7778 0.8291
10474.5556 12628.7778 0.8294
10482 12628.7778 0.83
10500.5556 12628.7778 0.8315
10515.4444 12628.7778 0.8327
10520.8889 12628.7778 0.8331
10527.8889 12628.7778 0.8336
10525.4444 12628.7778 0.8334
10519.2222 12628.7778 0.833
10516.8889 12628.7778 0.8328
10524.2222 12628.7778 0.8334
10522.8889 12628.7778 0.8332
10517.7778 12628.7778 0.8328
10486.8889 12628.7778 0.8304
10455.4444 12628.7778 0.8279
10447.2222 12628.7778 0.8273
10433.2222 12628.7778 0.8261
10446.6667 12628.7778 0.8272
10478.1111 12628.7778 0.8297
10501.6667 12628.7778 0.8316
10531.3333 12628.7778 0.8339
10549.1111 12628.7778 0.8353
10563.2222 12628.7778 0.8364
10562.1111 12628.7778 0.8364
10559.4444 12628.7778 0.8361
10578.1111 12628.7778 0.8376
10570.8889 12628.7778 0.837
10575.3333 12628.7778 0.8374
10597.7778 12628.7778 0.8392
10620.5556 12628.7778 0.841
10627.6667 12628.7778 0.8415
10640.1111 12628.7778 0.8425
10641.3333 12628.7778 0.8426
10647 12628.7778 0.8431
10653.5556 12628.7778 0.8436
10655.1111 12628.7778 0.8437
10629.4444 12628.7778 0.8417
10560.4444 12628.7778 0.8362
10525.3333 12628.7778 0.8334
10477.3333 12628.7778 0.8296
10456.1111 12628.7778 0.828
10493.8889 12628.7778 0.831
10513.3333 12628.7778 0.8325
10526.1111 12628.7778 0.8335
10576.1111 12628.7778 0.8375
10658.4444 12628.7778 0.844
10655.6667 12628.7778 0.8438
10650.1111 12628.7778 0.8433
10654.6667 12628.7778 0.8437
10659.4444 12628.7778 0.8441
10664 12628.7778 0.8444
10678.8889 12628.7778 0.8456
10699.3333 12628.7778 0.8472
10705.4444 12628.7778 0.8477
10708.7778 12628.7778 0.848
10707.6667 12628.7778 0.8479
10705.7778 12628.7778 0.8477
10704.5556 12628.7778 0.8476
10708.5556 12628.7778 0.8479
10693.5556 12628.7778 0.8468
10627.1111 12628.7778 0.8415
10583.6667 12628.7778 0.8381
10591.4444 12628.7778 0.8387
10546.2222 12628.7778 0.8351
10551.3333 12628.7778 0.8355
10560 12628.7778 0.8362
10597 12628.7778 0.8391
10627.7778 12628.7778 0.8416
10650.3333 12628.7778 0.8433
10641.6667 12628.7778 0.8427
10650.6667 12628.7778 0.8434
10666.5556 12628.7778 0.8446
10646.8889 12628.7778 0.8431
10643.1111 12628.7778 0.8428
10656.5556 12628.7778 0.8438
10655.1111 12628.7778 0.8437
10624.7778 12628.7778 0.8413
10533.7778 12628.7778 0.8341
10527 12628.7778 0.8336
10523.7778 12628.7778 0.8333
10519.4444 12628.7778 0.833
10519.3333 12628.7778 0.833
10477.4444 12628.7778 0.8296
10441.6667 12628.7778 0.8268
10384.6667 12628.7778 0.8223
10291 12628.7778 0.8149
10242.7778 12628.7778 0.8111
10179.5556 12628.7778 0.8061
10164.2222 12628.7778 0.8048
10260.6667 12628.7778 0.8125
10369 12628.7778 0.8211
10411.6667 12628.7778 0.8244
10459.1111 12628.7778 0.8282
10474.1111 12628.7778 0.8294
10464.3333 12628.7778 0.8286
10455.7778 12628.7778 0.8279
10447.2222 12628.7778 0.8273
10409.4444 12628.7778 0.8243
10404.1111 12628.7778 0.8238
10357.8889 12628.7778 0.8202
10373.5556 12628.7778 0.8214
10338.1111 12628.7778 0.8186
10319.5556 12628.7778 0.8171
10315.2222 12628.7778 0.8168
10303.1111 12628.7778 0.8158
10305.8889 12628.7778 0.8161
10320.6667 12628.7778 0.8172
10267.7778 12628.7778 0.813
10138.8889 12628.7778 0.8028
10043.6667 12628.7778 0.7953
9978.6667 12628.7778 0.7902
9970.8889 12628.7778 0.7895
9980 12628.7778 0.7903
10050 12628.7778 0.7958
10158.8889 12628.7778 0.8044
10295.6667 12628.7778 0.8153
10322.8889 12628.7778 0.8174
10330.4444 12628.7778 0.818
10321 12628.7778 0.8173
10335.6667 12628.7778 0.8184
10338.1111 12628.7778 0.8186
10336.4444 12628.7778 0.8185
10345 12628.7778 0.8192
10347.8889 12628.7778 0.8194
10363.7778 12628.7778 0.8206
10381.4444 12628.7778 0.822
10385.4444 12628.7778 0.8224
10381.5556 12628.7778 0.8221
10382 12628.7778 0.8221
10418.6667 12628.7778 0.825
10422.3333 12628.7778 0.8253
10338.6667 12628.7778 0.8187
10251 12628.7778 0.8117
10211 12628.7778 0.8086
10169.2222 12628.7778 0.8052
10169.2222 12628.7778 0.8052
10187 12628.7778 0.8066
10217.5556 12628.7778 0.8091
10350.1111 12628.7778 0.8196
10482.5556 12628.7778 0.8301
10490.2222 12628.7778 0.8307
10491.2222 12628.7778 0.8307
10493.2222 12628.7778 0.8309
10522.5556 12628.7778 0.8332
10498.5556 12628.7778 0.8313
10518.7778 12628.7778 0.8329
10532.3333 12628.7778 0.834
10548 12628.7778 0.8352
10552.5556 12628.7778 0.8356
10555 12628.7778 0.8358
10570.4444 12628.7778 0.837
10559 12628.7778 0.8361
10553.7778 12628.7778 0.8357
10561.5556 12628.7778 0.8363
10580.1111 12628.7778 0.8378
10570.2222 12628.7778 0.837
10507.8889 12628.7778 0.8321
10510.2222 12628.7778 0.8322
10452.2222 12628.7778 0.8277
10401.8889 12628.7778 0.8237
10418.5556 12628.7778 0.825
10477 12628.7778 0.8296
10594.8889 12628.7778 0.8389
10655.3333 12628.7778 0.8437
10633.4444 12628.7778 0.842
10632.8889 12628.7778 0.842
10657.5556 12628.7778 0.8439
10657.6667 12628.7778 0.8439
10638.4444 12628.7778 0.8424
10650.8889 12628.7778 0.8434
10676.2222 12628.7778 0.8454
10681.8889 12628.7778 0.8458
10685.1111 12628.7778 0.8461
10686.1111 12628.7778 0.8462
10687.6667 12628.7778 0.8463
10687.2222 12628.7778 0.8463
10698.3333 12628.7778 0.8471
10713.6667 12628.7778 0.8484
10716.8889 12628.7778 0.8486
10716.1111 12628.7778 0.8485