11107.4444 12628.7778 0.8795
11069.4444 12628.7778 0.8765
11041.3333 12628.7778 0.8743
10939.5556 12628.7778 0.8662
10892.8889 12628.7778 0.8625
10871.3333 12628.7778 0.8608
10871.3333 12628.7778 0.8608
10896.7778 12628.7778 0.8629
10903.6667 12628.7778 0.8634
10905.2222 12628.7778 0.8635
10928.3333 12628.7778 0.8654
10969.1111 12628.7778 0.8686
11002.2222 12628.7778 0.8712
11042.3333 12628.7778 0.8744
11076.2222 12628.7778 0.8771
11077.2222 12628.7778 0.8771
11113.5556 12628.7778 0.88
11152.5556 12628.7778 0.8831
11166.2222 12628.7778 0.8842
11168.2222 12628.7778 0.8843
11165.1111 12628.7778 0.8841
11160.4444 12628.7778 0.8837
11142.1111 12628.7778 0.8823
11128 12628.7778 0.8812
11116 12628.7778 0.8802
11042 12628.7778 0.8744
10983.8889 12628.7778 0.8698
10988.4444 12628.7778 0.8701
11018.2222 12628.7778 0.8725
11047.6667 12628.7778 0.8748
11051.3333 12628.7778 0.8751
11071.3333 12628.7778 0.8767
11104.3333 12628.7778 0.8793
11132.6667 12628.7778 0.8815
11157 12628.7778 0.8835
11160.8889 12628.7778 0.8838
11159.7778 12628.7778 0.8837
11154.6667 12628.7778 0.8833
11161.4444 12628.7778 0.8838
11169.8889 12628.7778 0.8845
11171.6667 12628.7778 0.8846
11166.7778 12628.7778 0.8842
11168.3333 12628.7778 0.8844
11173.6667 12628.7778 0.8848
11168 12628.7778 0.8843
11161.8889 12628.7778 0.8838
11167 12628.7778 0.8843
11159.6667 12628.7778 0.8837
11026.3333 12628.7778 0.8731
10988 12628.7778 0.8701
10954.7778 12628.7778 0.8674
10963.6667 12628.7778 0.8681
10975.8889 12628.7778 0.8691
10978.3333 12628.7778 0.8693
11010.2222 12628.7778 0.8718
11063.2222 12628.7778 0.876
11100.2222 12628.7778 0.879
11111.4444 12628.7778 0.8799
11112.8889 12628.7778 0.88
11114.6667 12628.7778 0.8801
11119.7778 12628.7778 0.8805
11119.8889 12628.7778 0.8805
11116.5556 12628.7778 0.8803
11126.8889 12628.7778 0.8811
11121 12628.7778 0.8806
11117.6667 12628.7778 0.8803
11117.2222 12628.7778 0.8803
11119.1111 12628.7778 0.8805
11116.6667 12628.7778 0.8803
11113.5556 12628.7778 0.88
11075 12628.7778 0.877
11021.1111 12628.7778 0.8727
11024.5556 12628.7778 0.873
11030 12628.7778 0.8734
11032.8889 12628.7778 0.8736
11017.6667 12628.7778 0.8724
10981 12628.7778 0.8695
10976 12628.7778 0.8691
11008.8889 12628.7778 0.8717
11036.4444 12628.7778 0.8739
11030.1111 12628.7778 0.8734
11028.8889 12628.7778 0.8733
11025 12628.7778 0.873
11041.7778 12628.7778 0.8743
11054.5556 12628.7778 0.8753
11038.5556 12628.7778 0.8741
11052 12628.7778 0.8751
11088.1111 12628.7778 0.878
11105 12628.7778 0.8793
11103.7778 12628.7778 0.8792
11110.1111 12628.7778 0.8797
11112.4444 12628.7778 0.8799
11098.7778 12628.7778 0.8788
10968.3333 12628.7778 0.8685
10824 12628.7778 0.8571
10831.3333 12628.7778 0.8577
10863.4444 12628.7778 0.8602
10863.2222 12628.7778 0.8602
10860.6667 12628.7778 0.86
10861.7778 12628.7778 0.8601
10868.7778 12628.7778 0.8606
10916 12628.7778 0.8644
10944.8889 12628.7778 0.8667
10946.4444 12628.7778 0.8668
10941.6667 12628.7778 0.8664
10949.7778 12628.7778 0.867
10955.8889 12628.7778 0.8675
11018.7778 12628.7778 0.8725
11050.6667 12628.7778 0.875
11082.2222 12628.7778 0.8775
11058.7778 12628.7778 0.8757
11068 12628.7778 0.8764
11083.6667 12628.7778 0.8777
11095.1111 12628.7778 0.8786
11100.3333 12628.7778 0.879
11096 12628.7778 0.8786
11091.6667 12628.7778 0.8783
11039.3333 12628.7778 0.8741
11003.5556 12628.7778 0.8713
11031.2222 12628.7778 0.8735
11053.7778 12628.7778 0.8753
11037.8889 12628.7778 0.874
11035.6667 12628.7778 0.8739
11013.5556 12628.7778 0.8721
10994.6667 12628.7778 0.8706
11011.7778 12628.7778 0.872
11055.7778 12628.7778 0.8754
11042.5556 12628.7778 0.8744
11042.3333 12628.7778 0.8744
11043.1111 12628.7778 0.8744
11040.1111 12628.7778 0.8742
11045.5556 12628.7778 0.8746
11048.2222 12628.7778 0.8748
11041.5556 12628.7778 0.8743
11026.7778 12628.7778 0.8731
11009.3333 12628.7778 0.8718
11009.5556 12628.7778 0.8718
11006.3333 12628.7778 0.8715
11030.8889 12628.7778 0.8735
11037.7778 12628.7778 0.874
11035 12628.7778 0.8738
11025.7778 12628.7778 0.8731
10952 12628.7778 0.8672
10939.8889 12628.7778 0.8663
10942.1111 12628.7778 0.8664
10954.7778 12628.7778 0.8674
10978.7778 12628.7778 0.8693
11001.1111 12628.7778 0.8711
11006.7778 12628.7778 0.8716
11004.7778 12628.7778 0.8714
11007.4444 12628.7778 0.8716
11006.1111 12628.7778 0.8715
11000.8889 12628.7778 0.8711
10996.7778 12628.7778 0.8708
11000.3333 12628.7778 0.8711
10997.3333 12628.7778 0.8708
11007 12628.7778 0.8716
11016.4444 12628.7778 0.8723
11009.6667 12628.7778 0.8718
10980.7778 12628.7778 0.8695
10934.3333 12628.7778 0.8658
10933.2222 12628.7778 0.8657
10933.1111 12628.7778 0.8657
10934.6667 12628.7778 0.8659
10933.8889 12628.7778 0.8658
10925.4444 12628.7778 0.8651
10893.5556 12628.7778 0.8626
10875.5556 12628.7778 0.8612
10878.4444 12628.7778 0.8614
10881.3333 12628.7778 0.8616
10878.1111 12628.7778 0.8614
10883.6667 12628.7778 0.8618
10885.5556 12628.7778 0.862
10890.3333 12628.7778 0.8623
10889.4444 12628.7778 0.8623
10889.8889 12628.7778 0.8623
10889.3333 12628.7778 0.8623
10885.7778 12628.7778 0.862
10888.1111 12628.7778 0.8622
10887 12628.7778 0.8621
10885.8889 12628.7778 0.862
10874.3333 12628.7778 0.8611
10872.3333 12628.7778 0.8609
10883.4444 12628.7778 0.8618
10886.2222 12628.7778 0.862
10888.2222 12628.7778 0.8622
10886.7778 12628.7778 0.8621
10889.3333 12628.7778 0.8623
10892.5556 12628.7778 0.8625
10868.8889 12628.7778 0.8606
10876.8889 12628.7778 0.8613
10880.7778 12628.7778 0.8616
10799.4444 12628.7778 0.8551
10783.7778 12628.7778 0.8539
10726.7778 12628.7778 0.8494
10716.8889 12628.7778 0.8486
10674 12628.7778 0.8452
10692.1111 12628.7778 0.8466
10736.4444 12628.7778 0.8502
10746.8889 12628.7778 0.851
10785.1111 12628.7778 0.854
10794.7778 12628.7778 0.8548
10796.5556 12628.7778 0.8549
10795.8889 12628.7778 0.8549
10795.6667 12628.7778 0.8548
10800.4444 12628.7778 0.8552
10787.1111 12628.7778 0.8542
10793.1111 12628.7778 0.8546
10805.2222 12628.7778 0.8556
10815.3333 12628.7778 0.8564
10813 12628.7778 0.8562
10813.1111 12628.7778 0.8562
10806.8889 12628.7778 0.8557
10805.4444 12628.7778 0.8556
10803 12628.7778 0.8554
10799.7778 12628.7778 0.8552
10789.2222 12628.7778 0.8543
10727.2222 12628.7778 0.8494
10686.6667 12628.7778 0.8462
10686.2222 12628.7778 0.8462
10688 12628.7778 0.8463
10691.7778 12628.7778 0.8466
10751.5556 12628.7778 0.8514
10792.7778 12628.7778 0.8546
10816.6667 12628.7778 0.8565
10815.2222 12628.7778 0.8564
10811.5556 12628.7778 0.8561
10816.7778 12628.7778 0.8565
10812.6667 12628.7778 0.8562
10789.1111 12628.7778 0.8543
10762.7778 12628.7778 0.8522
10720.3333 12628.7778 0.8489
10718.5556 12628.7778 0.8487
10717.3333 12628.7778 0.8486
10717.7778 12628.7778 0.8487
10720.6667 12628.7778 0.8489
10714.1111 12628.7778 0.8484
10707.3333 12628.7778 0.8479
10708.4444 12628.7778 0.8479
10708.8889 12628.7778 0.848
10668.4444 12628.7778 0.8448
10599.6667 12628.7778 0.8393
10517.7778 12628.7778 0.8328
10511.6667 12628.7778 0.8324
10510 12628.7778 0.8322
10544.2222 12628.7778 0.8349
10551.6667 12628.7778 0.8355
10528.8889 12628.7778 0.8337
10518 12628.7778 0.8329
10519.1111 12628.7778 0.8329
10541.2222 12628.7778 0.8347
10563.2222 12628.7778 0.8364
10568.5556 12628.7778 0.8369
10545.1111 12628.7778 0.835
10552 12628.7778 0.8356
10572.8889 12628.7778 0.8372
10583.2222 12628.7778 0.838
10607.2222 12628.7778 0.8399
10622.4444 12628.7778 0.8411
10625.2222 12628.7778 0.8413
10622.5556 12628.7778 0.8411
10622.1111 12628.7778 0.8411
10618.8889 12628.7778 0.8408
10623.3333 12628.7778 0.8412
10625.3333 12628.7778 0.8414
10627 12628.7778 0.8415
10576.2222 12628.7778 0.8375
10568 12628.7778 0.8368
10567.3333 12628.7778 0.8368
10565.6667 12628.7778 0.8366
10562.7778 12628.7778 0.8364
10561.1111 12628.7778 0.8363
10559.6667 12628.7778 0.8362
10560.2222 12628.7778 0.8362
10558.5556 12628.7778 0.8361
10560.6667 12628.7778 0.8362
10568.3333 12628.7778 0.8368
10570.2222 12628.7778 0.837
10570.6667 12628.7778 0.837
10575.5556 12628.7778 0.8374
10573 12628.7778 0.8372
10592.3333 12628.7778 0.8387
10602.3333 12628.7778 0.8395
10604.6667 12628.7778 0.8397
10600.6667 12628.7778 0.8394
10600.8889 12628.7778 0.8394
10599.7778 12628.7778 0.8393
10606.7778 12628.7778 0.8399
10612.7778 12628.7778 0.8404
10609.8889 12628.7778 0.8401
10610.1111 12628.7778 0.8402
10585.2222 12628.7778 0.8382
10570.8889 12628.7778 0.837
10572 12628.7778 0.8371
10604.3333 12628.7778 0.8397
10682.5556 12628.7778 0.8459
10682.1111 12628.7778 0.8459
10678.6667 12628.7778 0.8456
10676.7778 12628.7778 0.8454
10684.3333 12628.7778 0.846
10695.2222 12628.7778 0.8469
10695.5556 12628.7778 0.8469
10668.8889 12628.7778 0.8448
10689.8889 12628.7778 0.8465
10700.1111 12628.7778 0.8473
10697.8889 12628.7778 0.8471
10705.7778 12628.7778 0.8477
10730.5556 12628.7778 0.8497
10730 12628.7778 0.8496
10681.8889 12628.7778 0.8458
10644 12628.7778 0.8428
10649.2222 12628.7778 0.8433
10648.4444 12628.7778 0.8432
10621 12628.7778 0.841
10602 12628.7778 0.8395
10604 12628.7778 0.8397
10608.7778 12628.7778 0.84
10606.2222 12628.7778 0.8398
10647.3333 12628.7778 0.8431
10670.4444 12628.7778 0.8449
10641.6667 12628.7778 0.8427
10638 12628.7778 0.8424
10642.5556 12628.7778 0.8427
10651.1111 12628.7778 0.8434
10688.7778 12628.7778 0.8464
10680.7778 12628.7778 0.8457
10668 12628.7778 0.8447
10699.2222 12628.7778 0.8472
10700.7778 12628.7778 0.8473
10703.4444 12628.7778 0.8475
10707.1111 12628.7778 0.8478
10710.5556 12628.7778 0.8481
10707 12628.7778 0.8478
10639 12628.7778 0.8424
10623 12628.7778 0.8412
10627.4444 12628.7778 0.8415
10627.2222 12628.7778 0.8415
10630.8889 12628.7778 0.8418
10597.8889 12628.7778 0.8392
10575.8889 12628.7778 0.8374
10581.8889 12628.7778 0.8379
10594 12628.7778 0.8389
10566.7778 12628.7778 0.8367
10539.2222 12628.7778 0.8345
10539.2222 12628.7778 0.8345
10532.1111 12628.7778 0.834
10540 12628.7778 0.8346
10554.4444 12628.7778 0.8357
10628 12628.7778 0.8416
10645.5556 12628.7778 0.843
10640.8889 12628.7778 0.8426
10654.6667 12628.7778 0.8437
10663.3333 12628.7778 0.8444
10649 12628.7778 0.8432
10628.7778 12628.7778 0.8416
10620.8889 12628.7778 0.841
10607.3333 12628.7778 0.8399
10577.5556 12628.7778 0.8376
10484.8889 12628.7778 0.8302
10490.1111 12628.7778 0.8307
10501.2222 12628.7778 0.8315
10510.4444 12628.7778 0.8323
10512 12628.7778 0.8324
10510.8889 12628.7778 0.8323
10504.8889 12628.7778 0.8318
10511.5556 12628.7778 0.8323
10512.5556 12628.7778 0.8324
10513.4444 12628.7778 0.8325
10510 12628.7778 0.8322
10510.3333 12628.7778 0.8323
10514 12628.7778 0.8325
10519.5556 12628.7778 0.833
10518.2222 12628.7778 0.8329
10522.3333 12628.7778 0.8332
10501.1111 12628.7778 0.8315
10468.4444 12628.7778 0.8289
10462.1111 12628.7778 0.8284
10488.2222 12628.7778 0.8305
10508.6667 12628.7778 0.8321
10508.3333 12628.7778 0.8321
10504.2222 12628.7778 0.8318
10508 12628.7778 0.8321
10507.8889 12628.7778 0.8321
10509.1111 12628.7778 0.8322
10513 12628.7778 0.8325
10514.1111 12628.7778 0.8326
10510.3333 12628.7778 0.8323
10513.5556 12628.7778 0.8325
10517.3333 12628.7778 0.8328
10518.4444 12628.7778 0.8329
10518.6667 12628.7778 0.8329
10517.5556 12628.7778 0.8328
10517.4444 12628.7778 0.8328
10520.2222 12628.7778 0.833
10527.6667 12628.7778 0.8336
10539.1111 12628.7778 0.8345
10540.6667 12628.7778 0.8347
10538.7778 12628.7778 0.8345
10540.2222 12628.7778 0.8346
10540.2222 12628.7778 0.8346
10539.4444 12628.7778 0.8346
10539.6667 12628.7778 0.8346
10554.1111 12628.7778 0.8357
10559.7778 12628.7778 0.8362
10556.3333 12628.7778 0.8359
10554.6667 12628.7778 0.8358
10549.8889 12628.7778 0.8354
10558.5556 12628.7778 0.8361
10538.4444 12628.7778 0.8345
10522.7778 12628.7778 0.8332
10494.4444 12628.7778 0.831
10395.8889 12628.7778 0.8232
10405.3333 12628.7778 0.8239
10406.1111 12628.7778 0.824
10413.3333 12628.7778 0.8246
10440.7778 12628.7778 0.8267
10420.5556 12628.7778 0.8251
10462.7778 12628.7778 0.8285
10469 12628.7778 0.829
10469.5556 12628.7778 0.829
10467.3333 12628.7778 0.8288
10452.5556 12628.7778 0.8277
10442.8889 12628.7778 0.8269
10458.4444 12628.7778 0.8281
10475.7778 12628.7778 0.8295
10510.4444 12628.7778 0.8323
10525.2222 12628.7778 0.8334
10527.3333 12628.7778 0.8336
10522.2222 12628.7778 0.8332
10519.6667 12628.7778 0.833
10514.7778 12628.7778 0.8326
10521.7778 12628.7778 0.8332
10516 12628.7778 0.8327
10522.3333 12628.7778 0.8332
10529.1111 12628.7778 0.8337
10529.2222 12628.7778 0.8337
10534.3333 12628.7778 0.8342
10540 12628.7778 0.8346
10542.6667 12628.7778 0.8348
10545 12628.7778 0.835
10543.4444 12628.7778 0.8349
10552.3333 12628.7778 0.8356
10552.2222 12628.7778 0.8356
10551.7778 12628.7778 0.8355
10547.2222 12628.7778 0.8352
10560.1111 12628.7778 0.8362
10577.1111 12628.7778 0.8375
10594 12628.7778 0.8389
10599.7778 12628.7778 0.8393
10622.7778 12628.7778 0.8412
10636.6667 12628.7778 0.8423
10639.5556 12628.7778 0.8425
10635.5556 12628.7778 0.8422
10630.8889 12628.7778 0.8418
10630.4444 12628.7778 0.8418
10627.7778 12628.7778 0.8416
10544.8889 12628.7778 0.835
10507.1111 12628.7778 0.832
10507.5556 12628.7778 0.832
10486 12628.7778 0.8303
10488 12628.7778 0.8305
10468.6667 12628.7778 0.829
10483.1111 12628.7778 0.8301
10506 12628.7778 0.8319
10541.1111 12628.7778 0.8347
10562.7778 12628.7778 0.8364
10567.6667 12628.7778 0.8368
10565.8889 12628.7778 0.8367
10568.8889 12628.7778 0.8369
10554.4444 12628.7778 0.8357
10560 12628.7778 0.8362
10564.1111 12628.7778 0.8365
10569 12628.7778 0.8369
10572.2222 12628.7778 0.8372
10577.4444 12628.7778 0.8376
10585.5556 12628.7778 0.8382
10589 12628.7778 0.8385
10588.3333 12628.7778 0.8384
10588.3333 12628.7778 0.8384
10592.5556 12628.7778 0.8388
10593.5556 12628.7778 0.8388
10596.3333 12628.7778 0.8391
10595.7778 12628.7778 0.839
10592 12628.7778 0.8387
10596.3333 12628.7778 0.8391
10597.7778 12628.7778 0.8392
10599.4444 12628.7778 0.8393
10603.4444 12628.7778 0.8396
10600.7778 12628.7778 0.8394
10597.7778 12628.7778 0.8392
10601.4444 12628.7778 0.8395
10601.3333 12628.7778 0.8395
10605.4444 12628.7778 0.8398
10590.8889 12628.7778 0.8386
10608.4444 12628.7778 0.84
10612.2222 12628.7778 0.8403
10619.8889 12628.7778 0.8409
10618.5556 12628.7778 0.8408
10618.8889 12628.7778 0.8408
10622.6667 12628.7778 0.8411
10620.4444 12628.7778 0.841
10616.4444 12628.7778 0.8407
10614.5556 12628.7778 0.8405
10616.6667 12628.7778 0.8407
10627.7778 12628.7778 0.8416
10642.2222 12628.7778 0.8427
10645.6667 12628.7778 0.843
10654 12628.7778 0.8436
10655.8889 12628.7778 0.8438
10659.4444 12628.7778 0.8441
10664.1111 12628.7778 0.8444
10667.2222 12628.7778 0.8447
10662.7778 12628.7778 0.8443
10663.6667 12628.7778 0.8444
10662.1111 12628.7778 0.8443
10660.2222 12628.7778 0.8441
10663.3333 12628.7778 0.8444
10670.4444 12628.7778 0.8449
10673.4444 12628.7778 0.8452
10675.2222 12628.7778 0.8453
10677.2222 12628.7778 0.8455
10638.3333 12628.7778 0.8424
10599.2222 12628.7778 0.8393
10602.8889 12628.7778 0.8396
10597 12628.7778 0.8391
10582.1111 12628.7778 0.8379
10543.6667 12628.7778 0.8349
10505.7778 12628.7778 0.8319
10501.3333 12628.7778 0.8315
10503.6667 12628.7778 0.8317
10500.6667 12628.7778 0.8315
10519.1111 12628.7778 0.8329
10524 12628.7778 0.8333
10557.6667 12628.7778 0.836
10617.8889 12628.7778 0.8408
10630.8889 12628.7778 0.8418
10630.5556 12628.7778 0.8418
10619.7778 12628.7778 0.8409
10607.6667 12628.7778 0.84
10610.4444 12628.7778 0.8402
10608.5556 12628.7778 0.84
10607.6667 12628.7778 0.84
10603.8889 12628.7778 0.8397
10610.7778 12628.7778 0.8402
10621 12628.7778 0.841
10628.3333 12628.7778 0.8416
10632.2222 12628.7778 0.8419
10634.4444 12628.7778 0.8421
10628 12628.7778 0.8416
10625.3333 12628.7778 0.8414
10624.7778 12628.7778 0.8413
10583 12628.7778 0.838
10529.6667 12628.7778 0.8338
10530.8889 12628.7778 0.8339
10536 12628.7778 0.8343
10515.5556 12628.7778 0.8327
10512 12628.7778 0.8324
10512.3333 12628.7778 0.8324
10542.4444 12628.7778 0.8348
10549.6667 12628.7778 0.8354
10548.4444 12628.7778 0.8353
10548.7778 12628.7778 0.8353
10546.2222 12628.7778 0.8351
10548 12628.7778 0.8352
10547.8889 12628.7778 0.8352
10541.1111 12628.7778 0.8347
10542.1111 12628.7778 0.8348
10541.5556 12628.7778 0.8347
10543 12628.7778 0.8348
10542.3333 12628.7778 0.8348
10544.6667 12628.7778 0.835
10545.6667 12628.7778 0.8351
10544.4444 12628.7778 0.835
10541.8889 12628.7778 0.8348
10542.7778 12628.7778 0.8348
10546.4444 12628.7778 0.8351
10549.1111 12628.7778 0.8353
10542.2222 12628.7778 0.8348
10542.4444 12628.7778 0.8348
10569.8889 12628.7778 0.837
10592 12628.7778 0.8387
10600.4444 12628.7778 0.8394
10597.6667 12628.7778 0.8392
10598.7778 12628.7778 0.8393
10603 12628.7778 0.8396
10619.6667 12628.7778 0.8409
10618.6667 12628.7778 0.8408
10623.5556 12628.7778 0.8412
10620.6667 12628.7778 0.841
10607.1111 12628.7778 0.8399
10623.7778 12628.7778 0.8412
10620.4444 12628.7778 0.841
10640.5556 12628.7778 0.8426
10580.7778 12628.7778 0.8378
10554.4444 12628.7778 0.8357
10576.5556 12628.7778 0.8375
10575.6667 12628.7778 0.8374
10579.3333 12628.7778 0.8377
10582.3333 12628.7778 0.838
10592.6667 12628.7778 0.8388
10552.6667 12628.7778 0.8356
10524.8889 12628.7778 0.8334
10511.8889 12628.7778 0.8324
10523.6667 12628.7778 0.8333
10569.1111 12628.7778 0.8369
10609.3333 12628.7778 0.8401
10672.3333 12628.7778 0.8451
10693.7778 12628.7778 0.8468
10718.4444 12628.7778 0.8487
10746.2222 12628.7778 0.8509
10762.1111 12628.7778 0.8522
10779.4444 12628.7778 0.8536
10793.1111 12628.7778 0.8546
10809.4444 12628.7778 0.8559
10831.7778 12628.7778 0.8577
10839.3333 12628.7778 0.8583
10838.5556 12628.7778 0.8582
10836.4444 12628.7778 0.8581
10841.1111 12628.7778 0.8584
10841.6667 12628.7778 0.8585
10840.6667 12628.7778 0.8584
10828.7778 12628.7778 0.8575
10828.5556 12628.7778 0.8575
10846.2222 12628.7778 0.8588
10836.7778 12628.7778 0.8581
10820.6667 12628.7778 0.8568
10819.2222 12628.7778 0.8567
10816.6667 12628.7778 0.8565
10828.3333 12628.7778 0.8574
10828.4444 12628.7778 0.8574
10838.2222 12628.7778 0.8582
10865 12628.7778 0.8603
10863.3333 12628.7778 0.8602
10861.6667 12628.7778 0.8601
10858.6667 12628.7778 0.8598
10861.1111 12628.7778 0.86
10860.4444 12628.7778 0.86
10843.4444 12628.7778 0.8586
10852.7778 12628.7778 0.8594
10851.4444 12628.7778 0.8593
10860.6667 12628.7778 0.86
10865.5556 12628.7778 0.8604
10868.4444 12628.7778 0.8606
10875.2222 12628.7778 0.8611
10871.8889 12628.7778 0.8609
10861 12628.7778 0.86
10860 12628.7778 0.8599
10866.8889 12628.7778 0.8605
10865.2222 12628.7778 0.8604
10837.6667 12628.7778 0.8582
10814.1111 12628.7778 0.8563
10813.5556 12628.7778 0.8563
10809.3333 12628.7778 0.8559
10819.6667 12628.7778 0.8567
10855.6667 12628.7778 0.8596
10882 12628.7778 0.8617
10882.3333 12628.7778 0.8617
10878.8889 12628.7778 0.8614
10866.5556 12628.7778 0.8605
10872.3333 12628.7778 0.8609
10871.6667 12628.7778 0.8609
10863 12628.7778 0.8602
10860.6667 12628.7778 0.86
10870.1111 12628.7778 0.8607
10867.8889 12628.7778 0.8606
10868.3333 12628.7778 0.8606
10870.6667 12628.7778 0.8608
10875.8889 12628.7778 0.8612
10871.1111 12628.7778 0.8608
10867.3333 12628.7778 0.8605
10870.5556 12628.7778 0.8608
10877.1111 12628.7778 0.8613
10876.3333 12628.7778 0.8612
10874.3333 12628.7778 0.8611
10848.7778 12628.7778 0.8591
10837.3333 12628.7778 0.8581
10823.7778 12628.7778 0.8571
10825.4444 12628.7778 0.8572
10828 12628.7778 0.8574
10732.2222 12628.7778 0.8498
10718 12628.7778 0.8487
10715.3333 12628.7778 0.8485
10725.8889 12628.7778 0.8493
10742 12628.7778 0.8506
10734.8889 12628.7778 0.85
10723.4444 12628.7778 0.8491
10739.4444 12628.7778 0.8504
10747.8889 12628.7778 0.8511
10744 12628.7778 0.8508
10744.6667 12628.7778 0.8508
10750.6667 12628.7778 0.8513
10754.6667 12628.7778 0.8516
10750.6667 12628.7778 0.8513
10744.6667 12628.7778 0.8508
10745.2222 12628.7778 0.8509
10752.4444 12628.7778 0.8514
10772 12628.7778 0.853
10771.5556 12628.7778 0.8529
10767.8889 12628.7778 0.8526
10777.5556 12628.7778 0.8534
10777.1111 12628.7778 0.8534
10785.1111 12628.7778 0.854
10773.1111 12628.7778 0.8531
10777.1111 12628.7778 0.8534
10799.4444 12628.7778 0.8551
10796.5556 12628.7778 0.8549
10768 12628.7778 0.8527
10756.6667 12628.7778 0.8518
10754 12628.7778 0.8515
10779.8889 12628.7778 0.8536
10780.2222 12628.7778 0.8536
10795.7778 12628.7778 0.8549
10810.2222 12628.7778 0.856
10799.5556 12628.7778 0.8552
10789.3333 12628.7778 0.8543
10802.3333 12628.7778 0.8554
10799.4444 12628.7778 0.8551
10800.6667 12628.7778 0.8552
10701.8889 12628.7778 0.8474
10608.6667 12628.7778 0.84
10509.1111 12628.7778 0.8322
10417.2222 12628.7778 0.8249
10381.4444 12628.7778 0.822
10352.7778 12628.7778 0.8198
10354.5556 12628.7778 0.8199
10384.5556 12628.7778 0.8223
10437.2222 12628.7778 0.8265
10464.8889 12628.7778 0.8287
10511.6667 12628.7778 0.8324
10516.1111 12628.7778 0.8327
10514.8889 12628.7778 0.8326
10517.3333 12628.7778 0.8328
10517.7778 12628.7778 0.8328
10526.6667 12628.7778 0.8335
10525.6667 12628.7778 0.8335
10504.3333 12628.7778 0.8318
10502.3333 12628.7778 0.8316
10502.3333 12628.7778 0.8316
10523.6667 12628.7778 0.8333
10466.1111 12628.7778 0.8288
10463 12628.7778 0.8285
10457.8889 12628.7778 0.8281
10454.5556 12628.7778 0.8278
10404.7778 12628.7778 0.8239