3632.4444 8592.6667 0.4227
3469 8592.6667 0.4037
3465 8592.6667 0.4033
3453.2222 8592.6667 0.4019
3513.5556 8592.6667 0.4089
3676.6667 8592.6667 0.4279
4144.3333 8592.6667 0.4823
4491.6667 8592.6667 0.5227
4596.6667 8592.6667 0.535
4712.3333 8592.6667 0.5484
4800.5556 8592.6667 0.5587
4744.5556 8592.6667 0.5522
4711.5556 8592.6667 0.5483
4704.7778 8592.6667 0.5475
4667.7778 8592.6667 0.5432
4841.5556 8592.6667 0.5635
4987.3333 8592.6667 0.5804
4931.5556 8592.6667 0.5739
4831.2222 8592.6667 0.5622
4804 8592.6667 0.5591
4699.2222 8592.6667 0.5469
4274.1111 8592.6667 0.4974
3785.6667 8592.6667 0.4406
3409.3333 8592.6667 0.3968
3288.4444 8592.6667 0.3827
3158.4444 8592.6667 0.3676
3232.4444 8592.6667 0.3762
3283.8889 8592.6667 0.3822
3456.6667 8592.6667 0.4023
3627.3333 8592.6667 0.4221
3999.2222 8592.6667 0.4654
4029.7778 8592.6667 0.469
4141 8592.6667 0.4819
4342.6667 8592.6667 0.5054
4507.2222 8592.6667 0.5245
4481.8889 8592.6667 0.5216
4395.8889 8592.6667 0.5116
4359.8889 8592.6667 0.5074
4426.5556 8592.6667 0.5152
4605.3333 8592.6667 0.536
4702.3333 8592.6667 0.5472
4719.5556 8592.6667 0.5493
4818.2222 8592.6667 0.5607
4797 8592.6667 0.5583
4744 8592.6667 0.5521
4405.7778 8592.6667 0.5127
3854 8592.6667 0.4485
3606.4444 8592.6667 0.4197
3493.1111 8592.6667 0.4065
3396.2222 8592.6667 0.3952
3353 8592.6667 0.3902
3295.1111 8592.6667 0.3835
3314.5556 8592.6667 0.3857
3462.6667 8592.6667 0.403
3792.8889 8592.6667 0.4414
4039.1111 8592.6667 0.4701
4242.5556 8592.6667 0.4937
4404.4444 8592.6667 0.5126
4450.3333 8592.6667 0.5179
4478.5556 8592.6667 0.5212
4459.5556 8592.6667 0.519
4507.1111 8592.6667 0.5245
4495.3333 8592.6667 0.5232
4663.3333 8592.6667 0.5427
4694.3333 8592.6667 0.5463
4751.3333 8592.6667 0.553
4667.6667 8592.6667 0.5432
4607.4444 8592.6667 0.5362
4605.5556 8592.6667 0.536
4195.4444 8592.6667 0.4883
3777.8889 8592.6667 0.4397
3494.4444 8592.6667 0.4067
3292.7778 8592.6667 0.3832
3195.7778 8592.6667 0.3719
3154.1111 8592.6667 0.3671
3119.1111 8592.6667 0.363
3261.8889 8592.6667 0.3796
3456.1111 8592.6667 0.4022
3920.3333 8592.6667 0.4562
4261.8889 8592.6667 0.496
4476.1111 8592.6667 0.5209
4560.8889 8592.6667 0.5308
4668.2222 8592.6667 0.5433
4584.3333 8592.6667 0.5335
4643.5556 8592.6667 0.5404
4587.6667 8592.6667 0.5339
4603.6667 8592.6667 0.5358
4684.4444 8592.6667 0.5452
4771.1111 8592.6667 0.5553
4789.8889 8592.6667 0.5574
4868.1111 8592.6667 0.5665
4926.7778 8592.6667 0.5734
4832.4444 8592.6667 0.5624
4493.3333 8592.6667 0.5229
4064.4444 8592.6667 0.473
3606.1111 8592.6667 0.4197
3447.7778 8592.6667 0.4012
3274.4444 8592.6667 0.3811
3201.4444 8592.6667 0.3726
3178.2222 8592.6667 0.3699
3280.8889 8592.6667 0.3818
3531.5556 8592.6667 0.411
4003.3333 8592.6667 0.4659
4337.1111 8592.6667 0.5047
4569 8592.6667 0.5317
4706 8592.6667 0.5477
4753.8889 8592.6667 0.5532
4705.8889 8592.6667 0.5477
4708.7778 8592.6667 0.548
4690.2222 8592.6667 0.5458
4719.8889 8592.6667 0.5493
4684.2222 8592.6667 0.5451
4714.8889 8592.6667 0.5487
4677.3333 8592.6667 0.5443
4768.6667 8592.6667 0.555
4750.1111 8592.6667 0.5528
4800.5556 8592.6667 0.5587
4345 8592.6667 0.5057
3880 8592.6667 0.4515
3488.1111 8592.6667 0.4059
3392 8592.6667 0.3948
3279.5556 8592.6667 0.3817
3183.1111 8592.6667 0.3704
3237.1111 8592.6667 0.3767
3256.8889 8592.6667 0.379
3358.1111 8592.6667 0.3908
3805.1111 8592.6667 0.4428
3974.8889 8592.6667 0.4626
4120.2222 8592.6667 0.4795
4308.7778 8592.6667 0.5014
4511.8889 8592.6667 0.5251
4560.7778 8592.6667 0.5308
4502.4444 8592.6667 0.524
4476.4444 8592.6667 0.521
4454.8889 8592.6667 0.5185
4500.5556 8592.6667 0.5238
4605.4444 8592.6667 0.536
4639.5556 8592.6667 0.5399
4731.3333 8592.6667 0.5506
4764.7778 8592.6667 0.5545
4599.6667 8592.6667 0.5353
4258.1111 8592.6667 0.4956
3845.3333 8592.6667 0.4475
3557.3333 8592.6667 0.414
3373.3333 8592.6667 0.3926
3327.1111 8592.6667 0.3872
3205.8889 8592.6667 0.3731
3167.2222 8592.6667 0.3686
3242.5556 8592.6667 0.3774
3426.8889 8592.6667 0.3988
3999.7778 8592.6667 0.4655
4344.6667 8592.6667 0.5056
4464.4444 8592.6667 0.5196
4499.5556 8592.6667 0.5237
4585 8592.6667 0.5336
4530.3333 8592.6667 0.5272
4557.7778 8592.6667 0.5304
4551.6667 8592.6667 0.5297
4592.2222 8592.6667 0.5344
4668.8889 8592.6667 0.5434
4685.6667 8592.6667 0.5453
4692.3333 8592.6667 0.5461
4626.7778 8592.6667 0.5385
4761.6667 8592.6667 0.5542
4736 8592.6667 0.5512
4392.5556 8592.6667 0.5112
3947.3333 8592.6667 0.4594
3621.1111 8592.6667 0.4214
3396.6667 8592.6667 0.3953
3326.4444 8592.6667 0.3871
3243.2222 8592.6667 0.3774
3258.1111 8592.6667 0.3792
3427 8592.6667 0.3988
3543.7778 8592.6667 0.4124
4035.4444 8592.6667 0.4696
4315.4444 8592.6667 0.5022
4422.8889 8592.6667 0.5147
4556.2222 8592.6667 0.5302
4599.4444 8592.6667 0.5353
4666.2222 8592.6667 0.543
4690.3333 8592.6667 0.5459
4598.4444 8592.6667 0.5352
4503 8592.6667 0.5241
4614.3333 8592.6667 0.537
4683.4444 8592.6667 0.5451
4778.5556 8592.6667 0.5561
4895 8592.6667 0.5697
4811.7778 8592.6667 0.56
4778.1111 8592.6667 0.5561
4258.3333 8592.6667 0.4956
3869.8889 8592.6667 0.4504
3627.2222 8592.6667 0.4221
3484.4444 8592.6667 0.4055
3500.6667 8592.6667 0.4074
3298.6667 8592.6667 0.3839
3281.4444 8592.6667 0.3819
3277.3333 8592.6667 0.3814
3446.6667 8592.6667 0.4011
3823.6667 8592.6667 0.445
4219.6667 8592.6667 0.4911
4448.1111 8592.6667 0.5177
4496.6667 8592.6667 0.5233
4564.7778 8592.6667 0.5312
4569 8592.6667 0.5317
4593 8592.6667 0.5345
4459 8592.6667 0.5189
4490.7778 8592.6667 0.5226
4662.5556 8592.6667 0.5426
4756.3333 8592.6667 0.5535
4847.5556 8592.6667 0.5642
4846.8889 8592.6667 0.5641
4839.1111 8592.6667 0.5632
4608.4444 8592.6667 0.5363
4263.3333 8592.6667 0.4962
3876.2222 8592.6667 0.4511
3572.7778 8592.6667 0.4158
3406.3333 8592.6667 0.3964
3257.2222 8592.6667 0.3791
3149.1111 8592.6667 0.3665
3096.2222 8592.6667 0.3603
3137 8592.6667 0.3651
3437.8889 8592.6667 0.4001
3789.7778 8592.6667 0.441
4113.3333 8592.6667 0.4787
4102.5556 8592.6667 0.4774
4255.3333 8592.6667 0.4952
4339.6667 8592.6667 0.505
4311.3333 8592.6667 0.5017
4277.7778 8592.6667 0.4978
4268.4444 8592.6667 0.4968
4340.3333 8592.6667 0.5051
4439.7778 8592.6667 0.5167
4551.7778 8592.6667 0.5297
4520.5556 8592.6667 0.5261
4668.1111 8592.6667 0.5433
4723.6667 8592.6667 0.5497
4595.7778 8592.6667 0.5348
4172.2222 8592.6667 0.4856
3822 8592.6667 0.4448
3550.5556 8592.6667 0.4132
3345.6667 8592.6667 0.3894
3291.1111 8592.6667 0.383
3122 8592.6667 0.3633
3133.6667 8592.6667 0.3647
3169.1111 8592.6667 0.3688
3300 8592.6667 0.384
3699.8889 8592.6667 0.4306
4108.4444 8592.6667 0.4781
4306.2222 8592.6667 0.5012
4494.7778 8592.6667 0.5231
4547.1111 8592.6667 0.5292
4605.5556 8592.6667 0.536
4710.1111 8592.6667 0.5482
4697.7778 8592.6667 0.5467
4729.1111 8592.6667 0.5504
4778.4444 8592.6667 0.5561
4772.1111 8592.6667 0.5554
4766 8592.6667 0.5547
4865.3333 8592.6667 0.5662
4785.1111 8592.6667 0.5569
4742 8592.6667 0.5519
4391.4444 8592.6667 0.5111
3913.3333 8592.6667 0.4554
3496.7778 8592.6667 0.4069
3326.5556 8592.6667 0.3871
3190.7778 8592.6667 0.3713
3069.4444 8592.6667 0.3572
3056.3333 8592.6667 0.3557
3154.8889 8592.6667 0.3672
3301.4444 8592.6667 0.3842
3810.8889 8592.6667 0.4435
4061.5556 8592.6667 0.4727
4243.1111 8592.6667 0.4938
4491.3333 8592.6667 0.5227
4535.4444 8592.6667 0.5278
4657.5556 8592.6667 0.542
4700.8889 8592.6667 0.5471
4609.5556 8592.6667 0.5365
4700.2222 8592.6667 0.547
4920.2222 8592.6667 0.5726
4998.7778 8592.6667 0.5817
4996.8889 8592.6667 0.5815
4969.7778 8592.6667 0.5784
4858.1111 8592.6667 0.5654
4827.5556 8592.6667 0.5618
4597.5556 8592.6667 0.5351
4081.4444 8592.6667 0.475
3778.6667 8592.6667 0.4398
3608.6667 8592.6667 0.42
3567.5556 8592.6667 0.4152
3392.2222 8592.6667 0.3948
3212.2222 8592.6667 0.3738
3196.8889 8592.6667 0.372
3507.6667 8592.6667 0.4082
4079.3333 8592.6667 0.4747
4223.7778 8592.6667 0.4916
4332.2222 8592.6667 0.5042
4440 8592.6667 0.5167
4437 8592.6667 0.5164
4433 8592.6667 0.5159
4431.6667 8592.6667 0.5157
4393.8889 8592.6667 0.5114
4518.5556 8592.6667 0.5259
4601.7778 8592.6667 0.5355
4677.4444 8592.6667 0.5444
4663.4444 8592.6667 0.5427
4755.3333 8592.6667 0.5534
4687.8889 8592.6667 0.5456
4707.8889 8592.6667 0.5479
4284 8592.6667 0.4986
3848.7778 8592.6667 0.4479
3453.4444 8592.6667 0.4019
3250.2222 8592.6667 0.3783
3122 8592.6667 0.3633
2999.7778 8592.6667 0.3491
2971 8592.6667 0.3458
3126.7778 8592.6667 0.3639
3387.2222 8592.6667 0.3942
3867.2222 8592.6667 0.4501
4199.7778 8592.6667 0.4888
4375.6667 8592.6667 0.5092
4536.6667 8592.6667 0.528
4230.7778 8592.6667 0.4924
4698.6667 8592.6667 0.5468
4690 8592.6667 0.5458
4707.2222 8592.6667 0.5478
4697.7778 8592.6667 0.5467
4756.3333 8592.6667 0.5535
4875 8592.6667 0.5673
4867.5556 8592.6667 0.5665
4824.1111 8592.6667 0.5614
4775.4444 8592.6667 0.5558
4723.7778 8592.6667 0.5497
4397.2222 8592.6667 0.5117
3950.3333 8592.6667 0.4597
3580.3333 8592.6667 0.4167
3476.2222 8592.6667 0.4046
3349.4444 8592.6667 0.3898
3247 8592.6667 0.3779
3236.8889 8592.6667 0.3767
3346.5556 8592.6667 0.3895
3511.5556 8592.6667 0.4087
3776.6667 8592.6667 0.4395
4214.2222 8592.6667 0.4904
4473 8592.6667 0.5206
4471.5556 8592.6667 0.5204
4507.5556 8592.6667 0.5246
4522.6667 8592.6667 0.5263
4529.7778 8592.6667 0.5272
4545.1111 8592.6667 0.529
4592.3333 8592.6667 0.5344
4741.2222 8592.6667 0.5518
4764.6667 8592.6667 0.5545
4797 8592.6667 0.5583
4869.2222 8592.6667 0.5667
4829.3333 8592.6667 0.562
4696.4444 8592.6667 0.5466
4338.8889 8592.6667 0.505
3910.6667 8592.6667 0.4551
3533.7778 8592.6667 0.4113
3324.5556 8592.6667 0.3869
3333.6667 8592.6667 0.388
3144.6667 8592.6667 0.366
3108.4444 8592.6667 0.3618
3114 8592.6667 0.3624
3375.7778 8592.6667 0.3929
3766.7778 8592.6667 0.4384
4029.5556 8592.6667 0.469
4289 8592.6667 0.4991
4487.6667 8592.6667 0.5223
4757.5556 8592.6667 0.5537
4778.1111 8592.6667 0.5561
4875.3333 8592.6667 0.5674
4847.7778 8592.6667 0.5642
4802.8889 8592.6667 0.559
4840.8889 8592.6667 0.5634
4908.5556 8592.6667 0.5712
4802.5556 8592.6667 0.5589
4829.4444 8592.6667 0.562
4762.1111 8592.6667 0.5542
4656 8592.6667 0.5419
4396.1111 8592.6667 0.5116
4099.7778 8592.6667 0.4771
3654.4444 8592.6667 0.4253
3323.1111 8592.6667 0.3867
3146.8889 8592.6667 0.3662
3141 8592.6667 0.3655
3111.4444 8592.6667 0.3621
3127.6667 8592.6667 0.364
3236.2222 8592.6667 0.3766
3627.8889 8592.6667 0.4222
4038 8592.6667 0.4699
4352.2222 8592.6667 0.5065
4513.8889 8592.6667 0.5253
4631.2222 8592.6667 0.539
4742.6667 8592.6667 0.5519
4761.3333 8592.6667 0.5541
4763 8592.6667 0.5543
4788.7778 8592.6667 0.5573
4877.5556 8592.6667 0.5676
4909.5556 8592.6667 0.5714
4848.4444 8592.6667 0.5643
4933 8592.6667 0.5741
4764.6667 8592.6667 0.5545
4643.4444 8592.6667 0.5404
4388.3333 8592.6667 0.5107
3931.8889 8592.6667 0.4576
3494.6667 8592.6667 0.4067
3311.8889 8592.6667 0.3854
3263.3333 8592.6667 0.3798
3221.4444 8592.6667 0.3749
3092.2222 8592.6667 0.3599
3090.8889 8592.6667 0.3597
3213.4444 8592.6667 0.374
3681.2222 8592.6667 0.4284
4206.4444 8592.6667 0.4895
4446.6667 8592.6667 0.5175
4545.5556 8592.6667 0.529
4613.5556 8592.6667 0.5369
4616.4444 8592.6667 0.5373
4723.4444 8592.6667 0.5497
4787.1111 8592.6667 0.5571
4844.7778 8592.6667 0.5638
4777.5556 8592.6667 0.556
4801.1111 8592.6667 0.5587
4801.4444 8592.6667 0.5588
4812.6667 8592.6667 0.5601
4778.4444 8592.6667 0.5561
4684.5556 8592.6667 0.5452
4394.6667 8592.6667 0.5114
3928.8889 8592.6667 0.4572
3447.3333 8592.6667 0.4012
3268.4444 8592.6667 0.3804
3164.6667 8592.6667 0.3683
3084.7778 8592.6667 0.359
2972 8592.6667 0.3459
3011.8889 8592.6667 0.3505
3198.3333 8592.6667 0.3722
3664.5556 8592.6667 0.4265
3998.1111 8592.6667 0.4653
4233.5556 8592.6667 0.4927
4427.7778 8592.6667 0.5153
4466.5556 8592.6667 0.5198
4491.2222 8592.6667 0.5227
4527.5556 8592.6667 0.5269
4570.1111 8592.6667 0.5319
4678.2222 8592.6667 0.5444
4854.2222 8592.6667 0.5649
4977.4444 8592.6667 0.5793
4956.8889 8592.6667 0.5769
4903.5556 8592.6667 0.5707
4723.5556 8592.6667 0.5497
4584.7778 8592.6667 0.5336
4331.1111 8592.6667 0.504
4023.4444 8592.6667 0.4682
3619 8592.6667 0.4212
3384.2222 8592.6667 0.3939
3265.4444 8592.6667 0.38
3075.4444 8592.6667 0.3579
3063.2222 8592.6667 0.3565
3123.1111 8592.6667 0.3635
3192.3333 8592.6667 0.3715
3627.6667 8592.6667 0.4222
4057.3333 8592.6667 0.4722
4327.7778 8592.6667 0.5037
4404.6667 8592.6667 0.5126
4498 8592.6667 0.5235
4522.1111 8592.6667 0.5263
4559.2222 8592.6667 0.5306
4611.7778 8592.6667 0.5367
4635 8592.6667 0.5394
4713.1111 8592.6667 0.5485
4736.8889 8592.6667 0.5513
4619.4444 8592.6667 0.5376
4753.6667 8592.6667 0.5532
4671.6667 8592.6667 0.5437
4594.5556 8592.6667 0.5347
4291.2222 8592.6667 0.4994
3874 8592.6667 0.4508
3412.4444 8592.6667 0.3971
3179.1111 8592.6667 0.37
2973.3333 8592.6667 0.346
2887.4444 8592.6667 0.336
2808.1111 8592.6667 0.3268
2842 8592.6667 0.3307
3153.6667 8592.6667 0.367
3528.5556 8592.6667 0.4106
3894.2222 8592.6667 0.4532
4208.4444 8592.6667 0.4898
4424.5556 8592.6667 0.5149
4551.6667 8592.6667 0.5297
4551.2222 8592.6667 0.5297
4546.8889 8592.6667 0.5292
4504 8592.6667 0.5242
4596.3333 8592.6667 0.5349
4772.6667 8592.6667 0.5554
4913.8889 8592.6667 0.5719
4864.6667 8592.6667 0.5661
4889.2222 8592.6667 0.569
4717.1111 8592.6667 0.549
4507.3333 8592.6667 0.5246
4120.4444 8592.6667 0.4795
3677.4444 8592.6667 0.428
3312.3333 8592.6667 0.3855
3142.6667 8592.6667 0.3657
3039.4444 8592.6667 0.3537
2945.8889 8592.6667 0.3428
2939.7778 8592.6667 0.3421
2969.5556 8592.6667 0.3456
3293.1111 8592.6667 0.3832
3650.6667 8592.6667 0.4249
3791.4444 8592.6667 0.4412
4022.4444 8592.6667 0.4681
4242.6667 8592.6667 0.4938
4482 8592.6667 0.5216
4515.1111 8592.6667 0.5255
4550.7778 8592.6667 0.5296
4538.5556 8592.6667 0.5282
4595.8889 8592.6667 0.5349
4746.6667 8592.6667 0.5524
4696.3333 8592.6667 0.5466
4607.3333 8592.6667 0.5362
4478.7778 8592.6667 0.5212
4378.6667 8592.6667 0.5096
4379.7778 8592.6667 0.5097
4073.6667 8592.6667 0.4741
3662.8889 8592.6667 0.4263
3327 8592.6667 0.3872
3194.5556 8592.6667 0.3718
3067.1111 8592.6667 0.3569
2971.3333 8592.6667 0.3458
2939.2222 8592.6667 0.3421
2991 8592.6667 0.3481
3195.1111 8592.6667 0.3718
3605.2222 8592.6667 0.4196
4000.7778 8592.6667 0.4656
4232.2222 8592.6667 0.4925
4413.8889 8592.6667 0.5137
4472.2222 8592.6667 0.5205
4515.2222 8592.6667 0.5255
4508.8889 8592.6667 0.5247
4432.1111 8592.6667 0.5158
4438.4444 8592.6667 0.5165
4566.2222 8592.6667 0.5314
4631.8889 8592.6667 0.5391
4573.8889 8592.6667 0.5323
4563.1111 8592.6667 0.531
4499.5556 8592.6667 0.5237
4498.4444 8592.6667 0.5235
4170.1111 8592.6667 0.4853
3753.6667 8592.6667 0.4368
3445.4444 8592.6667 0.401
3265.7778 8592.6667 0.3801
3140.7778 8592.6667 0.3655
3064.6667 8592.6667 0.3567
2987.5556 8592.6667 0.3477
3046.6667 8592.6667 0.3546
3275.3333 8592.6667 0.3812
3666 8592.6667 0.4266
3985.8889 8592.6667 0.4639
4173 8592.6667 0.4856
4445.1111 8592.6667 0.5173
4442.5556 8592.6667 0.517
4434.2222 8592.6667 0.516
4457.1111 8592.6667 0.5187
4401.1111 8592.6667 0.5122
4409.2222 8592.6667 0.5131
4419.6667 8592.6667 0.5144
4538.4444 8592.6667 0.5282
4551.5556 8592.6667 0.5297
4574 8592.6667 0.5323
4469.2222 8592.6667 0.5201
4404.1111 8592.6667 0.5125
4058.5556 8592.6667 0.4723
3744 8592.6667 0.4357
3327.1111 8592.6667 0.3872
3284.4444 8592.6667 0.3822
3148.1111 8592.6667 0.3664
3053.1111 8592.6667 0.3553
2962.2222 8592.6667 0.3447
3051.2222 8592.6667 0.3551
3199.2222 8592.6667 0.3723
3545.7778 8592.6667 0.4127
3904.5556 8592.6667 0.4544
4187.1111 8592.6667 0.4873
4273.1111 8592.6667 0.4973
4250.1111 8592.6667 0.4946
4315.3333 8592.6667 0.5022
4259 8592.6667 0.4957
4256.5556 8592.6667 0.4954
4316.4444 8592.6667 0.5023
4450.7778 8592.6667 0.518
4588.6667 8592.6667 0.534
4684.8889 8592.6667 0.5452
4670.4444 8592.6667 0.5435
4570.6667 8592.6667 0.5319
4426.8889 8592.6667 0.5152
4117.8889 8592.6667 0.4792
3691.3333 8592.6667 0.4296
3339.7778 8592.6667 0.3887
3249.6667 8592.6667 0.3782
3125 8592.6667 0.3637
2912.6667 8592.6667 0.339
2899.8889 8592.6667 0.3375
2973.7778 8592.6667 0.3461
3190.7778 8592.6667 0.3713
3652.8889 8592.6667 0.4251
3940.2222 8592.6667 0.4586
4196.2222 8592.6667 0.4883
4337.3333 8592.6667 0.5048
4386.8889 8592.6667 0.5105
4376.2222 8592.6667 0.5093
4425.1111 8592.6667 0.515
4473.8889 8592.6667 0.5207
4506.5556 8592.6667 0.5245
4615.4444 8592.6667 0.5371
4729.2222 8592.6667 0.5504
4746.3333 8592.6667 0.5524
4699.7778 8592.6667 0.547
4628.1111 8592.6667 0.5386
4520.3333 8592.6667 0.5261
4051.3333 8592.6667 0.4715
3583 8592.6667 0.417
3281.3333 8592.6667 0.3819
3158.4444 8592.6667 0.3676
2975.5556 8592.6667 0.3463
2921.5556 8592.6667 0.34
3006.2222 8592.6667 0.3499
2966.6667 8592.6667 0.3453
3020.8889 8592.6667 0.3516
3385.6667 8592.6667 0.394
3745.3333 8592.6667 0.4359
3918.8889 8592.6667 0.4561
4081.6667 8592.6667 0.475
4145.2222 8592.6667 0.4824
4223.5556 8592.6667 0.4915
4219.2222 8592.6667 0.491
4151.7778 8592.6667 0.4832
4208.2222 8592.6667 0.4897
4416.3333 8592.6667 0.514
4414 8592.6667 0.5137
4396.1111 8592.6667 0.5116
4458.1111 8592.6667 0.5188
4467.3333 8592.6667 0.5199
4399.1111 8592.6667 0.512
4036.1111 8592.6667 0.4697
3621.7778 8592.6667 0.4215
3320.6667 8592.6667 0.3865
3140.1111 8592.6667 0.3654
3105.8889 8592.6667 0.3615
3017 8592.6667 0.3511
3033.3333 8592.6667 0.353
3063.6667 8592.6667 0.3565
3150.7778 8592.6667 0.3667
3595 8592.6667 0.4184
3809.1111 8592.6667 0.4433
4018.1111 8592.6667 0.4676
4139.4444 8592.6667 0.4817
4319.3333 8592.6667 0.5027
4309 8592.6667 0.5015
4252.8889 8592.6667 0.4949
4266.6667 8592.6667 0.4965
4360.6667 8592.6667 0.5075
4522.6667 8592.6667 0.5263
4588.5556 8592.6667 0.534
4603 8592.6667 0.5357
4536 8592.6667 0.5279
4447.7778 8592.6667 0.5176
4368.4444 8592.6667 0.5084
3937.1111 8592.6667 0.4582
3614.3333 8592.6667 0.4206
3325.3333 8592.6667 0.387
3021.8889 8592.6667 0.3517
2921.6667 8592.6667 0.34
2895.1111 8592.6667 0.3369
2899.8889 8592.6667 0.3375
3035.3333 8592.6667 0.3532
3148.5556 8592.6667 0.3664
3512.2222 8592.6667 0.4087
3803.5556 8592.6667 0.4427
4021 8592.6667 0.468
4183.6667 8592.6667 0.4869
4287 8592.6667 0.4989
4359.5556 8592.6667 0.5074
4432.3333 8592.6667 0.5158
4410.3333 8592.6667 0.5133
4545.3333 8592.6667 0.529
4601.8889 8592.6667 0.5356
4546.3333 8592.6667 0.5291
4630 8592.6667 0.5388
4595.3333 8592.6667 0.5348
4551.7778 8592.6667 0.5297
4407.5556 8592.6667 0.5129
4100.1111 8592.6667 0.4772
3704.3333 8592.6667 0.4311
3409.4444 8592.6667 0.3968
3167.4444 8592.6667 0.3686
2844.4444 8592.6667 0.331
2816.8889 8592.6667 0.3278
2741.6667 8592.6667 0.3191
2856.8889 8592.6667 0.3325
3063.2222 8592.6667 0.3565
3476.8889 8592.6667 0.4046
3668.1111 8592.6667 0.4269
4012.6667 8592.6667 0.467
4294.7778 8592.6667 0.4998
4498 8592.6667 0.5235
4467 8592.6667 0.5199
4552.5556 8592.6667 0.5298
4574 8592.6667 0.5323
4549.7778 8592.6667 0.5295
4536.1111 8592.6667 0.5279
4728 8592.6667 0.5502
4649.7778 8592.6667 0.5411
4559.8889 8592.6667 0.5307
4460.2222 8592.6667 0.5191
4430.5556 8592.6667 0.5156
4118.7778 8592.6667 0.4793
3767.8889 8592.6667 0.4385
3342.3333 8592.6667 0.389