2753.6667 8592.6667 0.3205
2616.6667 8592.6667 0.3045
2625.3333 8592.6667 0.3055
2525.5556 8592.6667 0.2939
2634.2222 8592.6667 0.3066
2887 8592.6667 0.336
2881.6667 8592.6667 0.3354
3088.5556 8592.6667 0.3594
3489.4444 8592.6667 0.4061
3592.8889 8592.6667 0.4181
3663.1111 8592.6667 0.4263
3828.6667 8592.6667 0.4456
3955.4444 8592.6667 0.4603
4150.1111 8592.6667 0.483
4359.6667 8592.6667 0.5074
4332.7778 8592.6667 0.5042
4476.8889 8592.6667 0.521
4449.4444 8592.6667 0.5178
4309.4444 8592.6667 0.5015
4209.5556 8592.6667 0.4899
3895.3333 8592.6667 0.4533
3585.1111 8592.6667 0.4172
3192.6667 8592.6667 0.3716
2924.8889 8592.6667 0.3404
2768.2222 8592.6667 0.3222
2732.6667 8592.6667 0.318
2735.8889 8592.6667 0.3184
2642.1111 8592.6667 0.3075
2672.1111 8592.6667 0.311
2877.6667 8592.6667 0.3349
2946.4444 8592.6667 0.3429
3226.8889 8592.6667 0.3755
3576 8592.6667 0.4162
3841 8592.6667 0.447
3822.7778 8592.6667 0.4449
3867.3333 8592.6667 0.4501
3961.7778 8592.6667 0.4611
4040.5556 8592.6667 0.4702
4184.3333 8592.6667 0.487
4149.7778 8592.6667 0.4829
4219.3333 8592.6667 0.491
4198.3333 8592.6667 0.4886
4248.1111 8592.6667 0.4944
4168.5556 8592.6667 0.4851
3923 8592.6667 0.4566
3687.3333 8592.6667 0.4291
3301.3333 8592.6667 0.3842
2933.3333 8592.6667 0.3414
2761.4444 8592.6667 0.3214
2579.2222 8592.6667 0.3002
2591 8592.6667 0.3015
2544.7778 8592.6667 0.2962
2685.3333 8592.6667 0.3125
2811.7778 8592.6667 0.3272
3032.8889 8592.6667 0.353
3270.7778 8592.6667 0.3806
3605.3333 8592.6667 0.4196
3857.7778 8592.6667 0.449
3930.6667 8592.6667 0.4574
3931.3333 8592.6667 0.4575
3871.6667 8592.6667 0.4506
3989.1111 8592.6667 0.4642
4014.1111 8592.6667 0.4672
4186.1111 8592.6667 0.4872
4246.6667 8592.6667 0.4942
4204.5556 8592.6667 0.4893
4102.7778 8592.6667 0.4775
4043.4444 8592.6667 0.4706
3797.6667 8592.6667 0.442
3552.5556 8592.6667 0.4134
3230.2222 8592.6667 0.3759
2875 8592.6667 0.3346
2598 8592.6667 0.3024
2493.7778 8592.6667 0.2902
2532.6667 8592.6667 0.2947
2498.2222 8592.6667 0.2907
2588.1111 8592.6667 0.3012
2696.8889 8592.6667 0.3139
2847.5556 8592.6667 0.3314
3183.8889 8592.6667 0.3705
3488.3333 8592.6667 0.406
3709 8592.6667 0.4316
3782.1111 8592.6667 0.4402
3893.4444 8592.6667 0.4531
3952 8592.6667 0.4599
3941.8889 8592.6667 0.4588
4097.2222 8592.6667 0.4768
4237.5556 8592.6667 0.4932
4431.1111 8592.6667 0.5157
4246.8889 8592.6667 0.4942
4143.1111 8592.6667 0.4822
4135.6667 8592.6667 0.4813
3816.3333 8592.6667 0.4441
3554 8592.6667 0.4136
3164.1111 8592.6667 0.3682
2905.3333 8592.6667 0.3381
2714 8592.6667 0.3159
2581.1111 8592.6667 0.3004
2610 8592.6667 0.3037
2620.1111 8592.6667 0.3049
2783.2222 8592.6667 0.3239
3031.5556 8592.6667 0.3528
3099.1111 8592.6667 0.3607
3405.5556 8592.6667 0.3963
3629.2222 8592.6667 0.4224
3718.2222 8592.6667 0.4327
3562.8889 8592.6667 0.4146
3717.5556 8592.6667 0.4326
3813.7778 8592.6667 0.4438
3828.8889 8592.6667 0.4456
3877.2222 8592.6667 0.4512
3990.7778 8592.6667 0.4644
4319.2222 8592.6667 0.5027
4299.3333 8592.6667 0.5003
4205.1111 8592.6667 0.4894
4150.4444 8592.6667 0.483
3998 8592.6667 0.4653
3639.8889 8592.6667 0.4236
3340.3333 8592.6667 0.3887
3079.8889 8592.6667 0.3584
2924.6667 8592.6667 0.3404
2772.3333 8592.6667 0.3226
2612.6667 8592.6667 0.3041
2658.4444 8592.6667 0.3094
2637.4444 8592.6667 0.3069
2961.4444 8592.6667 0.3446
3118.5556 8592.6667 0.3629
3357.6667 8592.6667 0.3908
3501.4444 8592.6667 0.4075
3759.8889 8592.6667 0.4376
3884.6667 8592.6667 0.4521
3905.8889 8592.6667 0.4546
4001.3333 8592.6667 0.4657
3978.3333 8592.6667 0.463
4020 8592.6667 0.4678
4109.6667 8592.6667 0.4783
4257.5556 8592.6667 0.4955
4168.1111 8592.6667 0.4851
4167.2222 8592.6667 0.485
4102.1111 8592.6667 0.4774
3742.3333 8592.6667 0.4355
3420.5556 8592.6667 0.3981
3129.1111 8592.6667 0.3642
2829.4444 8592.6667 0.3293
2666.5556 8592.6667 0.3103
2601.1111 8592.6667 0.3027
2601.7778 8592.6667 0.3028
2595.1111 8592.6667 0.302
2701.8889 8592.6667 0.3144
3057.8889 8592.6667 0.3559
3383.6667 8592.6667 0.3938
3409.8889 8592.6667 0.3968
3637.8889 8592.6667 0.4234
3733.4444 8592.6667 0.4345
3814.2222 8592.6667 0.4439
3972.7778 8592.6667 0.4623
4035.4444 8592.6667 0.4696
3946.7778 8592.6667 0.4593
4015.4444 8592.6667 0.4673
4115.5556 8592.6667 0.479
4261.5556 8592.6667 0.496
4206.1111 8592.6667 0.4895
4109.6667 8592.6667 0.4783
4109.5556 8592.6667 0.4783
3768.2222 8592.6667 0.4385
3479 8592.6667 0.4049
3101.8889 8592.6667 0.361
2846.5556 8592.6667 0.3313
2747.4444 8592.6667 0.3197
2736.2222 8592.6667 0.3184
2653 8592.6667 0.3088
2606.3333 8592.6667 0.3033
2658.3333 8592.6667 0.3094
2971.1111 8592.6667 0.3458
3242 8592.6667 0.3773
3276 8592.6667 0.3813
3396.5556 8592.6667 0.3953
3531.2222 8592.6667 0.411
3592.2222 8592.6667 0.4181
3698.6667 8592.6667 0.4304
3830.3333 8592.6667 0.4458
3818.2222 8592.6667 0.4444
3933.8889 8592.6667 0.4578
4011.7778 8592.6667 0.4669
4160.5556 8592.6667 0.4842
4163.4444 8592.6667 0.4845
4192.4444 8592.6667 0.4879
4158.2222 8592.6667 0.4839
3840 8592.6667 0.4469
3485.5556 8592.6667 0.4056
2925.5556 8592.6667 0.3405
2733.7778 8592.6667 0.3182
2605.6667 8592.6667 0.3032
2559.4444 8592.6667 0.2979
2533 8592.6667 0.2948
2595.6667 8592.6667 0.3021
2684.2222 8592.6667 0.3124
3030.3333 8592.6667 0.3527
3173.4444 8592.6667 0.3693
3391.4444 8592.6667 0.3947
3516.4444 8592.6667 0.4092
3632.5556 8592.6667 0.4228
3752.2222 8592.6667 0.4367
3844.8889 8592.6667 0.4475
3906.8889 8592.6667 0.4547
3812.8889 8592.6667 0.4437
3802.4444 8592.6667 0.4425
4026 8592.6667 0.4685
4132.5556 8592.6667 0.4809
4074.2222 8592.6667 0.4742
4017.8889 8592.6667 0.4676
4118.6667 8592.6667 0.4793
3822.3333 8592.6667 0.4448
3446.1111 8592.6667 0.4011
3137.8889 8592.6667 0.3652
2823.4444 8592.6667 0.3286
2744.2222 8592.6667 0.3194
2674.7778 8592.6667 0.3113
2560.5556 8592.6667 0.298
2612 8592.6667 0.304
2715.2222 8592.6667 0.316
3115.6667 8592.6667 0.3626
3300 8592.6667 0.384
3316.1111 8592.6667 0.3859
3556.6667 8592.6667 0.4139
3753 8592.6667 0.4368
3792 8592.6667 0.4413
3873 8592.6667 0.4507
3885.7778 8592.6667 0.4522
3711.4444 8592.6667 0.4319
3819.6667 8592.6667 0.4445
4017.2222 8592.6667 0.4675
4179.8889 8592.6667 0.4864
4127.7778 8592.6667 0.4804
4177.7778 8592.6667 0.4862
4153.6667 8592.6667 0.4834
3788.8889 8592.6667 0.4409
3528.3333 8592.6667 0.4106
3217 8592.6667 0.3744
2898.7778 8592.6667 0.3374
2685 8592.6667 0.3125
2554.1111 8592.6667 0.2972
2390.7778 8592.6667 0.2782
2385.5556 8592.6667 0.2776
2506.7778 8592.6667 0.2917
2732.7778 8592.6667 0.318
2999.8889 8592.6667 0.3491
3230.2222 8592.6667 0.3759
3415.8889 8592.6667 0.3975
3487.5556 8592.6667 0.4059
3564.2222 8592.6667 0.4148
3689.5556 8592.6667 0.4294
3746.3333 8592.6667 0.436
3655.2222 8592.6667 0.4254
3680.1111 8592.6667 0.4283
3818.8889 8592.6667 0.4444
3932.7778 8592.6667 0.4577
3846.7778 8592.6667 0.4477
4008.8889 8592.6667 0.4665
4058.3333 8592.6667 0.4723
3735.7778 8592.6667 0.4348
3386 8592.6667 0.3941
2954.5556 8592.6667 0.3438
2635.3333 8592.6667 0.3067
2705.1111 8592.6667 0.3148
2674 8592.6667 0.3112
2603.8889 8592.6667 0.303
2610.1111 8592.6667 0.3038
2564.8889 8592.6667 0.2985
2899.7778 8592.6667 0.3375
3151 8592.6667 0.3667
3354.4444 8592.6667 0.3904
3565.8889 8592.6667 0.415
3655.2222 8592.6667 0.4254
3693 8592.6667 0.4298
3749.6667 8592.6667 0.4364
3701.1111 8592.6667 0.4307
3753.5556 8592.6667 0.4368
3769.2222 8592.6667 0.4387
3881 8592.6667 0.4517
3987 8592.6667 0.464
4086.1111 8592.6667 0.4755
4111.4444 8592.6667 0.4785
4152.2222 8592.6667 0.4832
3850.8889 8592.6667 0.4482
3554.2222 8592.6667 0.4136
3132 8592.6667 0.3645
2849.3333 8592.6667 0.3316
2690.4444 8592.6667 0.3131
2629.6667 8592.6667 0.306
2595.8889 8592.6667 0.3021
2538.8889 8592.6667 0.2955
2620.7778 8592.6667 0.305
2981.7778 8592.6667 0.347
3349 8592.6667 0.3898
3624.2222 8592.6667 0.4218
3725 8592.6667 0.4335
3734.7778 8592.6667 0.4346
3782.8889 8592.6667 0.4402
3936.5556 8592.6667 0.4581
4070 8592.6667 0.4737
4067.5556 8592.6667 0.4734
3967.7778 8592.6667 0.4618
3903.5556 8592.6667 0.4543
4140.8889 8592.6667 0.4819
4250.5556 8592.6667 0.4947
4310.5556 8592.6667 0.5017
4230.8889 8592.6667 0.4924
3962.4444 8592.6667 0.4611
3573 8592.6667 0.4158
3315.6667 8592.6667 0.3859
3002.5556 8592.6667 0.3494
2931.4444 8592.6667 0.3412
2802.3333 8592.6667 0.3261
2753.3333 8592.6667 0.3204
2646.6667 8592.6667 0.308
2718.1111 8592.6667 0.3163
3068.8889 8592.6667 0.3572
3271 8592.6667 0.3807
3472.5556 8592.6667 0.4041
3613.2222 8592.6667 0.4205
3622.6667 8592.6667 0.4216
3785.3333 8592.6667 0.4405
3748.3333 8592.6667 0.4362
3697.6667 8592.6667 0.4303
3739.1111 8592.6667 0.4352
3739.7778 8592.6667 0.4352
4029.7778 8592.6667 0.469
4222 8592.6667 0.4913
4278.2222 8592.6667 0.4979
4394.6667 8592.6667 0.5114
4380.3333 8592.6667 0.5098
4002.3333 8592.6667 0.4658
3601.4444 8592.6667 0.4191
3181.6667 8592.6667 0.3703
2930.7778 8592.6667 0.3411
2792 8592.6667 0.3249
2676.1111 8592.6667 0.3114
2641.1111 8592.6667 0.3074
2653.8889 8592.6667 0.3089
2737.7778 8592.6667 0.3186
3024 8592.6667 0.3519
3268.6667 8592.6667 0.3804
3422.3333 8592.6667 0.3983
3657 8592.6667 0.4256
3734.3333 8592.6667 0.4346
3789.2222 8592.6667 0.441
3789.5556 8592.6667 0.441
3831.7778 8592.6667 0.4459
3918.6667 8592.6667 0.456
3976 8592.6667 0.4627
4104.6667 8592.6667 0.4777
4259.4444 8592.6667 0.4957
4279.2222 8592.6667 0.498
4323.6667 8592.6667 0.5032
4258.1111 8592.6667 0.4956
3930.3333 8592.6667 0.4574
3536.2222 8592.6667 0.4115
3179 8592.6667 0.37
2877.7778 8592.6667 0.3349
2720.6667 8592.6667 0.3166
2678.5556 8592.6667 0.3117
2589.4444 8592.6667 0.3014
2637.4444 8592.6667 0.3069
2719.2222 8592.6667 0.3165
3061.5556 8592.6667 0.3563
3151.8889 8592.6667 0.3668
3314.2222 8592.6667 0.3857
3400.3333 8592.6667 0.3957
3574.5556 8592.6667 0.416
3637.6667 8592.6667 0.4233
3754.3333 8592.6667 0.4369
3788.1111 8592.6667 0.4409
3796.4444 8592.6667 0.4418
3880 8592.6667 0.4515
4021.7778 8592.6667 0.468
4112.1111 8592.6667 0.4786
4199 8592.6667 0.4887
4328.1111 8592.6667 0.5037
4292.7778 8592.6667 0.4996
4002.6667 8592.6667 0.4658
3558.4444 8592.6667 0.4141
3119 8592.6667 0.363
2911 8592.6667 0.3388
2788.8889 8592.6667 0.3246
2825.1111 8592.6667 0.3288
2701.8889 8592.6667 0.3144
2700.8889 8592.6667 0.3143
2689.4444 8592.6667 0.313
3012.6667 8592.6667 0.3506
3114.4444 8592.6667 0.3625
3257.8889 8592.6667 0.3791
3452 8592.6667 0.4017
3568.1111 8592.6667 0.4153
3601 8592.6667 0.4191
3649.6667 8592.6667 0.4247
3673.1111 8592.6667 0.4275
3699.2222 8592.6667 0.4305
3860.7778 8592.6667 0.4493
4004.1111 8592.6667 0.466
4062.2222 8592.6667 0.4728
4097 8592.6667 0.4768
4144 8592.6667 0.4823
3999.5556 8592.6667 0.4655
3820.8889 8592.6667 0.4447
3487.6667 8592.6667 0.4059
3025 8592.6667 0.352
2874.5556 8592.6667 0.3345
2485.2222 8592.6667 0.2892
2443.2222 8592.6667 0.2843
2453.4444 8592.6667 0.2855
2473.3333 8592.6667 0.2878
2570.6667 8592.6667 0.2992
2818.7778 8592.6667 0.328
3072.4444 8592.6667 0.3576
3262 8592.6667 0.3796
3482 8592.6667 0.4052
3515.7778 8592.6667 0.4092
3587.3333 8592.6667 0.4175
3598.8889 8592.6667 0.4188
3606.8889 8592.6667 0.4198
3672.8889 8592.6667 0.4274
3656.7778 8592.6667 0.4256
3780.4444 8592.6667 0.44
3757.8889 8592.6667 0.4373
3864.1111 8592.6667 0.4497
3956.2222 8592.6667 0.4604
3874.7778 8592.6667 0.4509
3563.7778 8592.6667 0.4147
3168.2222 8592.6667 0.3687
2922.3333 8592.6667 0.3401
2659.4444 8592.6667 0.3095
2825.4444 8592.6667 0.3288
2785.6667 8592.6667 0.3242
2691.5556 8592.6667 0.3132
2713.6667 8592.6667 0.3158
2722.2222 8592.6667 0.3168
3047.6667 8592.6667 0.3547
3308.4444 8592.6667 0.385
3570.8889 8592.6667 0.4156
3696 8592.6667 0.4301
3756.2222 8592.6667 0.4371
3724.8889 8592.6667 0.4335
3743.3333 8592.6667 0.4356
3755.1111 8592.6667 0.437
3721.1111 8592.6667 0.4331
3835.3333 8592.6667 0.4463
3958 8592.6667 0.4606
4072.2222 8592.6667 0.4739
4133.5556 8592.6667 0.4811
4275.6667 8592.6667 0.4976
4205.6667 8592.6667 0.4894
3909.4444 8592.6667 0.455
3443.5556 8592.6667 0.4008
3170.4444 8592.6667 0.369
2880.7778 8592.6667 0.3353
2887.6667 8592.6667 0.3361
2731.6667 8592.6667 0.3179
2720.6667 8592.6667 0.3166
2752.2222 8592.6667 0.3203
2770.5556 8592.6667 0.3224
3047 8592.6667 0.3546
3238.1111 8592.6667 0.3768
3509.7778 8592.6667 0.4085
3672.5556 8592.6667 0.4274
3826.4444 8592.6667 0.4453
3935.3333 8592.6667 0.458
3828.5556 8592.6667 0.4456
3869.5556 8592.6667 0.4503
3938.7778 8592.6667 0.4584
3964.7778 8592.6667 0.4614
4139.1111 8592.6667 0.4817
4202.2222 8592.6667 0.489
4205.8889 8592.6667 0.4895
4297.7778 8592.6667 0.5002
4146.6667 8592.6667 0.4826
3854.7778 8592.6667 0.4486
3472.4444 8592.6667 0.4041
3209 8592.6667 0.3735
2864.1111 8592.6667 0.3333
2598.6667 8592.6667 0.3024
2620.4444 8592.6667 0.305
2580 8592.6667 0.3003
2522.7778 8592.6667 0.2936
2619 8592.6667 0.3048
2829.1111 8592.6667 0.3292
3130.6667 8592.6667 0.3643
3242.3333 8592.6667 0.3773
3587 8592.6667 0.4174
3734.2222 8592.6667 0.4346
3728.3333 8592.6667 0.4339
3776 8592.6667 0.4394
3806.2222 8592.6667 0.443
3757.4444 8592.6667 0.4373
3823.4444 8592.6667 0.445
3967.7778 8592.6667 0.4618
4040.6667 8592.6667 0.4702
4102.5556 8592.6667 0.4774
4214.8889 8592.6667 0.4905
4098.6667 8592.6667 0.477
3784.8889 8592.6667 0.4405
3478.4444 8592.6667 0.4048
3210.7778 8592.6667 0.3737
2946.4444 8592.6667 0.3429
2786.3333 8592.6667 0.3243
2705.7778 8592.6667 0.3149
2617 8592.6667 0.3046
2647.2222 8592.6667 0.3081
2749 8592.6667 0.3199
3041.1111 8592.6667 0.3539
3366.5556 8592.6667 0.3918
3388.5556 8592.6667 0.3944
3447.7778 8592.6667 0.4012
3683.1111 8592.6667 0.4286
3691.4444 8592.6667 0.4296
3644.2222 8592.6667 0.4241
3664.8889 8592.6667 0.4265
3740.5556 8592.6667 0.4353
3779.7778 8592.6667 0.4399
3900.7778 8592.6667 0.454
4027 8592.6667 0.4687
4087.4444 8592.6667 0.4757
4327.6667 8592.6667 0.5036
4264.5556 8592.6667 0.4963
3974.6667 8592.6667 0.4626
3530.5556 8592.6667 0.4109
3076.8889 8592.6667 0.3581
2839 8592.6667 0.3304
2779.8889 8592.6667 0.3235
2618.1111 8592.6667 0.3047
2546.6667 8592.6667 0.2964
2631.7778 8592.6667 0.3063
2752.2222 8592.6667 0.3203
3068.3333 8592.6667 0.3571
3312.2222 8592.6667 0.3855
3317.4444 8592.6667 0.3861
3475.4444 8592.6667 0.4045
3646.4444 8592.6667 0.4244
3780.5556 8592.6667 0.44
3812.7778 8592.6667 0.4437
3875.7778 8592.6667 0.4511
3977 8592.6667 0.4628
4096.8889 8592.6667 0.4768
4199 8592.6667 0.4887
4385 8592.6667 0.5103
4419.2222 8592.6667 0.5143
4458.2222 8592.6667 0.5188
4342.2222 8592.6667 0.5053
4002.5556 8592.6667 0.4658
3656 8592.6667 0.4255
3307.2222 8592.6667 0.3849
3019.1111 8592.6667 0.3514
2809.1111 8592.6667 0.3269
2779.2222 8592.6667 0.3234
2724.5556 8592.6667 0.3171
2705.3333 8592.6667 0.3148
2775.6667 8592.6667 0.323
3106 8592.6667 0.3615
3322.5556 8592.6667 0.3867
3422.5556 8592.6667 0.3983
3562.6667 8592.6667 0.4146
3667.4444 8592.6667 0.4268
3741.5556 8592.6667 0.4354
3734.2222 8592.6667 0.4346
3859 8592.6667 0.4491
3877.3333 8592.6667 0.4512
3873.2222 8592.6667 0.4508
4020.8889 8592.6667 0.4679
4201.2222 8592.6667 0.4889
4204.1111 8592.6667 0.4893
4369.8889 8592.6667 0.5086
4233.7778 8592.6667 0.4927
3934.2222 8592.6667 0.4579
3519.5556 8592.6667 0.4096
3067 8592.6667 0.3569
2860.2222 8592.6667 0.3329
2771.6667 8592.6667 0.3226
2632.5556 8592.6667 0.3064
2543.7778 8592.6667 0.296
2557.7778 8592.6667 0.2977
2725.5556 8592.6667 0.3172
2973.7778 8592.6667 0.3461
3275 8592.6667 0.3811
3443 8592.6667 0.4007
3703 8592.6667 0.4309
3793.1111 8592.6667 0.4414
3882.6667 8592.6667 0.4519
3883.3333 8592.6667 0.4519
3853 8592.6667 0.4484
3914 8592.6667 0.4555
3989.2222 8592.6667 0.4643
4172.5556 8592.6667 0.4856
4256.8889 8592.6667 0.4954
4225.4444 8592.6667 0.4918
4433.8889 8592.6667 0.516
4313.6667 8592.6667 0.502
3999.5556 8592.6667 0.4655
3594.7778 8592.6667 0.4184
3142.2222 8592.6667 0.3657
2801.7778 8592.6667 0.3261
2735.6667 8592.6667 0.3184
2778.7778 8592.6667 0.3234
2740.7778 8592.6667 0.319
2752.8889 8592.6667 0.3204
2773.5556 8592.6667 0.3228
3082 8592.6667 0.3587
3342 8592.6667 0.3889
3462.8889 8592.6667 0.403
3558.6667 8592.6667 0.4142
3697.1111 8592.6667 0.4303
3823.1111 8592.6667 0.4449
3969.6667 8592.6667 0.462
3999.6667 8592.6667 0.4655
4029.4444 8592.6667 0.4689
4081 8592.6667 0.4749
4195.1111 8592.6667 0.4882
4352.7778 8592.6667 0.5066
4479.8889 8592.6667 0.5214
4571.2222 8592.6667 0.532
4433.3333 8592.6667 0.5159
4061.8889 8592.6667 0.4727
3684.7778 8592.6667 0.4288
3346.6667 8592.6667 0.3895
3053 8592.6667 0.3553
2867.5556 8592.6667 0.3337
2830.7778 8592.6667 0.3294
2618 8592.6667 0.3047
2594.7778 8592.6667 0.302
2761.6667 8592.6667 0.3214
3195.3333 8592.6667 0.3719
3350.5556 8592.6667 0.3899
3371.8889 8592.6667 0.3924
3729.2222 8592.6667 0.434
4037.8889 8592.6667 0.4699
3990.4444 8592.6667 0.4644
3993 8592.6667 0.4647
4005.6667 8592.6667 0.4662
3923 8592.6667 0.4566
3994.3333 8592.6667 0.4649
4186.1111 8592.6667 0.4872
4261.2222 8592.6667 0.4959
4195.4444 8592.6667 0.4883
4388.2222 8592.6667 0.5107
4265.7778 8592.6667 0.4964
3845.8889 8592.6667 0.4476
3383.4444 8592.6667 0.3938
3049.5556 8592.6667 0.3549
2799.6667 8592.6667 0.3258
2701.6667 8592.6667 0.3144
2608.1111 8592.6667 0.3035
2485.2222 8592.6667 0.2892
2486.5556 8592.6667 0.2894
2630.3333 8592.6667 0.3061
3032.8889 8592.6667 0.353
3383.2222 8592.6667 0.3937
3499.7778 8592.6667 0.4073
3579.7778 8592.6667 0.4166
3673.3333 8592.6667 0.4275
3729.2222 8592.6667 0.434
3783 8592.6667 0.4403
3748.2222 8592.6667 0.4362
3810.6667 8592.6667 0.4435
3912.4444 8592.6667 0.4553
4146.1111 8592.6667 0.4825
4259.5556 8592.6667 0.4957
4211 8592.6667 0.4901
4443.6667 8592.6667 0.5171
4179.2222 8592.6667 0.4864
3938.7778 8592.6667 0.4584
3574.3333 8592.6667 0.416
3150.6667 8592.6667 0.3667
2778.2222 8592.6667 0.3233
2712.3333 8592.6667 0.3157
2614.5556 8592.6667 0.3043
2601.3333 8592.6667 0.3027
2622.8889 8592.6667 0.3052
2796 8592.6667 0.3254
3081.1111 8592.6667 0.3586
3481.4444 8592.6667 0.4052
3706 8592.6667 0.4313
3685.6667 8592.6667 0.4289
3788.4444 8592.6667 0.4409
3851.1111 8592.6667 0.4482
3839.1111 8592.6667 0.4468
3844.3333 8592.6667 0.4474
3808.6667 8592.6667 0.4432
3829.3333 8592.6667 0.4457
3973.8889 8592.6667 0.4625
4051.5556 8592.6667 0.4715
4185.7778 8592.6667 0.4871
4298.3333 8592.6667 0.5002
4104.6667 8592.6667 0.4777
3926.7778 8592.6667 0.457
3457 8592.6667 0.4023
3081.2222 8592.6667 0.3586
2817.7778 8592.6667 0.3279
2696.5556 8592.6667 0.3138
2561.2222 8592.6667 0.2981
2499.1111 8592.6667 0.2908
2453.7778 8592.6667 0.2856
2586.8889 8592.6667 0.3011
2969.4444 8592.6667 0.3456
3411.8889 8592.6667 0.3971
3591.8889 8592.6667 0.418
3759.2222 8592.6667 0.4375
3881.3333 8592.6667 0.4517
3939.3333 8592.6667 0.4585
3848.5556 8592.6667 0.4479
3897.4444 8592.6667 0.4536
3809 8592.6667 0.4433
3786.2222 8592.6667 0.4406
3962.3333 8592.6667 0.4611
4059.4444 8592.6667 0.4724
4162 8592.6667 0.4844
4349 8592.6667 0.5061
4156.3333 8592.6667 0.4837
3904.4444 8592.6667 0.4544
3470.8889 8592.6667 0.4039
3033.8889 8592.6667 0.3531
2801.5556 8592.6667 0.326