3532.4444 8592.6667 0.4111
3407 8592.6667 0.3965
3319 8592.6667 0.3863
3272.4444 8592.6667 0.3808
3346.7778 8592.6667 0.3895
3473.4444 8592.6667 0.4042
4069.7778 8592.6667 0.4736
4536.8889 8592.6667 0.528
4670.8889 8592.6667 0.5436
4814.3333 8592.6667 0.5603
4757.7778 8592.6667 0.5537
4708 8592.6667 0.5479
4615.2222 8592.6667 0.5371
4446.7778 8592.6667 0.5175
4307.1111 8592.6667 0.5013
4323.6667 8592.6667 0.5032
4622.7778 8592.6667 0.538
5239 8592.6667 0.6097
5302.1111 8592.6667 0.6171
5227.5556 8592.6667 0.6084
5126.4444 8592.6667 0.5966
4666 8592.6667 0.543
4154 8592.6667 0.4834
3756.8889 8592.6667 0.4372
3598 8592.6667 0.4187
3488.2222 8592.6667 0.406
3301.6667 8592.6667 0.3842
3301.7778 8592.6667 0.3843
3309.4444 8592.6667 0.3851
3399.2222 8592.6667 0.3956
3998.5556 8592.6667 0.4653
4612.2222 8592.6667 0.5368
4811.2222 8592.6667 0.5599
4872.7778 8592.6667 0.5671
4767.1111 8592.6667 0.5548
4757.3333 8592.6667 0.5537
4609.6667 8592.6667 0.5365
4466.6667 8592.6667 0.5198
4453.7778 8592.6667 0.5183
4505.7778 8592.6667 0.5244
4759.8889 8592.6667 0.5539
5201.8889 8592.6667 0.6054
5250.8889 8592.6667 0.6111
5152.7778 8592.6667 0.5997
4968.6667 8592.6667 0.5782
4612.1111 8592.6667 0.5367
4150 8592.6667 0.483
3823 8592.6667 0.4449
3515.3333 8592.6667 0.4091
3518.5556 8592.6667 0.4095
3540.4444 8592.6667 0.412
3407.7778 8592.6667 0.3966
3479.2222 8592.6667 0.4049
3554.5556 8592.6667 0.4137
4085 8592.6667 0.4754
4630 8592.6667 0.5388
4870 8592.6667 0.5668
4902 8592.6667 0.5705
4651.6667 8592.6667 0.5414
4531.3333 8592.6667 0.5273
4475.1111 8592.6667 0.5208
4312.5556 8592.6667 0.5019
4169 8592.6667 0.4852
4355.5556 8592.6667 0.5069
4510.6667 8592.6667 0.5249
5039 8592.6667 0.5864
5088.4444 8592.6667 0.5922
5040.7778 8592.6667 0.5866
4873.2222 8592.6667 0.5671
4503.5556 8592.6667 0.5241
4069.8889 8592.6667 0.4736
3726.1111 8592.6667 0.4336
3443.4444 8592.6667 0.4007
3469.5556 8592.6667 0.4038
3293.3333 8592.6667 0.3833
3283.5556 8592.6667 0.3821
3292.1111 8592.6667 0.3831
3474.6667 8592.6667 0.4044
4097.7778 8592.6667 0.4769
4644.2222 8592.6667 0.5405
4825.5556 8592.6667 0.5616
4987.3333 8592.6667 0.5804
4849.8889 8592.6667 0.5644
4658.6667 8592.6667 0.5422
4496.6667 8592.6667 0.5233
4446.3333 8592.6667 0.5175
4332.1111 8592.6667 0.5042
4469.8889 8592.6667 0.5202
4766.5556 8592.6667 0.5547
5267.8889 8592.6667 0.6131
5331.1111 8592.6667 0.6204
5232.1111 8592.6667 0.6089
4961 8592.6667 0.5774
4603.6667 8592.6667 0.5358
3939.2222 8592.6667 0.4584
3580.4444 8592.6667 0.4167
3402.2222 8592.6667 0.3959
3375.5556 8592.6667 0.3928
3314 8592.6667 0.3857
3354.7778 8592.6667 0.3904
3343.5556 8592.6667 0.3891
3479.3333 8592.6667 0.4049
4098.1111 8592.6667 0.4769
4635.2222 8592.6667 0.5394
4733.6667 8592.6667 0.5509
4874.8889 8592.6667 0.5673
4672.3333 8592.6667 0.5438
4646.4444 8592.6667 0.5407
4530.2222 8592.6667 0.5272
4466.7778 8592.6667 0.5198
4370.6667 8592.6667 0.5087
4407.7778 8592.6667 0.513
4662 8592.6667 0.5426
5174.4444 8592.6667 0.6022
5295.5556 8592.6667 0.6163
5203.5556 8592.6667 0.6056
5053.3333 8592.6667 0.5881
4702.1111 8592.6667 0.5472
4322.3333 8592.6667 0.503
3848.6667 8592.6667 0.4479
3680.4444 8592.6667 0.4283
3568.1111 8592.6667 0.4153
3520.7778 8592.6667 0.4097
3456.8889 8592.6667 0.4023
3507.7778 8592.6667 0.4082
3492 8592.6667 0.4064
4034.7778 8592.6667 0.4696
4571.2222 8592.6667 0.532
4840.7778 8592.6667 0.5634
4782.8889 8592.6667 0.5566
4640.2222 8592.6667 0.54
4514.8889 8592.6667 0.5254
4352.5556 8592.6667 0.5065
4269.6667 8592.6667 0.4969
4340 8592.6667 0.5051
4465.5556 8592.6667 0.5197
4725 8592.6667 0.5499
5145.6667 8592.6667 0.5988
5202.6667 8592.6667 0.6055
5161.7778 8592.6667 0.6007
4980.1111 8592.6667 0.5796
4648.4444 8592.6667 0.541
4249.4444 8592.6667 0.4945
3806.7778 8592.6667 0.443
3561.5556 8592.6667 0.4145
3552.5556 8592.6667 0.4134
3507.6667 8592.6667 0.4082
3407.4444 8592.6667 0.3966
3300.1111 8592.6667 0.3841
3386.1111 8592.6667 0.3941
3976.1111 8592.6667 0.4627
4409.3333 8592.6667 0.5132
4542 8592.6667 0.5286
4657.7778 8592.6667 0.5421
4699.2222 8592.6667 0.5469
4630.5556 8592.6667 0.5389
4533.7778 8592.6667 0.5276
4368.4444 8592.6667 0.5084
4341.4444 8592.6667 0.5052
4433.7778 8592.6667 0.516
4728.4444 8592.6667 0.5503
5141.1111 8592.6667 0.5983
5242.5556 8592.6667 0.6101
5123 8592.6667 0.5962
4948.4444 8592.6667 0.5759
4531 8592.6667 0.5273
4055.8889 8592.6667 0.472
3701.6667 8592.6667 0.4308
3561 8592.6667 0.4144
3559.7778 8592.6667 0.4143
3399.6667 8592.6667 0.3956
3390.3333 8592.6667 0.3946
3420.4444 8592.6667 0.3981
3522.3333 8592.6667 0.4099
4082.1111 8592.6667 0.4751
4720.2222 8592.6667 0.5493
4797.7778 8592.6667 0.5584
4871.4444 8592.6667 0.5669
4824.5556 8592.6667 0.5615
4813.5556 8592.6667 0.5602
4634.8889 8592.6667 0.5394
4528.3333 8592.6667 0.527
4536.6667 8592.6667 0.528
4686.7778 8592.6667 0.5454
4850.7778 8592.6667 0.5645
5276.3333 8592.6667 0.6141
5373.5556 8592.6667 0.6254
5315.5556 8592.6667 0.6186
5235 8592.6667 0.6092
4816.7778 8592.6667 0.5606
4269.3333 8592.6667 0.4969
3890.8889 8592.6667 0.4528
3750.1111 8592.6667 0.4364
3577.4444 8592.6667 0.4163
3547.7778 8592.6667 0.4129
3610.1111 8592.6667 0.4201
3423.8889 8592.6667 0.3985
3615.4444 8592.6667 0.4208
4304.1111 8592.6667 0.5009
4879.1111 8592.6667 0.5678
4985.4444 8592.6667 0.5802
5036.8889 8592.6667 0.5862
4961.1111 8592.6667 0.5774
4798.5556 8592.6667 0.5584
4726 8592.6667 0.55
4606.6667 8592.6667 0.5361
4529.1111 8592.6667 0.5271
4532.3333 8592.6667 0.5275
4789 8592.6667 0.5573
5175.3333 8592.6667 0.6023
5376 8592.6667 0.6256
5342.3333 8592.6667 0.6217
5252.7778 8592.6667 0.6113
4701.3333 8592.6667 0.5471
4272.3333 8592.6667 0.4972
3879.1111 8592.6667 0.4514
3642 8592.6667 0.4238
3576.5556 8592.6667 0.4162
3536.7778 8592.6667 0.4116
3510.5556 8592.6667 0.4086
3506.3333 8592.6667 0.4081
3634.2222 8592.6667 0.4229
4367.6667 8592.6667 0.5083
4828.3333 8592.6667 0.5619
4964 8592.6667 0.5777
5050.8889 8592.6667 0.5878
4871.5556 8592.6667 0.5669
4772.3333 8592.6667 0.5554
4666.1111 8592.6667 0.543
4554.6667 8592.6667 0.5301
4412.7778 8592.6667 0.5136
4450.1111 8592.6667 0.5179
4757.7778 8592.6667 0.5537
5276.7778 8592.6667 0.6141
5399.4444 8592.6667 0.6284
5196.5556 8592.6667 0.6048
5036.6667 8592.6667 0.5862
4639.6667 8592.6667 0.54
4152.5556 8592.6667 0.4833
3772 8592.6667 0.439
3545.7778 8592.6667 0.4127
3471.2222 8592.6667 0.404
3214.2222 8592.6667 0.3741
3234.1111 8592.6667 0.3764
3253.3333 8592.6667 0.3786
3394 8592.6667 0.395
4057.2222 8592.6667 0.4722
4593.5556 8592.6667 0.5346
4838.3333 8592.6667 0.5631
5015.4444 8592.6667 0.5837
4962.2222 8592.6667 0.5775
4757.8889 8592.6667 0.5537
4692.8889 8592.6667 0.5462
4462.2222 8592.6667 0.5193
4328.4444 8592.6667 0.5037
4338 8592.6667 0.5048
4645.4444 8592.6667 0.5406
5208.2222 8592.6667 0.6061
5276.2222 8592.6667 0.614
5227.7778 8592.6667 0.6084
5005.7778 8592.6667 0.5826
4670.4444 8592.6667 0.5435
4143.1111 8592.6667 0.4822
3671 8592.6667 0.4272
3391.5556 8592.6667 0.3947
3365.6667 8592.6667 0.3917
3356.1111 8592.6667 0.3906
3316.7778 8592.6667 0.386
3359.4444 8592.6667 0.391
3477.4444 8592.6667 0.4047
3902.2222 8592.6667 0.4541
4468.5556 8592.6667 0.52
4769.8889 8592.6667 0.5551
4766.7778 8592.6667 0.5547
4613.6667 8592.6667 0.5369
4672.6667 8592.6667 0.5438
4491.4444 8592.6667 0.5227
4281.1111 8592.6667 0.4982
4199.3333 8592.6667 0.4887
4253 8592.6667 0.495
4487.2222 8592.6667 0.5222
4989.5556 8592.6667 0.5807
5137 8592.6667 0.5978
5142.5556 8592.6667 0.5985
4928.4444 8592.6667 0.5736
4475.8889 8592.6667 0.5209
3986.5556 8592.6667 0.4639
3747.4444 8592.6667 0.4361
3660.2222 8592.6667 0.426
3556.5556 8592.6667 0.4139
3517.3333 8592.6667 0.4093
3477.3333 8592.6667 0.4047
3482.2222 8592.6667 0.4053
3598.4444 8592.6667 0.4188
4063.3333 8592.6667 0.4729
4563.4444 8592.6667 0.5311
4775.4444 8592.6667 0.5558
4797 8592.6667 0.5583
4710.7778 8592.6667 0.5482
4650.1111 8592.6667 0.5412
4579.5556 8592.6667 0.533
4385.3333 8592.6667 0.5104
4350.1111 8592.6667 0.5063
4332.6667 8592.6667 0.5042
4578.1111 8592.6667 0.5328
5159.5556 8592.6667 0.6005
5366.6667 8592.6667 0.6246
5311 8592.6667 0.6181
5072.6667 8592.6667 0.5903
4634.1111 8592.6667 0.5393
4114.3333 8592.6667 0.4788
3847.7778 8592.6667 0.4478
3641.6667 8592.6667 0.4238
3595.6667 8592.6667 0.4185
3545 8592.6667 0.4126
3479.4444 8592.6667 0.4049
3536.1111 8592.6667 0.4115
3526.7778 8592.6667 0.4104
4053.1111 8592.6667 0.4717
4538 8592.6667 0.5281
4758.4444 8592.6667 0.5538
4824.7778 8592.6667 0.5615
4713.1111 8592.6667 0.5485
4624.4444 8592.6667 0.5382
4497.7778 8592.6667 0.5234
4389.3333 8592.6667 0.5108
4307.2222 8592.6667 0.5013
4508.7778 8592.6667 0.5247
4694 8592.6667 0.5463
5158.1111 8592.6667 0.6003
5322.7778 8592.6667 0.6195
5182.3333 8592.6667 0.6031
4977.7778 8592.6667 0.5793
4706.2222 8592.6667 0.5477
4197.1111 8592.6667 0.4885
3793.3333 8592.6667 0.4415
3620.4444 8592.6667 0.4213
3516.8889 8592.6667 0.4093
3504.8889 8592.6667 0.4079
3411.3333 8592.6667 0.397
3309.2222 8592.6667 0.3851
3440.8889 8592.6667 0.4004
3961.4444 8592.6667 0.461
4512.5556 8592.6667 0.5252
4716.8889 8592.6667 0.5489
4809.3333 8592.6667 0.5597
4693 8592.6667 0.5462
4689.4444 8592.6667 0.5457
4665.3333 8592.6667 0.5429
4475.7778 8592.6667 0.5209
4454.6667 8592.6667 0.5184
4548.7778 8592.6667 0.5294
4845.1111 8592.6667 0.5639
5278.8889 8592.6667 0.6143
5407.5556 8592.6667 0.6293
5299.3333 8592.6667 0.6167
5122.8889 8592.6667 0.5962
4753.8889 8592.6667 0.5532
4280.5556 8592.6667 0.4982
3911.2222 8592.6667 0.4552
3650.5556 8592.6667 0.4248
3494.6667 8592.6667 0.4067
3432.4444 8592.6667 0.3995
3433.4444 8592.6667 0.3996
3379.4444 8592.6667 0.3933
3566.4444 8592.6667 0.4151
4157.8889 8592.6667 0.4839
4687.3333 8592.6667 0.5455
4869.4444 8592.6667 0.5667
4973.3333 8592.6667 0.5788
4871.5556 8592.6667 0.5669
4709.8889 8592.6667 0.5481
4582.7778 8592.6667 0.5333
4455.2222 8592.6667 0.5185
4479.4444 8592.6667 0.5213
4475.3333 8592.6667 0.5208
4712.4444 8592.6667 0.5484
5146.8889 8592.6667 0.599
5354.4444 8592.6667 0.6231
5333 8592.6667 0.6206
5167 8592.6667 0.6013
4772.8889 8592.6667 0.5555
4457.2222 8592.6667 0.5187
3958.2222 8592.6667 0.4607
3730 8592.6667 0.4341
3686 8592.6667 0.429
3613.2222 8592.6667 0.4205
3565.7778 8592.6667 0.415
3582.3333 8592.6667 0.4169
3715 8592.6667 0.4323
4289.5556 8592.6667 0.4992
4575.7778 8592.6667 0.5325
4676.3333 8592.6667 0.5442
4803.4444 8592.6667 0.559
4751.5556 8592.6667 0.553
4596.5556 8592.6667 0.5349
4446.3333 8592.6667 0.5175
4410.3333 8592.6667 0.5133
4389.4444 8592.6667 0.5108
4462.4444 8592.6667 0.5193
4655.7778 8592.6667 0.5418
5116.6667 8592.6667 0.5955
5242.2222 8592.6667 0.6101
5211.3333 8592.6667 0.6065
5051.8889 8592.6667 0.5879
4647.5556 8592.6667 0.5409
4295.5556 8592.6667 0.4999
3985.8889 8592.6667 0.4639
3733.4444 8592.6667 0.4345
3502.4444 8592.6667 0.4076
3373.3333 8592.6667 0.3926
3362.6667 8592.6667 0.3913
3399.7778 8592.6667 0.3957
3546.5556 8592.6667 0.4127
4076.7778 8592.6667 0.4744
4383.6667 8592.6667 0.5102
4559.2222 8592.6667 0.5306
4637.7778 8592.6667 0.5397
4528.3333 8592.6667 0.527
4503.3333 8592.6667 0.5241
4494.4444 8592.6667 0.5231
4255.1111 8592.6667 0.4952
4163.4444 8592.6667 0.4845
4204 8592.6667 0.4893
4417.1111 8592.6667 0.5141
5006.4444 8592.6667 0.5826
5243.7778 8592.6667 0.6103
5146 8592.6667 0.5989
4850.8889 8592.6667 0.5645
4580.8889 8592.6667 0.5331
4159.4444 8592.6667 0.4841
3791.2222 8592.6667 0.4412
3427.5556 8592.6667 0.3989
3431.5556 8592.6667 0.3994
3431.8889 8592.6667 0.3994
3301.8889 8592.6667 0.3843
3272.2222 8592.6667 0.3808
3374.2222 8592.6667 0.3927
3847.1111 8592.6667 0.4477
4210 8592.6667 0.49
4352 8592.6667 0.5065
4436.5556 8592.6667 0.5163
4378.5556 8592.6667 0.5096
4343 8592.6667 0.5054
4340.6667 8592.6667 0.5052
4242.2222 8592.6667 0.4937
4196.8889 8592.6667 0.4884
4319.4444 8592.6667 0.5027
4496.4444 8592.6667 0.5233
4910.3333 8592.6667 0.5715
5117.6667 8592.6667 0.5956
5022.7778 8592.6667 0.5845
4884.5556 8592.6667 0.5685
4560.1111 8592.6667 0.5307
4222.2222 8592.6667 0.4914
3887.8889 8592.6667 0.4525
3648.6667 8592.6667 0.4246
3521.4444 8592.6667 0.4098
3445.6667 8592.6667 0.401
3463 8592.6667 0.403
3466.3333 8592.6667 0.4034
3480.6667 8592.6667 0.4051
3898.6667 8592.6667 0.4537
4167.1111 8592.6667 0.485
4298.5556 8592.6667 0.5003
4476.3333 8592.6667 0.5209
4457.3333 8592.6667 0.5187
4344.3333 8592.6667 0.5056
4192.7778 8592.6667 0.4879
4040.2222 8592.6667 0.4702
3948.5556 8592.6667 0.4595
4109.2222 8592.6667 0.4782
4377.7778 8592.6667 0.5095
4938.8889 8592.6667 0.5748
5117 8592.6667 0.5955
4947 8592.6667 0.5757
4717.7778 8592.6667 0.549
4385.7778 8592.6667 0.5104
3906.3333 8592.6667 0.4546
3673.1111 8592.6667 0.4275
3430.7778 8592.6667 0.3993
3296.3333 8592.6667 0.3836
3213.2222 8592.6667 0.3739
3299.4444 8592.6667 0.384
3295 8592.6667 0.3835
3388 8592.6667 0.3943
3765.1111 8592.6667 0.4382
4203.5556 8592.6667 0.4892
4426.8889 8592.6667 0.5152
4567.5556 8592.6667 0.5316
4615.6667 8592.6667 0.5372
4595.6667 8592.6667 0.5348
4511.4444 8592.6667 0.525
4475.4444 8592.6667 0.5208
4352.7778 8592.6667 0.5066
4456.5556 8592.6667 0.5186
4649 8592.6667 0.541
4986.6667 8592.6667 0.5803
5252.6667 8592.6667 0.6113
5209 8592.6667 0.6062
5019.5556 8592.6667 0.5842
4707.6667 8592.6667 0.5479
4229.3333 8592.6667 0.4922
3760.3333 8592.6667 0.4376
3619.8889 8592.6667 0.4213
3572.7778 8592.6667 0.4158
3471.4444 8592.6667 0.404
3350.3333 8592.6667 0.3899
3335.8889 8592.6667 0.3882
3515.7778 8592.6667 0.4092
4071.4444 8592.6667 0.4738
4649.2222 8592.6667 0.5411
4781.4444 8592.6667 0.5565
4839 8592.6667 0.5632
4827.5556 8592.6667 0.5618
4666.4444 8592.6667 0.5431
4447.5556 8592.6667 0.5176
4326.3333 8592.6667 0.5035
4240.2222 8592.6667 0.4935
4360 8592.6667 0.5074
4505 8592.6667 0.5243
5021 8592.6667 0.5843
5297.1111 8592.6667 0.6165
5250.7778 8592.6667 0.6111
5056.5556 8592.6667 0.5885
4664.7778 8592.6667 0.5429
4085 8592.6667 0.4754
3600.7778 8592.6667 0.4191
3372.7778 8592.6667 0.3925
3313.1111 8592.6667 0.3856
3260.8889 8592.6667 0.3795
3314 8592.6667 0.3857
3371.1111 8592.6667 0.3923
3392 8592.6667 0.3948
4078 8592.6667 0.4746
4518.7778 8592.6667 0.5259
4650.2222 8592.6667 0.5412
4805.1111 8592.6667 0.5592
4729.4444 8592.6667 0.5504
4679.8889 8592.6667 0.5446
4647.3333 8592.6667 0.5408
4561 8592.6667 0.5308
4382.5556 8592.6667 0.51
4398.2222 8592.6667 0.5119
4650.4444 8592.6667 0.5412
5128.6667 8592.6667 0.5969
5330 8592.6667 0.6203
5267.6667 8592.6667 0.613
5028.2222 8592.6667 0.5852
4671.4444 8592.6667 0.5437
4150 8592.6667 0.483
3850 8592.6667 0.4481
3575.8889 8592.6667 0.4162
3362.7778 8592.6667 0.3914
3254.2222 8592.6667 0.3787
3207.1111 8592.6667 0.3732
3275.6667 8592.6667 0.3812
3346.5556 8592.6667 0.3895
3914.8889 8592.6667 0.4556
4590.2222 8592.6667 0.5342
4882.7778 8592.6667 0.5682
4844.3333 8592.6667 0.5638
4795.8889 8592.6667 0.5581
4750.5556 8592.6667 0.5529
4652.3333 8592.6667 0.5414
4684 8592.6667 0.5451
4525.2222 8592.6667 0.5266
4507.8889 8592.6667 0.5246
4764.3333 8592.6667 0.5545
5183.4444 8592.6667 0.6032
5333.3333 8592.6667 0.6207
5253.5556 8592.6667 0.6114
5000 8592.6667 0.5819
4650.1111 8592.6667 0.5412
4199.1111 8592.6667 0.4887
3801.6667 8592.6667 0.4424
3570.3333 8592.6667 0.4155
3454.2222 8592.6667 0.402
3375.8889 8592.6667 0.3929
3338.5556 8592.6667 0.3885
3331.6667 8592.6667 0.3877
3320.8889 8592.6667 0.3865
3934 8592.6667 0.4578
4445.2222 8592.6667 0.5173
4630.1111 8592.6667 0.5388
4729.7778 8592.6667 0.5504
4551.5556 8592.6667 0.5297
4422.3333 8592.6667 0.5147
4451.2222 8592.6667 0.518
4399.8889 8592.6667 0.5121
4318.3333 8592.6667 0.5026
4265.6667 8592.6667 0.4964
4557.3333 8592.6667 0.5304
4896.6667 8592.6667 0.5699
5225.1111 8592.6667 0.6081
5207.1111 8592.6667 0.606
4987.1111 8592.6667 0.5804
4598.4444 8592.6667 0.5352
4110.7778 8592.6667 0.4784
3681.5556 8592.6667 0.4285
3464.3333 8592.6667 0.4032
3382.6667 8592.6667 0.3937
3292.4444 8592.6667 0.3832
3309.1111 8592.6667 0.3851
3297.5556 8592.6667 0.3838
3421.7778 8592.6667 0.3982
4137.2222 8592.6667 0.4815
4592.3333 8592.6667 0.5344
4820.5556 8592.6667 0.561
4807.5556 8592.6667 0.5595
4775.7778 8592.6667 0.5558
4589.7778 8592.6667 0.5342
4501.2222 8592.6667 0.5238
4416.5556 8592.6667 0.514
4335.8889 8592.6667 0.5046
4419.6667 8592.6667 0.5144
4669.6667 8592.6667 0.5434
5094.7778 8592.6667 0.5929
5336.4444 8592.6667 0.621
5319.7778 8592.6667 0.6191
5201.4444 8592.6667 0.6053
4666.8889 8592.6667 0.5431
4233 8592.6667 0.4926
3773.7778 8592.6667 0.4392
3477.6667 8592.6667 0.4047
3351.3333 8592.6667 0.39
3241.8889 8592.6667 0.3773
3214.6667 8592.6667 0.3741
3215.4444 8592.6667 0.3742
3387.8889 8592.6667 0.3943
4085.2222 8592.6667 0.4754
4572.7778 8592.6667 0.5322
4633 8592.6667 0.5392
4649.4444 8592.6667 0.5411
4607.7778 8592.6667 0.5362
4441.1111 8592.6667 0.5168
4327.3333 8592.6667 0.5036
4250.1111 8592.6667 0.4946
4234.5556 8592.6667 0.4928
4294.2222 8592.6667 0.4998
4518.5556 8592.6667 0.5259
4986.2222 8592.6667 0.5803
5270.2222 8592.6667 0.6133
5180.2222 8592.6667 0.6029
5056.7778 8592.6667 0.5885
4706.8889 8592.6667 0.5478
4275.4444 8592.6667 0.4976
3962.1111 8592.6667 0.4611
3630.8889 8592.6667 0.4226
3583.8889 8592.6667 0.4171
3500.1111 8592.6667 0.4073
3464 8592.6667 0.4031
3468.6667 8592.6667 0.4037
3601.2222 8592.6667 0.4191
4069.6667 8592.6667 0.4736
4409.4444 8592.6667 0.5132
4637.1111 8592.6667 0.5397
4684.3333 8592.6667 0.5452
4650 8592.6667 0.5412
4483.1111 8592.6667 0.5217
4409.4444 8592.6667 0.5132
4305 8592.6667 0.501
4231.5556 8592.6667 0.4925
4275.5556 8592.6667 0.4976
4484.3333 8592.6667 0.5219
4838.6667 8592.6667 0.5631
5181.8889 8592.6667 0.6031
5185.5556 8592.6667 0.6035
4959.3333 8592.6667 0.5772
4646.2222 8592.6667 0.5407
4120.2222 8592.6667 0.4795
3712.4444 8592.6667 0.432