2776.8889 8592.6667 0.3232
2697 8592.6667 0.3139
2634.2222 8592.6667 0.3066
2525 8592.6667 0.2939
2592.5556 8592.6667 0.3017
2653.7778 8592.6667 0.3088
2917 8592.6667 0.3395
3217.6667 8592.6667 0.3745
3631.3333 8592.6667 0.4226
3857.3333 8592.6667 0.4489
3962.5556 8592.6667 0.4612
4016.1111 8592.6667 0.4674
4022 8592.6667 0.4681
4072.2222 8592.6667 0.4739
4113.8889 8592.6667 0.4788
4261.5556 8592.6667 0.496
4388.8889 8592.6667 0.5108
4311.6667 8592.6667 0.5018
4201.7778 8592.6667 0.489
4160 8592.6667 0.4841
3932 8592.6667 0.4576
3548.6667 8592.6667 0.413
3263.4444 8592.6667 0.3798
3041.6667 8592.6667 0.354
2723.3333 8592.6667 0.3169
2644.1111 8592.6667 0.3077
2623.1111 8592.6667 0.3053
2567.8889 8592.6667 0.2988
2568.1111 8592.6667 0.2989
2660.5556 8592.6667 0.3096
2867.1111 8592.6667 0.3337
3118.4444 8592.6667 0.3629
3543.4444 8592.6667 0.4124
3795.7778 8592.6667 0.4417
3923.3333 8592.6667 0.4566
3953 8592.6667 0.46
4111 8592.6667 0.4784
4132.7778 8592.6667 0.481
4184.2222 8592.6667 0.487
4398.4444 8592.6667 0.5119
4386.1111 8592.6667 0.5104
4192.8889 8592.6667 0.488
4231.5556 8592.6667 0.4925
4191.2222 8592.6667 0.4878
4102.7778 8592.6667 0.4775
3657.7778 8592.6667 0.4257
3242.3333 8592.6667 0.3773
2985.8889 8592.6667 0.3475
2727.4444 8592.6667 0.3174
2717 8592.6667 0.3162
2615.5556 8592.6667 0.3044
2525.8889 8592.6667 0.294
2596.8889 8592.6667 0.3022
2646 8592.6667 0.3079
2887.7778 8592.6667 0.3361
3158.1111 8592.6667 0.3675
3467 8592.6667 0.4035
3695.1111 8592.6667 0.43
3922 8592.6667 0.4564
4140.8889 8592.6667 0.4819
4208.7778 8592.6667 0.4898
4170.4444 8592.6667 0.4853
4233.5556 8592.6667 0.4927
4354.7778 8592.6667 0.5068
4466.6667 8592.6667 0.5198
4393.2222 8592.6667 0.5113
4307.6667 8592.6667 0.5013
4144.5556 8592.6667 0.4823
3928.3333 8592.6667 0.4572
3532.5556 8592.6667 0.4111
3203.8889 8592.6667 0.3729
2956.3333 8592.6667 0.3441
2786.1111 8592.6667 0.3242
2774.3333 8592.6667 0.3229
2639.7778 8592.6667 0.3072
2526.3333 8592.6667 0.294
2659.3333 8592.6667 0.3095
2728.2222 8592.6667 0.3175
2995.2222 8592.6667 0.3486
3242.5556 8592.6667 0.3774
3535.4444 8592.6667 0.4114
3738.6667 8592.6667 0.4351
4009.7778 8592.6667 0.4667
4056 8592.6667 0.472
4081.4444 8592.6667 0.475
4082.6667 8592.6667 0.4751
4162 8592.6667 0.4844
4291.4444 8592.6667 0.4994
4328.5556 8592.6667 0.5037
4233.1111 8592.6667 0.4926
4144.3333 8592.6667 0.4823
4065.2222 8592.6667 0.4731
3989.7778 8592.6667 0.4643
3612.1111 8592.6667 0.4204
3199 8592.6667 0.3723
2838.8889 8592.6667 0.3304
2702.7778 8592.6667 0.3145
2575.3333 8592.6667 0.2997
2486.8889 8592.6667 0.2894
2551.3333 8592.6667 0.2969
2713.6667 8592.6667 0.3158
2610 8592.6667 0.3037
2867 8592.6667 0.3337
3182.4444 8592.6667 0.3704
3320.6667 8592.6667 0.3865
3598.7778 8592.6667 0.4188
3858.7778 8592.6667 0.4491
3970.4444 8592.6667 0.4621
3905.4444 8592.6667 0.4545
3865.4444 8592.6667 0.4499
4000.7778 8592.6667 0.4656
4241.8889 8592.6667 0.4937
4382.5556 8592.6667 0.51
4273.8889 8592.6667 0.4974
4191.6667 8592.6667 0.4878
4071.2222 8592.6667 0.4738
3999 8592.6667 0.4654
3524.2222 8592.6667 0.4101
3153.1111 8592.6667 0.367
2860.6667 8592.6667 0.3329
2698.2222 8592.6667 0.314
2617.4444 8592.6667 0.3046
2598.4444 8592.6667 0.3024
2604.7778 8592.6667 0.3031
2657.1111 8592.6667 0.3092
2641.2222 8592.6667 0.3074
2744.7778 8592.6667 0.3194
3086.8889 8592.6667 0.3592
3438.6667 8592.6667 0.4002
3676.1111 8592.6667 0.4278
3806.5556 8592.6667 0.443
3898.1111 8592.6667 0.4537
3935.5556 8592.6667 0.458
3976 8592.6667 0.4627
4116.6667 8592.6667 0.4791
4186.6667 8592.6667 0.4872
4330.2222 8592.6667 0.5039
4166.8889 8592.6667 0.4849
4105.6667 8592.6667 0.4778
4058.8889 8592.6667 0.4724
3876.7778 8592.6667 0.4512
3488.8889 8592.6667 0.406
3248.3333 8592.6667 0.378
2976 8592.6667 0.3463
2921.8889 8592.6667 0.34
2845.8889 8592.6667 0.3312
2766.6667 8592.6667 0.322
2837.5556 8592.6667 0.3302
2829.8889 8592.6667 0.3293
2737.7778 8592.6667 0.3186
2794.4444 8592.6667 0.3252
3036.4444 8592.6667 0.3534
3251 8592.6667 0.3783
3404.5556 8592.6667 0.3962
3615.7778 8592.6667 0.4208
3742.7778 8592.6667 0.4356
3909.6667 8592.6667 0.455
3996 8592.6667 0.465
4058.7778 8592.6667 0.4724
4345.5556 8592.6667 0.5057
4447.2222 8592.6667 0.5176
4308.8889 8592.6667 0.5015
4228.6667 8592.6667 0.4921
4061.4444 8592.6667 0.4727
3923.5556 8592.6667 0.4566
3526.6667 8592.6667 0.4104
3234.4444 8592.6667 0.3764
2845.6667 8592.6667 0.3312
2760.8889 8592.6667 0.3213
2729.4444 8592.6667 0.3176
2590.6667 8592.6667 0.3015
2543.4444 8592.6667 0.296
2599.8889 8592.6667 0.3026
2682.6667 8592.6667 0.3122
2914.6667 8592.6667 0.3392
3101.7778 8592.6667 0.361
3419.6667 8592.6667 0.398
3656.6667 8592.6667 0.4256
3759.5556 8592.6667 0.4375
3834.4444 8592.6667 0.4462
3926.6667 8592.6667 0.457
3940.8889 8592.6667 0.4586
4024.2222 8592.6667 0.4683
4204.6667 8592.6667 0.4893
4298.4444 8592.6667 0.5002
4314.5556 8592.6667 0.5021
4301.1111 8592.6667 0.5006
4206.2222 8592.6667 0.4895
4009.7778 8592.6667 0.4667
3654.5556 8592.6667 0.4253
3279.6667 8592.6667 0.3817
2900.1111 8592.6667 0.3375
2709.3333 8592.6667 0.3153
2607.2222 8592.6667 0.3034
2598.6667 8592.6667 0.3024
2575.3333 8592.6667 0.2997
2674.5556 8592.6667 0.3113
2817.2222 8592.6667 0.3279
3020.8889 8592.6667 0.3516
3284.4444 8592.6667 0.3822
3480.6667 8592.6667 0.4051
3688 8592.6667 0.4292
3782.5556 8592.6667 0.4402
3914.1111 8592.6667 0.4555
4049.5556 8592.6667 0.4713
4186.6667 8592.6667 0.4872
4150.4444 8592.6667 0.483
4344.5556 8592.6667 0.5056
4474.1111 8592.6667 0.5207
4366.6667 8592.6667 0.5082
4240.2222 8592.6667 0.4935
4106.6667 8592.6667 0.4779
3900.2222 8592.6667 0.4539
3521.2222 8592.6667 0.4098
3200.6667 8592.6667 0.3725
2854.2222 8592.6667 0.3322
2667.8889 8592.6667 0.3105
2483.8889 8592.6667 0.2891
2520.1111 8592.6667 0.2933
2540.2222 8592.6667 0.2956
2683.4444 8592.6667 0.3123
2797.7778 8592.6667 0.3256
2964 8592.6667 0.3449
3232.1111 8592.6667 0.3761
3703.8889 8592.6667 0.4311
3775.7778 8592.6667 0.4394
3872 8592.6667 0.4506
4023.1111 8592.6667 0.4682
4116.6667 8592.6667 0.4791
4133.6667 8592.6667 0.4811
4298.3333 8592.6667 0.5002
4350.6667 8592.6667 0.5063
4374 8592.6667 0.509
4178.1111 8592.6667 0.4862
4124 8592.6667 0.4799
4034.2222 8592.6667 0.4695
3857.2222 8592.6667 0.4489
3513.6667 8592.6667 0.4089
3187.1111 8592.6667 0.3709
2975.6667 8592.6667 0.3463
2811.5556 8592.6667 0.3272
2706.5556 8592.6667 0.315
2604.3333 8592.6667 0.3031
2612.2222 8592.6667 0.304
2689.5556 8592.6667 0.313
2854.2222 8592.6667 0.3322
3028.4444 8592.6667 0.3524
3341.5556 8592.6667 0.3889
3561 8592.6667 0.4144
3760 8592.6667 0.4376
3926.8889 8592.6667 0.457
3958 8592.6667 0.4606
4022.5556 8592.6667 0.4681
4086.7778 8592.6667 0.4756
4208.5556 8592.6667 0.4898
4307.2222 8592.6667 0.5013
4321.6667 8592.6667 0.5029
4203 8592.6667 0.4891
4194.7778 8592.6667 0.4882
4216.4444 8592.6667 0.4907
4002.2222 8592.6667 0.4658
3739.6667 8592.6667 0.4352
3303.4444 8592.6667 0.3844
2932 8592.6667 0.3412
2940 8592.6667 0.3422
2914.2222 8592.6667 0.3392
2792.3333 8592.6667 0.325
2679.4444 8592.6667 0.3118
2714.6667 8592.6667 0.3159
2895.7778 8592.6667 0.337
3018.2222 8592.6667 0.3513
3296.1111 8592.6667 0.3836
3551.8889 8592.6667 0.4134
3747.3333 8592.6667 0.4361
3848 8592.6667 0.4478
3956.8889 8592.6667 0.4605
3993.7778 8592.6667 0.4648
4030.7778 8592.6667 0.4691
4046 8592.6667 0.4709
4156.8889 8592.6667 0.4838
4272 8592.6667 0.4972
4242.8889 8592.6667 0.4938
4193.5556 8592.6667 0.488
4109.3333 8592.6667 0.4782
3870 8592.6667 0.4504
3517.4444 8592.6667 0.4094
3189.4444 8592.6667 0.3712
2854.2222 8592.6667 0.3322
2774.8889 8592.6667 0.3229
2728 8592.6667 0.3175
2638.7778 8592.6667 0.3071
2655.4444 8592.6667 0.309
2610 8592.6667 0.3037
2782.8889 8592.6667 0.3239
2921 8592.6667 0.3399
3130.3333 8592.6667 0.3643
3374.4444 8592.6667 0.3927
3616.6667 8592.6667 0.4209
3796.8889 8592.6667 0.4419
3932.4444 8592.6667 0.4577
4054 8592.6667 0.4718
4017.4444 8592.6667 0.4675
4133.1111 8592.6667 0.481
4263.5556 8592.6667 0.4962
4287.7778 8592.6667 0.499
4240.1111 8592.6667 0.4935
4242.4444 8592.6667 0.4937
4176.5556 8592.6667 0.4861
3930 8592.6667 0.4574
3580.5556 8592.6667 0.4167
3074.8889 8592.6667 0.3579
2825 8592.6667 0.3288
2755.7778 8592.6667 0.3207
2698.4444 8592.6667 0.314
2657.8889 8592.6667 0.3093
2718.6667 8592.6667 0.3164
2777.5556 8592.6667 0.3232
2937.6667 8592.6667 0.3419
3076.7778 8592.6667 0.3581
3133.2222 8592.6667 0.3646
3327.7778 8592.6667 0.3873
3462.1111 8592.6667 0.4029
3597.3333 8592.6667 0.4187
3736.2222 8592.6667 0.4348
3794.5556 8592.6667 0.4416
3776 8592.6667 0.4394
3977.1111 8592.6667 0.4628
4134.6667 8592.6667 0.4812
4246.4444 8592.6667 0.4942
4188.2222 8592.6667 0.4874
4189.6667 8592.6667 0.4876
4182.6667 8592.6667 0.4868
3924.2222 8592.6667 0.4567
3496.4444 8592.6667 0.4069
3138.3333 8592.6667 0.3652
2982.8889 8592.6667 0.3471
2878.6667 8592.6667 0.335
2794.6667 8592.6667 0.3252
2736.6667 8592.6667 0.3185
2747.6667 8592.6667 0.3198
2793.6667 8592.6667 0.3251
2968.4444 8592.6667 0.3455
3045.1111 8592.6667 0.3544
3306.7778 8592.6667 0.3848
3514.3333 8592.6667 0.409
3732.2222 8592.6667 0.4343
3877.8889 8592.6667 0.4513
4036.8889 8592.6667 0.4698
4065.5556 8592.6667 0.4731
4141.5556 8592.6667 0.482
4136.4444 8592.6667 0.4814
4192.8889 8592.6667 0.488
4356.1111 8592.6667 0.507
4297.3333 8592.6667 0.5001
4251.4444 8592.6667 0.4948
4117.6667 8592.6667 0.4792
3813 8592.6667 0.4438
3463.7778 8592.6667 0.4031
3085.3333 8592.6667 0.3591
2818.7778 8592.6667 0.328
2723.4444 8592.6667 0.3169
2692.6667 8592.6667 0.3134
2556.7778 8592.6667 0.2976
2532.8889 8592.6667 0.2948
2560.6667 8592.6667 0.298
2678.1111 8592.6667 0.3117
2764.1111 8592.6667 0.3217
3248.1111 8592.6667 0.378
3553.5556 8592.6667 0.4136
3847.7778 8592.6667 0.4478
3872.8889 8592.6667 0.4507
3969.8889 8592.6667 0.462
4083.6667 8592.6667 0.4753
4133.2222 8592.6667 0.481
4156 8592.6667 0.4837
4398.1111 8592.6667 0.5118
4439.3333 8592.6667 0.5166
4365 8592.6667 0.508
4256.3333 8592.6667 0.4953
4145.8889 8592.6667 0.4825
3864.5556 8592.6667 0.4498
3458.8889 8592.6667 0.4025
3168 8592.6667 0.3687
2941.5556 8592.6667 0.3423
2786.8889 8592.6667 0.3243
2659.4444 8592.6667 0.3095
2617.7778 8592.6667 0.3047
2622 8592.6667 0.3051
2669.5556 8592.6667 0.3107
2706.1111 8592.6667 0.3149
2885.4444 8592.6667 0.3358
3174.5556 8592.6667 0.3694
3537.4444 8592.6667 0.4117
3773 8592.6667 0.4391
3972.1111 8592.6667 0.4623
4027.5556 8592.6667 0.4687
4060.7778 8592.6667 0.4726
4072.2222 8592.6667 0.4739
4132.1111 8592.6667 0.4809
4320.2222 8592.6667 0.5028
4453 8592.6667 0.5182
4337.1111 8592.6667 0.5047
4222.6667 8592.6667 0.4914
4182.2222 8592.6667 0.4867
3850.3333 8592.6667 0.4481
3526.3333 8592.6667 0.4104
3172 8592.6667 0.3692
2857 8592.6667 0.3325
2749.8889 8592.6667 0.32
2729.7778 8592.6667 0.3177
2667.1111 8592.6667 0.3104
2607 8592.6667 0.3034
2610.5556 8592.6667 0.3038
2751.7778 8592.6667 0.3202
2908.2222 8592.6667 0.3385
3249.4444 8592.6667 0.3782
3453.8889 8592.6667 0.402
3560.8889 8592.6667 0.4144
3785.1111 8592.6667 0.4405
3900.1111 8592.6667 0.4539
3933 8592.6667 0.4577
4056.5556 8592.6667 0.4721
4180.2222 8592.6667 0.4865
4387.8889 8592.6667 0.5107
4470.5556 8592.6667 0.5203
4318.5556 8592.6667 0.5026
4244.6667 8592.6667 0.494
4114.8889 8592.6667 0.4789
3873.3333 8592.6667 0.4508
3517 8592.6667 0.4093
3205 8592.6667 0.373
2923.1111 8592.6667 0.3402
2691.3333 8592.6667 0.3132
2595.4444 8592.6667 0.3021
2510 8592.6667 0.2921
2469.8889 8592.6667 0.2874
2556.2222 8592.6667 0.2975
2767.1111 8592.6667 0.322
2906.8889 8592.6667 0.3383
3307.6667 8592.6667 0.3849
3580.7778 8592.6667 0.4167
3723.8889 8592.6667 0.4334
3870 8592.6667 0.4504
3943.3333 8592.6667 0.4589
3976.3333 8592.6667 0.4628
3939.4444 8592.6667 0.4585
4150.7778 8592.6667 0.4831
4277 8592.6667 0.4978
4423.3333 8592.6667 0.5148
4314.8889 8592.6667 0.5022
4197.1111 8592.6667 0.4885
4166.8889 8592.6667 0.4849
3874.1111 8592.6667 0.4509
3612.5556 8592.6667 0.4204
3206.6667 8592.6667 0.3732
2843 8592.6667 0.3309
2714.3333 8592.6667 0.3159
2614.2222 8592.6667 0.3042
2547 8592.6667 0.2964
2606.8889 8592.6667 0.3034
2697.1111 8592.6667 0.3139
2846.6667 8592.6667 0.3313
2979.8889 8592.6667 0.3468
3275.6667 8592.6667 0.3812
3541.1111 8592.6667 0.4121
3662.2222 8592.6667 0.4262
3769.4444 8592.6667 0.4387
3902.8889 8592.6667 0.4542
4033.2222 8592.6667 0.4694
3987.1111 8592.6667 0.464
4095.7778 8592.6667 0.4767
4275.5556 8592.6667 0.4976
4408.1111 8592.6667 0.513
4308.3333 8592.6667 0.5014
4233.4444 8592.6667 0.4927
4275.1111 8592.6667 0.4975
3913 8592.6667 0.4554
3592.8889 8592.6667 0.4181
3211.7778 8592.6667 0.3738
2858.1111 8592.6667 0.3326
2684 8592.6667 0.3124
2597.6667 8592.6667 0.3023
2549 8592.6667 0.2966
2558.2222 8592.6667 0.2977
2644.8889 8592.6667 0.3078
2879.5556 8592.6667 0.3351
2974.1111 8592.6667 0.3461
3309.5556 8592.6667 0.3852
3544.7778 8592.6667 0.4125
3693.4444 8592.6667 0.4298
3831.8889 8592.6667 0.4459
3882.1111 8592.6667 0.4518
4037.5556 8592.6667 0.4699
4146.3333 8592.6667 0.4825
4153.1111 8592.6667 0.4833
4234.8889 8592.6667 0.4928
4310.2222 8592.6667 0.5016
4193.3333 8592.6667 0.488
4100.2222 8592.6667 0.4772
4124.6667 8592.6667 0.48
3865 8592.6667 0.4498
3471.8889 8592.6667 0.4041
3151.4444 8592.6667 0.3668
2948.3333 8592.6667 0.3431
2700.6667 8592.6667 0.3143
2595.6667 8592.6667 0.3021
2559.6667 8592.6667 0.2979
2537 8592.6667 0.2953
2715 8592.6667 0.316
2965.6667 8592.6667 0.3451
3122.8889 8592.6667 0.3634
3426.2222 8592.6667 0.3987
3659.1111 8592.6667 0.4258
3778.8889 8592.6667 0.4398
3894.2222 8592.6667 0.4532
4058.2222 8592.6667 0.4723
4115.2222 8592.6667 0.4789
4031.5556 8592.6667 0.4692
4086 8592.6667 0.4755
4275.8889 8592.6667 0.4976
4280.3333 8592.6667 0.4981
4170.6667 8592.6667 0.4854
4072.5556 8592.6667 0.474
4035.4444 8592.6667 0.4696
3824.4444 8592.6667 0.4451
3523.1111 8592.6667 0.41
3159.4444 8592.6667 0.3677
2862.2222 8592.6667 0.3331
2756.2222 8592.6667 0.3208
2646.5556 8592.6667 0.308
2554.4444 8592.6667 0.2973
2479.3333 8592.6667 0.2885
2602.6667 8592.6667 0.3029
2688.6667 8592.6667 0.3129
2910.2222 8592.6667 0.3387
3208.3333 8592.6667 0.3734
3559.5556 8592.6667 0.4143
3684.1111 8592.6667 0.4288
3890.6667 8592.6667 0.4528
3961.5556 8592.6667 0.461
4014.7778 8592.6667 0.4672
4024.4444 8592.6667 0.4684
4075.5556 8592.6667 0.4743
4156.1111 8592.6667 0.4837
4328.7778 8592.6667 0.5038
4313 8592.6667 0.5019
4131.4444 8592.6667 0.4808
4133.4444 8592.6667 0.481
3803.8889 8592.6667 0.4427
3448.2222 8592.6667 0.4013
3148.8889 8592.6667 0.3665
2932.8889 8592.6667 0.3413
2734.4444 8592.6667 0.3182
2585.4444 8592.6667 0.3009
2577 8592.6667 0.2999
2601.3333 8592.6667 0.3027
2699.8889 8592.6667 0.3142
2995.4444 8592.6667 0.3486
3178.6667 8592.6667 0.3699
3433.8889 8592.6667 0.3996
3554.7778 8592.6667 0.4137
3735.8889 8592.6667 0.4348
3775.5556 8592.6667 0.4394
3733.1111 8592.6667 0.4345
3835.6667 8592.6667 0.4464
3924.2222 8592.6667 0.4567
4064.1111 8592.6667 0.473
4239.8889 8592.6667 0.4934
4402.5556 8592.6667 0.5124
4298.2222 8592.6667 0.5002
4200.7778 8592.6667 0.4889
4157.8889 8592.6667 0.4839
3812.5556 8592.6667 0.4437
3494.8889 8592.6667 0.4067
3118.5556 8592.6667 0.3629
2892.2222 8592.6667 0.3366
2689.7778 8592.6667 0.313
2634.3333 8592.6667 0.3066
2667.7778 8592.6667 0.3105
2676.8889 8592.6667 0.3115
2757.6667 8592.6667 0.3209
3021.2222 8592.6667 0.3516
3218.1111 8592.6667 0.3745
3418.2222 8592.6667 0.3978
3730.1111 8592.6667 0.4341
3823.2222 8592.6667 0.4449
3889.3333 8592.6667 0.4526
3933 8592.6667 0.4577
3994.1111 8592.6667 0.4648
4023 8592.6667 0.4682
4100.1111 8592.6667 0.4772
4145.2222 8592.6667 0.4824
4208.6667 8592.6667 0.4898
4166.6667 8592.6667 0.4849
4199.1111 8592.6667 0.4887
4320.5556 8592.6667 0.5028
4038.8889 8592.6667 0.47
3542 8592.6667 0.4122
3180.5556 8592.6667 0.3701
2976.3333 8592.6667 0.3464
2893.3333 8592.6667 0.3367
2838.5556 8592.6667 0.3303
2709.5556 8592.6667 0.3153
2651.5556 8592.6667 0.3086
2827.3333 8592.6667 0.329
3113.1111 8592.6667 0.3623
3316.7778 8592.6667 0.386
3480.6667 8592.6667 0.4051
3666.7778 8592.6667 0.4267
3722.6667 8592.6667 0.4332
3831.5556 8592.6667 0.4459
3939 8592.6667 0.4584
3971.3333 8592.6667 0.4622
4047.6667 8592.6667 0.4711
4128.3333 8592.6667 0.4804
4258.8889 8592.6667 0.4956
4313.6667 8592.6667 0.502
4315.6667 8592.6667 0.5022
4254.1111 8592.6667 0.4951
4300.3333 8592.6667 0.5005
3956.4444 8592.6667 0.4604
3649.8889 8592.6667 0.4248
3317.4444 8592.6667 0.3861
3026.5556 8592.6667 0.3522
2826.7778 8592.6667 0.329
2765.7778 8592.6667 0.3219
2743.2222 8592.6667 0.3193
2683.7778 8592.6667 0.3123
2802.3333 8592.6667 0.3261
2891.2222 8592.6667 0.3365
2962.2222 8592.6667 0.3447
3342.6667 8592.6667 0.389
3516.2222 8592.6667 0.4092
3663.2222 8592.6667 0.4263
3759.5556 8592.6667 0.4375
3810.8889 8592.6667 0.4435
3844.6667 8592.6667 0.4474
3971.5556 8592.6667 0.4622
4181.4444 8592.6667 0.4866
4297.5556 8592.6667 0.5001
4351.7778 8592.6667 0.5065
4246.8889 8592.6667 0.4942
4118 8592.6667 0.4792
4041.5556 8592.6667 0.4703
3767.3333 8592.6667 0.4384
3529.3333 8592.6667 0.4107
3305.8889 8592.6667 0.3847
2975 8592.6667 0.3462
2676.4444 8592.6667 0.3115
2679.3333 8592.6667 0.3118
2652.3333 8592.6667 0.3087
2656.5556 8592.6667 0.3092
2698.2222 8592.6667 0.314
2834.3333 8592.6667 0.3299
3045.3333 8592.6667 0.3544
3315.3333 8592.6667 0.3858
3546.2222 8592.6667 0.4127
3533.8889 8592.6667 0.4113
3657.1111 8592.6667 0.4256
3613.6667 8592.6667 0.4206
3823.2222 8592.6667 0.4449
3878.8889 8592.6667 0.4514
4017.4444 8592.6667 0.4675
4178.4444 8592.6667 0.4863
4264.7778 8592.6667 0.4963
4251.8889 8592.6667 0.4948
4150.7778 8592.6667 0.4831
4035.5556 8592.6667 0.4697
3691.5556 8592.6667 0.4296
3387.2222 8592.6667 0.3942
3070.3333 8592.6667 0.3573
2943 8592.6667 0.3425
2734.7778 8592.6667 0.3183
2656.6667 8592.6667 0.3092
2611.5556 8592.6667 0.3039
2694.1111 8592.6667 0.3135
2652.8889 8592.6667 0.3087
2903 8592.6667 0.3378
3023.6667 8592.6667 0.3519
3312.7778 8592.6667 0.3855
3541.8889 8592.6667 0.4122
3721.3333 8592.6667 0.4331
3822 8592.6667 0.4448
3897.7778 8592.6667 0.4536
3967 8592.6667 0.4617
4126.2222 8592.6667 0.4802
4243.3333 8592.6667 0.4938
4289.8889 8592.6667 0.4993
4338 8592.6667 0.5048
4208.8889 8592.6667 0.4898
4069.8889 8592.6667 0.4736
4098 8592.6667 0.4769
3826.5556 8592.6667 0.4453
3501.5556 8592.6667 0.4075
3217.2222 8592.6667 0.3744
2949.8889 8592.6667 0.3433
2809.7778 8592.6667 0.327
2680.3333 8592.6667 0.3119
2654.1111 8592.6667 0.3089
2602.6667 8592.6667 0.3029
2763.4444 8592.6667 0.3216
2891.5556 8592.6667 0.3365
3115.1111 8592.6667 0.3625
3289 8592.6667 0.3828
3526.4444 8592.6667 0.4104
3742.2222 8592.6667 0.4355
3851.4444 8592.6667 0.4482
3976.7778 8592.6667 0.4628
4110.4444 8592.6667 0.4784
4225.3333 8592.6667 0.4917
4252.8889 8592.6667 0.4949
4341.8889 8592.6667 0.5053
4375.3333 8592.6667 0.5092
4281.4444 8592.6667 0.4983
4217.6667 8592.6667 0.4908
4227.8889 8592.6667 0.492
3849 8592.6667 0.4479
3618.3333 8592.6667 0.4211
3237 8592.6667 0.3767
2962.3333 8592.6667 0.3448
2782.6667 8592.6667 0.3238
2682.6667 8592.6667 0.3122
2599.5556 8592.6667 0.3025
2561.6667 8592.6667 0.2981
2658.3333 8592.6667 0.3094
2872.4444 8592.6667 0.3343
2964.7778 8592.6667 0.345
3228 8592.6667 0.3757
3520 8592.6667 0.4097
3739 8592.6667 0.4351
3941.8889 8592.6667 0.4588
4054.3333 8592.6667 0.4718
4087.1111 8592.6667 0.4757
4101.5556 8592.6667 0.4773
4245 8592.6667 0.494
4368.7778 8592.6667 0.5084
4441.3333 8592.6667 0.5169
4380.7778 8592.6667 0.5098
4310.6667 8592.6667 0.5017
4290.1111 8592.6667 0.4993
3886.5556 8592.6667 0.4523
3578.2222 8592.6667 0.4164
3205.8889 8592.6667 0.3731
2872.2222 8592.6667 0.3343