2945 8592.6667 0.3427
2861.4444 8592.6667 0.333
2891.5556 8592.6667 0.3365
2906.4444 8592.6667 0.3382
2919.2222 8592.6667 0.3397
3366.1111 8592.6667 0.3917
3945.2222 8592.6667 0.4591
4155.8889 8592.6667 0.4837
4306.7778 8592.6667 0.5012
4332.8889 8592.6667 0.5043
4309.7778 8592.6667 0.5016
4295 8592.6667 0.4998
4239 8592.6667 0.4933
4291.3333 8592.6667 0.4994
4300 8592.6667 0.5004
4391.6667 8592.6667 0.5111
4590.7778 8592.6667 0.5343
4848.8889 8592.6667 0.5643
4825 8592.6667 0.5615
4657.5556 8592.6667 0.542
4452.2222 8592.6667 0.5181
4023.1111 8592.6667 0.4682
3504.2222 8592.6667 0.4078
3068.2222 8592.6667 0.3571
2886.4444 8592.6667 0.3359
2863 8592.6667 0.3332
2866 8592.6667 0.3335
2853.6667 8592.6667 0.3321
2900.1111 8592.6667 0.3375
3252.5556 8592.6667 0.3785
3927.1111 8592.6667 0.457
4221.4444 8592.6667 0.4913
4443.8889 8592.6667 0.5172
4358.2222 8592.6667 0.5072
4349.7778 8592.6667 0.5062
4213.2222 8592.6667 0.4903
4100.5556 8592.6667 0.4772
4136.2222 8592.6667 0.4814
4168 8592.6667 0.4851
4257.6667 8592.6667 0.4955
4436.3333 8592.6667 0.5163
4794 8592.6667 0.5579
4744.2222 8592.6667 0.5521
4599.3333 8592.6667 0.5353
4402.1111 8592.6667 0.5123
3968.2222 8592.6667 0.4618
3379.6667 8592.6667 0.3933
3029.3333 8592.6667 0.3525
3051.7778 8592.6667 0.3552
2918.2222 8592.6667 0.3396
2875 8592.6667 0.3346
2977.6667 8592.6667 0.3465
3085.5556 8592.6667 0.3591
3364.3333 8592.6667 0.3915
3920.8889 8592.6667 0.4563
4147.8889 8592.6667 0.4827
4188.6667 8592.6667 0.4875
4128.6667 8592.6667 0.4805
4022.5556 8592.6667 0.4681
3945.1111 8592.6667 0.4591
3951.3333 8592.6667 0.4598
3889.2222 8592.6667 0.4526
3896.8889 8592.6667 0.4535
4091.6667 8592.6667 0.4762
4480.3333 8592.6667 0.5214
4970.2222 8592.6667 0.5784
4945.6667 8592.6667 0.5756
4831.1111 8592.6667 0.5622
4567.5556 8592.6667 0.5316
4129.7778 8592.6667 0.4806
3589.7778 8592.6667 0.4178
3168.2222 8592.6667 0.3687
3003.8889 8592.6667 0.3496
2889 8592.6667 0.3362
2842.8889 8592.6667 0.3309
2838.4444 8592.6667 0.3303
2929.5556 8592.6667 0.3409
3190.1111 8592.6667 0.3713
3962.1111 8592.6667 0.4611
4260.8889 8592.6667 0.4959
4185.8889 8592.6667 0.4871
4157.2222 8592.6667 0.4838
4070.4444 8592.6667 0.4737
3983 8592.6667 0.4635
3988 8592.6667 0.4641
3967.6667 8592.6667 0.4618
3949.3333 8592.6667 0.4596
4088 8592.6667 0.4758
4271 8592.6667 0.4971
4595 8592.6667 0.5348
4600.6667 8592.6667 0.5354
4414.1111 8592.6667 0.5137
4121.5556 8592.6667 0.4797
3671.3333 8592.6667 0.4273
3219 8592.6667 0.3746
2855.8889 8592.6667 0.3324
2718 8592.6667 0.3163
2595.5556 8592.6667 0.3021
2620.8889 8592.6667 0.305
2632.3333 8592.6667 0.3063
2714 8592.6667 0.3159
2910.1111 8592.6667 0.3387
3504.6667 8592.6667 0.4079
4008 8592.6667 0.4664
4032.5556 8592.6667 0.4693
4010.5556 8592.6667 0.4667
4092.6667 8592.6667 0.4763
3967.1111 8592.6667 0.4617
3934.4444 8592.6667 0.4579
3924.2222 8592.6667 0.4567
3929.7778 8592.6667 0.4573
4098.3333 8592.6667 0.477
4275.4444 8592.6667 0.4976
4646.8889 8592.6667 0.5408
4584.5556 8592.6667 0.5335
4419 8592.6667 0.5143
4217.4444 8592.6667 0.4908
3862.7778 8592.6667 0.4495
3387.4444 8592.6667 0.3942
3003.7778 8592.6667 0.3496
2890.1111 8592.6667 0.3363
2777.5556 8592.6667 0.3232
2675.1111 8592.6667 0.3113
2634.4444 8592.6667 0.3066
2721.3333 8592.6667 0.3167
2838.6667 8592.6667 0.3304
3398.8889 8592.6667 0.3956
3801.7778 8592.6667 0.4424
3924.4444 8592.6667 0.4567
3975.3333 8592.6667 0.4626
3938.5556 8592.6667 0.4584
3977.4444 8592.6667 0.4629
3964.8889 8592.6667 0.4614
3904.7778 8592.6667 0.4544
3888.2222 8592.6667 0.4525
3942.3333 8592.6667 0.4588
4136.2222 8592.6667 0.4814
4498.3333 8592.6667 0.5235
4390.3333 8592.6667 0.5109
4268.1111 8592.6667 0.4967
4100.6667 8592.6667 0.4772
3707.6667 8592.6667 0.4315
3382 8592.6667 0.3936
3064.3333 8592.6667 0.3566
2927.6667 8592.6667 0.3407
2912.3333 8592.6667 0.3389
2837 8592.6667 0.3302
2751.8889 8592.6667 0.3203
2815.1111 8592.6667 0.3276
2932.5556 8592.6667 0.3413
3387.3333 8592.6667 0.3942
3912.1111 8592.6667 0.4553
4019.4444 8592.6667 0.4678
3942.1111 8592.6667 0.4588
3907.8889 8592.6667 0.4548
3870.5556 8592.6667 0.4504
3858.1111 8592.6667 0.449
3873.7778 8592.6667 0.4508
3902.1111 8592.6667 0.4541
4053.5556 8592.6667 0.4717
4350.3333 8592.6667 0.5063
4823.1111 8592.6667 0.5613
4796.8889 8592.6667 0.5583
4640 8592.6667 0.54
4464.7778 8592.6667 0.5196
4070.3333 8592.6667 0.4737
3632.3333 8592.6667 0.4227
3270.4444 8592.6667 0.3806
2954.8889 8592.6667 0.3439
2864.8889 8592.6667 0.3334
2850.1111 8592.6667 0.3317
2758.8889 8592.6667 0.3211
2852.1111 8592.6667 0.3319
3026.5556 8592.6667 0.3522
3589.7778 8592.6667 0.4178
4109.3333 8592.6667 0.4782
4257.2222 8592.6667 0.4954
4193.8889 8592.6667 0.4881
4177 8592.6667 0.4861
4132.7778 8592.6667 0.481
4021.6667 8592.6667 0.468
4017.4444 8592.6667 0.4675
4022.7778 8592.6667 0.4682
4158.4444 8592.6667 0.484
4578.7778 8592.6667 0.5329
5005.6667 8592.6667 0.5826
4974.2222 8592.6667 0.5789
4743.5556 8592.6667 0.552
4492.3333 8592.6667 0.5228
4160.6667 8592.6667 0.4842
3704.6667 8592.6667 0.4311
3286.3333 8592.6667 0.3825
3054.3333 8592.6667 0.3555
2873.8889 8592.6667 0.3345
2852.4444 8592.6667 0.332
2812.3333 8592.6667 0.3273
2848.6667 8592.6667 0.3315
2990.6667 8592.6667 0.348
3544.8889 8592.6667 0.4125
4007.3333 8592.6667 0.4664
4148.3333 8592.6667 0.4828
4109 8592.6667 0.4782
4155.2222 8592.6667 0.4836
4084.7778 8592.6667 0.4754
3953.4444 8592.6667 0.4601
3860.8889 8592.6667 0.4493
3912.7778 8592.6667 0.4554
4054.3333 8592.6667 0.4718
4450.8889 8592.6667 0.518
4835.3333 8592.6667 0.5627
4812.1111 8592.6667 0.56
4645.1111 8592.6667 0.5406
4366.4444 8592.6667 0.5082
3928 8592.6667 0.4571
3410.7778 8592.6667 0.3969
3078 8592.6667 0.3582
2818.3333 8592.6667 0.328
2717.7778 8592.6667 0.3163
2698.7778 8592.6667 0.3141
2722.4444 8592.6667 0.3168
2810.1111 8592.6667 0.327
2926.3333 8592.6667 0.3406
3456.6667 8592.6667 0.4023
3955.3333 8592.6667 0.4603
4145.5556 8592.6667 0.4825
4143.5556 8592.6667 0.4822
4023.5556 8592.6667 0.4683
4081.3333 8592.6667 0.475
3909.8889 8592.6667 0.455
3903.6667 8592.6667 0.4543
3921.3333 8592.6667 0.4564
4184.8889 8592.6667 0.487
4496.1111 8592.6667 0.5232
4936.1111 8592.6667 0.5745
4881 8592.6667 0.568
4790.4444 8592.6667 0.5575
4624.6667 8592.6667 0.5382
4191.4444 8592.6667 0.4878
3830.8889 8592.6667 0.4458
3300.4444 8592.6667 0.3841
3061.5556 8592.6667 0.3563
2901.7778 8592.6667 0.3377
2850.4444 8592.6667 0.3317
2831.6667 8592.6667 0.3295
2862.5556 8592.6667 0.3331
3059.2222 8592.6667 0.356
3571.2222 8592.6667 0.4156
3948.8889 8592.6667 0.4596
4116.4444 8592.6667 0.4791
4170.3333 8592.6667 0.4853
4086.6667 8592.6667 0.4756
4082 8592.6667 0.4751
4136.1111 8592.6667 0.4814
4107.1111 8592.6667 0.478
4100.8889 8592.6667 0.4773
4119.3333 8592.6667 0.4794
4490.7778 8592.6667 0.5226
4806.2222 8592.6667 0.5593
4690 8592.6667 0.5458
4567.3333 8592.6667 0.5315
4451.8889 8592.6667 0.5181
4158.6667 8592.6667 0.484
3683.6667 8592.6667 0.4287
3144.6667 8592.6667 0.366
3010 8592.6667 0.3503
2965.3333 8592.6667 0.3451
2783.8889 8592.6667 0.324
2671.6667 8592.6667 0.3109
2715 8592.6667 0.316
2912.1111 8592.6667 0.3389
3406.2222 8592.6667 0.3964
3884.7778 8592.6667 0.4521
4054.5556 8592.6667 0.4719
4128.5556 8592.6667 0.4805
4117.2222 8592.6667 0.4792
4062.1111 8592.6667 0.4727
4057 8592.6667 0.4721
4013.6667 8592.6667 0.4671
3994.5556 8592.6667 0.4649
4036.2222 8592.6667 0.4697
4370.6667 8592.6667 0.5087
4848.5556 8592.6667 0.5643
4876 8592.6667 0.5675
4747.7778 8592.6667 0.5525
4466.1111 8592.6667 0.5198
4347.6667 8592.6667 0.506
3899 8592.6667 0.4538
3528 8592.6667 0.4106
3206.6667 8592.6667 0.3732
3088.6667 8592.6667 0.3595
2947.5556 8592.6667 0.343
2861.3333 8592.6667 0.333
2952.1111 8592.6667 0.3436
3101.4444 8592.6667 0.3609
3594.4444 8592.6667 0.4183
3950.2222 8592.6667 0.4597
4195.7778 8592.6667 0.4883
4317.3333 8592.6667 0.5024
4267.7778 8592.6667 0.4967
4158.5556 8592.6667 0.484
4232.3333 8592.6667 0.4926
4122 8592.6667 0.4797
3990.5556 8592.6667 0.4644
4093.2222 8592.6667 0.4764
4376.6667 8592.6667 0.5093
4747.3333 8592.6667 0.5525
4748 8592.6667 0.5526
4573.2222 8592.6667 0.5322
4346 8592.6667 0.5058
4064.2222 8592.6667 0.473
3584.7778 8592.6667 0.4172
3146.3333 8592.6667 0.3662
2984.2222 8592.6667 0.3473
2841.8889 8592.6667 0.3307
2738.4444 8592.6667 0.3187
2752.7778 8592.6667 0.3204
2805.7778 8592.6667 0.3265
3054.3333 8592.6667 0.3555
3594 8592.6667 0.4183
3971.8889 8592.6667 0.4622
4215.4444 8592.6667 0.4906
4281.5556 8592.6667 0.4983
4189.7778 8592.6667 0.4876
4136.2222 8592.6667 0.4814
4101 8592.6667 0.4773
4075.4444 8592.6667 0.4743
4063.6667 8592.6667 0.4729
4160.6667 8592.6667 0.4842
4424.4444 8592.6667 0.5149
4904.5556 8592.6667 0.5708
4864.8889 8592.6667 0.5662
4644.7778 8592.6667 0.5406
4496.6667 8592.6667 0.5233
4144.4444 8592.6667 0.4823
3661.4444 8592.6667 0.4261
3284.5556 8592.6667 0.3823
3041.4444 8592.6667 0.354
2915.2222 8592.6667 0.3393
2823.5556 8592.6667 0.3286
2764.1111 8592.6667 0.3217
2788.1111 8592.6667 0.3245
3021.4444 8592.6667 0.3516
3631.4444 8592.6667 0.4226
4110.3333 8592.6667 0.4784
4275.3333 8592.6667 0.4976
4325 8592.6667 0.5033
4290.2222 8592.6667 0.4993
4253 8592.6667 0.495
4225.4444 8592.6667 0.4918
4173.8889 8592.6667 0.4858
4202.7778 8592.6667 0.4891
4327.8889 8592.6667 0.5037
4646.1111 8592.6667 0.5407
4988.3333 8592.6667 0.5805
4979.8889 8592.6667 0.5796
4896.1111 8592.6667 0.5698
4695.7778 8592.6667 0.5465
4299.4444 8592.6667 0.5004
3765.6667 8592.6667 0.4382
3415 8592.6667 0.3974
3256.3333 8592.6667 0.379
3095.6667 8592.6667 0.3603
3005.8889 8592.6667 0.3498
3003.3333 8592.6667 0.3495
3047.1111 8592.6667 0.3546
3203.5556 8592.6667 0.3728
3857.4444 8592.6667 0.4489
4258.7778 8592.6667 0.4956
4341.7778 8592.6667 0.5053
4371.8889 8592.6667 0.5088
4331.1111 8592.6667 0.504
4253.6667 8592.6667 0.495
4259.6667 8592.6667 0.4957
4204.4444 8592.6667 0.4893
4121.4444 8592.6667 0.4796
4288.4444 8592.6667 0.4991
4598.8889 8592.6667 0.5352
5022.7778 8592.6667 0.5845
4959.1111 8592.6667 0.5771
4857.1111 8592.6667 0.5653
4659.3333 8592.6667 0.5422
4287.8889 8592.6667 0.499
3821.6667 8592.6667 0.4448
3430.7778 8592.6667 0.3993
3161.6667 8592.6667 0.3679
3028.1111 8592.6667 0.3524
2953.6667 8592.6667 0.3437
2912.7778 8592.6667 0.339
2963.5556 8592.6667 0.3449
3126.7778 8592.6667 0.3639
3707.2222 8592.6667 0.4314
4253.5556 8592.6667 0.495
4398.1111 8592.6667 0.5118
4473.8889 8592.6667 0.5207
4392.6667 8592.6667 0.5112
4248.8889 8592.6667 0.4945
4172.7778 8592.6667 0.4856
4184.3333 8592.6667 0.487
4125 8592.6667 0.4801
4230.8889 8592.6667 0.4924
4565.5556 8592.6667 0.5313
4977.2222 8592.6667 0.5792
4847.8889 8592.6667 0.5642
4721.2222 8592.6667 0.5494
4585 8592.6667 0.5336
4244 8592.6667 0.4939
3804.2222 8592.6667 0.4427
3357.1111 8592.6667 0.3907
3154.3333 8592.6667 0.3671
3052.8889 8592.6667 0.3553
2963.7778 8592.6667 0.3449
2973.2222 8592.6667 0.346
3029.7778 8592.6667 0.3526
3226.7778 8592.6667 0.3755
3827.1111 8592.6667 0.4454
4281.4444 8592.6667 0.4983
4338.8889 8592.6667 0.505
4365.8889 8592.6667 0.5081
4316.5556 8592.6667 0.5024
4255.2222 8592.6667 0.4952
4252.3333 8592.6667 0.4949
4260.1111 8592.6667 0.4958
4241.5556 8592.6667 0.4936
4332 8592.6667 0.5042
4563 8592.6667 0.531
4880 8592.6667 0.5679
4801.2222 8592.6667 0.5588
4592.5556 8592.6667 0.5345
4455.7778 8592.6667 0.5186
4064.6667 8592.6667 0.473
3585.4444 8592.6667 0.4173
3202 8592.6667 0.3726
3021.4444 8592.6667 0.3516
2980.5556 8592.6667 0.3469
2936.5556 8592.6667 0.3418
2916.5556 8592.6667 0.3394
2918.2222 8592.6667 0.3396
3090.7778 8592.6667 0.3597
3658.2222 8592.6667 0.4257
4086.6667 8592.6667 0.4756
4216 8592.6667 0.4907
4263.1111 8592.6667 0.4961
4274.1111 8592.6667 0.4974
4274.2222 8592.6667 0.4974
4204.6667 8592.6667 0.4893
4203.8889 8592.6667 0.4892
4188.4444 8592.6667 0.4874
4240.6667 8592.6667 0.4935
4468.2222 8592.6667 0.52
4815.4444 8592.6667 0.5604
4864.8889 8592.6667 0.5662
4681.7778 8592.6667 0.5449
4558.5556 8592.6667 0.5305
4164.2222 8592.6667 0.4846
3747.6667 8592.6667 0.4361
3262.6667 8592.6667 0.3797
3019.8889 8592.6667 0.3514
2917.3333 8592.6667 0.3395
2814.7778 8592.6667 0.3276
2862.4444 8592.6667 0.3331
2936.6667 8592.6667 0.3418
3143.3333 8592.6667 0.3658
3577 8592.6667 0.4163
4032.4444 8592.6667 0.4693
4177.4444 8592.6667 0.4862
4082.6667 8592.6667 0.4751
4046.7778 8592.6667 0.471
4033.5556 8592.6667 0.4694
4007.1111 8592.6667 0.4663
4030.5556 8592.6667 0.4691
3995.3333 8592.6667 0.465
4133.3333 8592.6667 0.481
4482.3333 8592.6667 0.5216
4877.6667 8592.6667 0.5677
4776.3333 8592.6667 0.5559
4699.2222 8592.6667 0.5469
4526.1111 8592.6667 0.5267
4279.3333 8592.6667 0.498
3836.3333 8592.6667 0.4465
3476.8889 8592.6667 0.4046
3239.4444 8592.6667 0.377
3194.4444 8592.6667 0.3718
3167.7778 8592.6667 0.3687
3008.1111 8592.6667 0.3501
2986.7778 8592.6667 0.3476
3157.7778 8592.6667 0.3675
3731.4444 8592.6667 0.4343
4092.4444 8592.6667 0.4763
4175.2222 8592.6667 0.4859
4301.4444 8592.6667 0.5006
4301.1111 8592.6667 0.5006
4184.5556 8592.6667 0.487
4134.8889 8592.6667 0.4812
4073.4444 8592.6667 0.4741
4093.6667 8592.6667 0.4764
4266.3333 8592.6667 0.4965
4556.6667 8592.6667 0.5303
5011 8592.6667 0.5832
4939.6667 8592.6667 0.5749
4804.8889 8592.6667 0.5592
4589.1111 8592.6667 0.5341
4263.2222 8592.6667 0.4961
3871.5556 8592.6667 0.4506
3490.7778 8592.6667 0.4063
3158.1111 8592.6667 0.3675
3104.2222 8592.6667 0.3613
3006.1111 8592.6667 0.3498
3001 8592.6667 0.3493
3025.3333 8592.6667 0.3521
3168.5556 8592.6667 0.3688
3726.7778 8592.6667 0.4337
4184.6667 8592.6667 0.487
4279.8889 8592.6667 0.4981
4337.1111 8592.6667 0.5047
4238.4444 8592.6667 0.4933
4139.3333 8592.6667 0.4817
4148.7778 8592.6667 0.4828
4114.1111 8592.6667 0.4788
4182.1111 8592.6667 0.4867
4297.8889 8592.6667 0.5002
4671.4444 8592.6667 0.5437
5094.4444 8592.6667 0.5929
5063.1111 8592.6667 0.5892
4997.4444 8592.6667 0.5816
4813.5556 8592.6667 0.5602
4579.1111 8592.6667 0.5329
4023 8592.6667 0.4682
3525.8889 8592.6667 0.4103
3132.6667 8592.6667 0.3646
2987.6667 8592.6667 0.3477
2926.4444 8592.6667 0.3406
2871.4444 8592.6667 0.3342
2910.5556 8592.6667 0.3387
3034.6667 8592.6667 0.3532
3542 8592.6667 0.4122
4062.2222 8592.6667 0.4728
4234.7778 8592.6667 0.4928
3927.1111 8592.6667 0.457
4380.7778 8592.6667 0.5098
4322.5556 8592.6667 0.5031
4289.7778 8592.6667 0.4992
4183 8592.6667 0.4868
4182.4444 8592.6667 0.4867
4171.6667 8592.6667 0.4855
4546.3333 8592.6667 0.5291
4838 8592.6667 0.563
4741.1111 8592.6667 0.5518
4674.2222 8592.6667 0.544
4581.3333 8592.6667 0.5332
4282.5556 8592.6667 0.4984
3734.7778 8592.6667 0.4346
3273.2222 8592.6667 0.3809
3011.3333 8592.6667 0.3505
2872.7778 8592.6667 0.3343
2755.1111 8592.6667 0.3206
2734 8592.6667 0.3182
2797.3333 8592.6667 0.3255
3027.2222 8592.6667 0.3523
3415 8592.6667 0.3974
3925.5556 8592.6667 0.4568
3963.5556 8592.6667 0.4613
3967.3333 8592.6667 0.4617
4002 8592.6667 0.4657
4046.1111 8592.6667 0.4709
3931.4444 8592.6667 0.4575
4068.1111 8592.6667 0.4734
4141 8592.6667 0.4819
4227.5556 8592.6667 0.492
4486.8889 8592.6667 0.5222
4789.5556 8592.6667 0.5574
4803.8889 8592.6667 0.5591
4734.4444 8592.6667 0.551
4546.6667 8592.6667 0.5291
4157.4444 8592.6667 0.4838
3744.3333 8592.6667 0.4358
3212.8889 8592.6667 0.3739
2826.4444 8592.6667 0.3289
2681.3333 8592.6667 0.312
2679.5556 8592.6667 0.3118
2652.8889 8592.6667 0.3087
2718.8889 8592.6667 0.3164
2961 8592.6667 0.3446
3415.6667 8592.6667 0.3975
3929.4444 8592.6667 0.4573
4059.8889 8592.6667 0.4725
4255.4444 8592.6667 0.4952
4229.7778 8592.6667 0.4923
4154.7778 8592.6667 0.4835
4118.4444 8592.6667 0.4793
4097.1111 8592.6667 0.4768
4236.3333 8592.6667 0.493
4356.1111 8592.6667 0.507
4552.2222 8592.6667 0.5298
4880.7778 8592.6667 0.568
4834.1111 8592.6667 0.5626
4731 8592.6667 0.5506
4571.2222 8592.6667 0.532
4234.6667 8592.6667 0.4928
3791.1111 8592.6667 0.4412
3349 8592.6667 0.3898
3097.2222 8592.6667 0.3604
2905.6667 8592.6667 0.3382
2755.4444 8592.6667 0.3207
2808 8592.6667 0.3268
2851.4444 8592.6667 0.3318
3037.5556 8592.6667 0.3535
3523 8592.6667 0.41
4001.3333 8592.6667 0.4657
4152.8889 8592.6667 0.4833
4330.7778 8592.6667 0.504
4311.8889 8592.6667 0.5018
4263 8592.6667 0.4961
4129 8592.6667 0.4805
4123 8592.6667 0.4798
4130.4444 8592.6667 0.4807
4194.5556 8592.6667 0.4882
4411.5556 8592.6667 0.5134
4788.4444 8592.6667 0.5573
4700.2222 8592.6667 0.547
4709.5556 8592.6667 0.5481
4548.8889 8592.6667 0.5294
4149.7778 8592.6667 0.4829
3661.5556 8592.6667 0.4261
3320.5556 8592.6667 0.3864
3079.6667 8592.6667 0.3584
2892.5556 8592.6667 0.3366
2848.1111 8592.6667 0.3315
2816 8592.6667 0.3277
2845.4444 8592.6667 0.3311
2954 8592.6667 0.3438
3425.2222 8592.6667 0.3986
3994.4444 8592.6667 0.4649
4239.1111 8592.6667 0.4933
4343.5556 8592.6667 0.5055
4273 8592.6667 0.4973
4245.8889 8592.6667 0.4941
4279.7778 8592.6667 0.4981
4255.1111 8592.6667 0.4952
4306.5556 8592.6667 0.5012
4287.8889 8592.6667 0.499
4558.5556 8592.6667 0.5305
4784 8592.6667 0.5568
4813.1111 8592.6667 0.5601
4732.1111 8592.6667 0.5507
4576.1111 8592.6667 0.5326
4273.7778 8592.6667 0.4974
3916 8592.6667 0.4557
3653.8889 8592.6667 0.4252
3329.1111 8592.6667 0.3874
3074.8889 8592.6667 0.3579
3057.3333 8592.6667 0.3558
3030.7778 8592.6667 0.3527
3013.8889 8592.6667 0.3508
3097.4444 8592.6667 0.3605
3529.7778 8592.6667 0.4108
4011.5556 8592.6667 0.4669
4238.4444 8592.6667 0.4933
4257 8592.6667 0.4954
4304.1111 8592.6667 0.5009
4320.6667 8592.6667 0.5028
4235.1111 8592.6667 0.4929
4163.7778 8592.6667 0.4846
4094 8592.6667 0.4765
4205.7778 8592.6667 0.4895
4527.6667 8592.6667 0.5269
4946.5556 8592.6667 0.5757
4897.4444 8592.6667 0.57
4859.3333 8592.6667 0.5655
4781.1111 8592.6667 0.5564
4472.8889 8592.6667 0.5205
3899 8592.6667 0.4538
3537.8889 8592.6667 0.4117
3335.4444 8592.6667 0.3882
3243.6667 8592.6667 0.3775
3107.5556 8592.6667 0.3617
3117.6667 8592.6667 0.3628
3109.7778 8592.6667 0.3619
3276.2222 8592.6667 0.3813
3806 8592.6667 0.4429
4238.2222 8592.6667 0.4932
4286.6667 8592.6667 0.4989
4341.3333 8592.6667 0.5052
4408.6667 8592.6667 0.5131
4434.3333 8592.6667 0.5161
4288.8889 8592.6667 0.4991
4272.3333 8592.6667 0.4972
4268.1111 8592.6667 0.4967
4391.5556 8592.6667 0.5111
4761 8592.6667 0.5541
5113.4444 8592.6667 0.5951
4957.3333 8592.6667 0.5769
4847.6667 8592.6667 0.5642
4655.8889 8592.6667 0.5418
4387.5556 8592.6667 0.5106
3953.5556 8592.6667 0.4601
3589.6667 8592.6667 0.4178
3265.6667 8592.6667 0.3801
3122.8889 8592.6667 0.3634
3055.1111 8592.6667 0.3555
3025 8592.6667 0.352
3020.1111 8592.6667 0.3515
3186.1111 8592.6667 0.3708
3693 8592.6667 0.4298
4238.7778 8592.6667 0.4933
4348.5556 8592.6667 0.5061
4376.5556 8592.6667 0.5093
4302.2222 8592.6667 0.5007
4299.4444 8592.6667 0.5004
4209.4444 8592.6667 0.4899
4171.6667 8592.6667 0.4855
4109.6667 8592.6667 0.4783
4327.1111 8592.6667 0.5036
4715.8889 8592.6667 0.5488
5013.2222 8592.6667 0.5834
5018.7778 8592.6667 0.5841
4935.8889 8592.6667 0.5744
4845.3333 8592.6667 0.5639
4554 8592.6667 0.53
4051.1111 8592.6667 0.4715
3588.7778 8592.6667 0.4177