1589 15079.7778 0.1054
1478.3333 15079.7778 0.098
1479 15079.7778 0.0981
1704.6667 15079.7778 0.113
1939.4444 15079.7778 0.1286
2334.8889 15079.7778 0.1548
2596.7778 15079.7778 0.1722
2685 15079.7778 0.1781
2860.5556 15079.7778 0.1897
2883.6667 15079.7778 0.1912
2898.5556 15079.7778 0.1922
2844 15079.7778 0.1886
2779.2222 15079.7778 0.1843
2656 15079.7778 0.1761
2520 15079.7778 0.1671
2431.3333 15079.7778 0.1612
2418.3333 15079.7778 0.1604
2366.2222 15079.7778 0.1569
2379.7778 15079.7778 0.1578
2637.3333 15079.7778 0.1749
2454.1111 15079.7778 0.1627
2176 15079.7778 0.1443
1774.8889 15079.7778 0.1177
1650.1111 15079.7778 0.1094
1499.7778 15079.7778 0.0995
1426.6667 15079.7778 0.0946
1461.1111 15079.7778 0.0969
1607.5556 15079.7778 0.1066
1827.4444 15079.7778 0.1212
2115.7778 15079.7778 0.1403
2348 15079.7778 0.1557
2426.6667 15079.7778 0.1609
2399.1111 15079.7778 0.1591
2422.6667 15079.7778 0.1607
2401.3333 15079.7778 0.1592
2465.5556 15079.7778 0.1635
2482.8889 15079.7778 0.1647
2418.7778 15079.7778 0.1604
2454.6667 15079.7778 0.1628
2522.6667 15079.7778 0.1673
2564.1111 15079.7778 0.17
2613.3333 15079.7778 0.1733
2631.6667 15079.7778 0.1745
2806.6667 15079.7778 0.1861
2577.3333 15079.7778 0.1709
2333 15079.7778 0.1547
1835.8889 15079.7778 0.1217
1480.8889 15079.7778 0.0982
1428.6667 15079.7778 0.0947
1378.2222 15079.7778 0.0914
1398.8889 15079.7778 0.0928
1542 15079.7778 0.1023
1814.6667 15079.7778 0.1203
2149.3333 15079.7778 0.1425
2411.1111 15079.7778 0.1599
2469.8889 15079.7778 0.1638
2454.6667 15079.7778 0.1628
2460.5556 15079.7778 0.1632
2396.7778 15079.7778 0.1589
2380.4444 15079.7778 0.1579
2385.3333 15079.7778 0.1582
2389.7778 15079.7778 0.1585
2320.6667 15079.7778 0.1539
2308.6667 15079.7778 0.1531
2292.7778 15079.7778 0.152
2258.8889 15079.7778 0.1498
2464.2222 15079.7778 0.1634
2627.7778 15079.7778 0.1743
2553 15079.7778 0.1693
2182.3333 15079.7778 0.1447
1795 15079.7778 0.119
1606.4444 15079.7778 0.1065
1419 15079.7778 0.0941
1380 15079.7778 0.0915
1415.5556 15079.7778 0.0939
1589.1111 15079.7778 0.1054
1841.8889 15079.7778 0.1221
2310.8889 15079.7778 0.1532
2549.4444 15079.7778 0.1691
2599.7778 15079.7778 0.1724
2489 15079.7778 0.1651
2564.2222 15079.7778 0.17
2536.3333 15079.7778 0.1682
2404.1111 15079.7778 0.1594
2449.4444 15079.7778 0.1624
2387 15079.7778 0.1583
2442.5556 15079.7778 0.162
2657.7778 15079.7778 0.1762
2747.2222 15079.7778 0.1822
2650.6667 15079.7778 0.1758
2568.1111 15079.7778 0.1703
2620.7778 15079.7778 0.1738
2366.4444 15079.7778 0.1569
1956.3333 15079.7778 0.1297
1597.8889 15079.7778 0.106
1430 15079.7778 0.0948
1318 15079.7778 0.0874
1312 15079.7778 0.087
1485.6667 15079.7778 0.0985
1830.7778 15079.7778 0.1214
2216.5556 15079.7778 0.147
2730.7778 15079.7778 0.1811
3139.5556 15079.7778 0.2082
3051.4444 15079.7778 0.2024
2923.1111 15079.7778 0.1938
2912.5556 15079.7778 0.1931
2821.3333 15079.7778 0.1871
2669.1111 15079.7778 0.177
2742.2222 15079.7778 0.1818
2571.3333 15079.7778 0.1705
2552.5556 15079.7778 0.1693
2580.3333 15079.7778 0.1711
2628.8889 15079.7778 0.1743
2712.3333 15079.7778 0.1799
2753.6667 15079.7778 0.1826
2949.5556 15079.7778 0.1956
2874.4444 15079.7778 0.1906
2450.4444 15079.7778 0.1625
2157 15079.7778 0.143
1828.7778 15079.7778 0.1213
1638 15079.7778 0.1086
1607.4444 15079.7778 0.1066
1688.3333 15079.7778 0.112
1952.3333 15079.7778 0.1295
2209.8889 15079.7778 0.1465
2749.5556 15079.7778 0.1823
3116.6667 15079.7778 0.2067
3112.6667 15079.7778 0.2064
3020.8889 15079.7778 0.2003
2767.1111 15079.7778 0.1835
2670 15079.7778 0.1771
2638.5556 15079.7778 0.175
2639.6667 15079.7778 0.175
2522 15079.7778 0.1672
2381.2222 15079.7778 0.1579
2301.3333 15079.7778 0.1526
2384.2222 15079.7778 0.1581
2403 15079.7778 0.1594
2385.3333 15079.7778 0.1582
2474.4444 15079.7778 0.1641
2408.6667 15079.7778 0.1597
2051.2222 15079.7778 0.136
1752 15079.7778 0.1162
1627.1111 15079.7778 0.1079
1480.8889 15079.7778 0.0982
1369.5556 15079.7778 0.0908
1428.5556 15079.7778 0.0947
1506.6667 15079.7778 0.0999
1627.8889 15079.7778 0.108
1903.8889 15079.7778 0.1263
2072.8889 15079.7778 0.1375
2097.2222 15079.7778 0.1391
2140.1111 15079.7778 0.1419
2188.2222 15079.7778 0.1451
2200 15079.7778 0.1459
2156.4444 15079.7778 0.143
2185.2222 15079.7778 0.1449
2085.7778 15079.7778 0.1383
2037.7778 15079.7778 0.1351
2072.8889 15079.7778 0.1375
2237.1111 15079.7778 0.1484
2320 15079.7778 0.1538
2395.2222 15079.7778 0.1588
2475.2222 15079.7778 0.1641
2422 15079.7778 0.1606
2218.2222 15079.7778 0.1471
2020.2222 15079.7778 0.134
1740.1111 15079.7778 0.1154
1463.8889 15079.7778 0.0971
1405 15079.7778 0.0932
1474.5556 15079.7778 0.0978
1625.1111 15079.7778 0.1078
1864.7778 15079.7778 0.1237
2269.8889 15079.7778 0.1505
2479.5556 15079.7778 0.1644
2639.6667 15079.7778 0.175
2652.2222 15079.7778 0.1759
2668.6667 15079.7778 0.177
2805.8889 15079.7778 0.1861
2780 15079.7778 0.1844
2819.5556 15079.7778 0.187
2723.3333 15079.7778 0.1806
2630.1111 15079.7778 0.1744
2841.5556 15079.7778 0.1884
2885.6667 15079.7778 0.1914
2811.6667 15079.7778 0.1865
2787.5556 15079.7778 0.1849
2978.4444 15079.7778 0.1975
2693.7778 15079.7778 0.1786
2238.2222 15079.7778 0.1484
1753.4444 15079.7778 0.1163
1566.2222 15079.7778 0.1039
1517.8889 15079.7778 0.1007
1496.7778 15079.7778 0.0993
1665.5556 15079.7778 0.1104
1862.7778 15079.7778 0.1235
2036.8889 15079.7778 0.1351
2436.2222 15079.7778 0.1616
2840.4444 15079.7778 0.1884
2843.8889 15079.7778 0.1886
2734.5556 15079.7778 0.1813
2687 15079.7778 0.1782
2625.2222 15079.7778 0.1741
2510.5556 15079.7778 0.1665
2395.7778 15079.7778 0.1589
2252.5556 15079.7778 0.1494
2181.4444 15079.7778 0.1447
2293.7778 15079.7778 0.1521
2310.8889 15079.7778 0.1532
2298.7778 15079.7778 0.1524
2224.8889 15079.7778 0.1475
2344 15079.7778 0.1554
2141.4444 15079.7778 0.142
1757.3333 15079.7778 0.1165
1462.2222 15079.7778 0.097
1299.7778 15079.7778 0.0862
1257.4444 15079.7778 0.0834
1259.6667 15079.7778 0.0835
1285.8889 15079.7778 0.0853
1379.3333 15079.7778 0.0915
1471 15079.7778 0.0975
1597.5556 15079.7778 0.1059
1855.1111 15079.7778 0.123
1983.7778 15079.7778 0.1316
1996 15079.7778 0.1324
1933 15079.7778 0.1282
1964 15079.7778 0.1302
1998.8889 15079.7778 0.1326
2017.4444 15079.7778 0.1338
1960.2222 15079.7778 0.13
1995.6667 15079.7778 0.1323
2060.6667 15079.7778 0.1367
2094.1111 15079.7778 0.1389
2049.4444 15079.7778 0.1359
2117.1111 15079.7778 0.1404
2235 15079.7778 0.1482
2126.8889 15079.7778 0.141
1887.3333 15079.7778 0.1252
1492.2222 15079.7778 0.099
1304.7778 15079.7778 0.0865
1267.8889 15079.7778 0.0841
1294.2222 15079.7778 0.0858
1357.8889 15079.7778 0.09
1493.5556 15079.7778 0.099
1714.8889 15079.7778 0.1137
1990 15079.7778 0.132
2279 15079.7778 0.1511
2433.3333 15079.7778 0.1614
2521.2222 15079.7778 0.1672
2491.4444 15079.7778 0.1652
2476.8889 15079.7778 0.1643
2431.5556 15079.7778 0.1612
2463.2222 15079.7778 0.1633
2376.5556 15079.7778 0.1576
2440.5556 15079.7778 0.1618
2456.5556 15079.7778 0.1629
2375.4444 15079.7778 0.1575
2246 15079.7778 0.1489
2236.8889 15079.7778 0.1483
2281.5556 15079.7778 0.1513
2152.8889 15079.7778 0.1428
1864.8889 15079.7778 0.1237
1488.8889 15079.7778 0.0987
1301.2222 15079.7778 0.0863
1289.7778 15079.7778 0.0855
1345.7778 15079.7778 0.0892
1447.5556 15079.7778 0.096
1567 15079.7778 0.1039
1782.4444 15079.7778 0.1182
2090.8889 15079.7778 0.1387
2367.2222 15079.7778 0.157
2585.7778 15079.7778 0.1715
2587.4444 15079.7778 0.1716
2615.6667 15079.7778 0.1735
2641.4444 15079.7778 0.1752
2616.7778 15079.7778 0.1735
2639.4444 15079.7778 0.175
2460 15079.7778 0.1631
2397.2222 15079.7778 0.159
2461 15079.7778 0.1632
2448 15079.7778 0.1623
2386.2222 15079.7778 0.1582
2408.4444 15079.7778 0.1597
2558.8889 15079.7778 0.1697
2616.6667 15079.7778 0.1735
2158.8889 15079.7778 0.1432
1773.8889 15079.7778 0.1176
1511 15079.7778 0.1002
1391.8889 15079.7778 0.0923
1296.7778 15079.7778 0.086
1387 15079.7778 0.092
1625.4444 15079.7778 0.1078
1844.1111 15079.7778 0.1223
2180.6667 15079.7778 0.1446
2357.7778 15079.7778 0.1564
2385 15079.7778 0.1582
2331 15079.7778 0.1546
2451.5556 15079.7778 0.1626
2392.1111 15079.7778 0.1586
2386.3333 15079.7778 0.1582
2492.1111 15079.7778 0.1653
2347 15079.7778 0.1556
2394.1111 15079.7778 0.1588
2599.2222 15079.7778 0.1724
2653.3333 15079.7778 0.176
2578.3333 15079.7778 0.171
2690.8889 15079.7778 0.1784
2758 15079.7778 0.1829
2812 15079.7778 0.1865
2375.7778 15079.7778 0.1575
2062 15079.7778 0.1367
1846.8889 15079.7778 0.1225
1670.7778 15079.7778 0.1108
1519.5556 15079.7778 0.1008
1601.4444 15079.7778 0.1062
1798.3333 15079.7778 0.1193
1958.1111 15079.7778 0.1299
2348.7778 15079.7778 0.1558
2545.1111 15079.7778 0.1688
2654.4444 15079.7778 0.176
2688.3333 15079.7778 0.1783
2752.4444 15079.7778 0.1825
2761.8889 15079.7778 0.1832
2789.5556 15079.7778 0.185
2813.1111 15079.7778 0.1865
2727.2222 15079.7778 0.1809
2707 15079.7778 0.1795
2692 15079.7778 0.1785
2707 15079.7778 0.1795
2603 15079.7778 0.1726
2552.1111 15079.7778 0.1692
2720.1111 15079.7778 0.1804
2788.2222 15079.7778 0.1849
2576.1111 15079.7778 0.1708
2108.7778 15079.7778 0.1398
1682 15079.7778 0.1115
1461 15079.7778 0.0969
1401.6667 15079.7778 0.093
1521.1111 15079.7778 0.1009
1761.6667 15079.7778 0.1168
1926.8889 15079.7778 0.1278
2259.2222 15079.7778 0.1498
2688.6667 15079.7778 0.1783
2968.7778 15079.7778 0.1969
3064.6667 15079.7778 0.2032
3070.3333 15079.7778 0.2036
3145 15079.7778 0.2086
3113.3333 15079.7778 0.2065
3072.6667 15079.7778 0.2038
2853 15079.7778 0.1892
2780.4444 15079.7778 0.1844
2881.8889 15079.7778 0.1911
2942.4444 15079.7778 0.1951
2865.8889 15079.7778 0.19
2913.4444 15079.7778 0.1932
2908.6667 15079.7778 0.1929
2730.7778 15079.7778 0.1811
2388.2222 15079.7778 0.1584
1953.4444 15079.7778 0.1295
1677.3333 15079.7778 0.1112
1385.8889 15079.7778 0.0919
1357.7778 15079.7778 0.09
1450.7778 15079.7778 0.0962
1664 15079.7778 0.1103
1874.6667 15079.7778 0.1243
2241.3333 15079.7778 0.1486
2454.7778 15079.7778 0.1628
2535.3333 15079.7778 0.1681
2569.8889 15079.7778 0.1704
2701 15079.7778 0.1791
2893.6667 15079.7778 0.1919
2793.8889 15079.7778 0.1853
2859.3333 15079.7778 0.1896
2790.6667 15079.7778 0.1851
2682.5556 15079.7778 0.1779
2605.1111 15079.7778 0.1728
2678.6667 15079.7778 0.1776
2649 15079.7778 0.1757
2723.1111 15079.7778 0.1806
2791 15079.7778 0.1851
2689 15079.7778 0.1783
2146.2222 15079.7778 0.1423
1466.3333 15079.7778 0.0972
1183.7778 15079.7778 0.0785
1107.5556 15079.7778 0.0734
1126.6667 15079.7778 0.0747
1150.6667 15079.7778 0.0763
1294.1111 15079.7778 0.0858
1548.4444 15079.7778 0.1027
1915.4444 15079.7778 0.127
2180.1111 15079.7778 0.1446
2245.4444 15079.7778 0.1489
2181.5556 15079.7778 0.1447
2208 15079.7778 0.1464
2304.4444 15079.7778 0.1528
2300.7778 15079.7778 0.1526
2295.3333 15079.7778 0.1522
2162.7778 15079.7778 0.1434
2132.4444 15079.7778 0.1414
2269 15079.7778 0.1505
2330 15079.7778 0.1545
2321.2222 15079.7778 0.1539
2295.4444 15079.7778 0.1522
2424.2222 15079.7778 0.1608
2318.1111 15079.7778 0.1537
1873.6667 15079.7778 0.1243
1420.6667 15079.7778 0.0942
1258.2222 15079.7778 0.0834
1111.7778 15079.7778 0.0737
1036.2222 15079.7778 0.0687
1107.5556 15079.7778 0.0734
1310.1111 15079.7778 0.0869
1592.5556 15079.7778 0.1056
1977.6667 15079.7778 0.1311
2455.3333 15079.7778 0.1628
2608 15079.7778 0.1729
2518.4444 15079.7778 0.167
2506.7778 15079.7778 0.1662
2601.1111 15079.7778 0.1725
2581.1111 15079.7778 0.1712
2529.7778 15079.7778 0.1678
2530.6667 15079.7778 0.1678
2579.7778 15079.7778 0.1711
2763.8889 15079.7778 0.1833
2704.8889 15079.7778 0.1794
2588.8889 15079.7778 0.1717
2666.3333 15079.7778 0.1768
2789.7778 15079.7778 0.185
2686.6667 15079.7778 0.1782
2058.7778 15079.7778 0.1365
1561.3333 15079.7778 0.1035
1250.8889 15079.7778 0.083
1191.7778 15079.7778 0.079
1202.4444 15079.7778 0.0797
1266.1111 15079.7778 0.084
1449.5556 15079.7778 0.0961
1729 15079.7778 0.1147
2113.4444 15079.7778 0.1402
2464.3333 15079.7778 0.1634
2643.6667 15079.7778 0.1753
2598.8889 15079.7778 0.1723
2648.2222 15079.7778 0.1756
2713.1111 15079.7778 0.1799
2623 15079.7778 0.1739
2695.2222 15079.7778 0.1787
2608.6667 15079.7778 0.173
2606.6667 15079.7778 0.1729
2659.8889 15079.7778 0.1764
2761.5556 15079.7778 0.1831
2734.8889 15079.7778 0.1814
2783.7778 15079.7778 0.1846
2750.1111 15079.7778 0.1824
2835.6667 15079.7778 0.188
2340.3333 15079.7778 0.1552
1748 15079.7778 0.1159
1423.4444 15079.7778 0.0944
1326.4444 15079.7778 0.088
1343.7778 15079.7778 0.0891
1368 15079.7778 0.0907
1554.5556 15079.7778 0.1031
1851.4444 15079.7778 0.1228
2326.3333 15079.7778 0.1543
2689.3333 15079.7778 0.1783
2820.4444 15079.7778 0.187
2669.3333 15079.7778 0.177
2590.3333 15079.7778 0.1718
2541.3333 15079.7778 0.1685
2516.7778 15079.7778 0.1669
2502.1111 15079.7778 0.1659
2508.2222 15079.7778 0.1663
2490.5556 15079.7778 0.1652
2594 15079.7778 0.172
2689.1111 15079.7778 0.1783
2681 15079.7778 0.1778
2586.4444 15079.7778 0.1715
2719.6667 15079.7778 0.1804
2627 15079.7778 0.1742
2103.4444 15079.7778 0.1395
1744.1111 15079.7778 0.1157
1498 15079.7778 0.0993
1387.6667 15079.7778 0.092
1424.7778 15079.7778 0.0945
1417.6667 15079.7778 0.094
1550.8889 15079.7778 0.1028
1787.1111 15079.7778 0.1185
2126.8889 15079.7778 0.141
2406 15079.7778 0.1596
2576.5556 15079.7778 0.1709
2610.2222 15079.7778 0.1731
2716.4444 15079.7778 0.1801
2687 15079.7778 0.1782
2623.1111 15079.7778 0.1739
2551.6667 15079.7778 0.1692
2428.7778 15079.7778 0.1611
2372.3333 15079.7778 0.1573
2391.4444 15079.7778 0.1586
2379.6667 15079.7778 0.1578
2269.5556 15079.7778 0.1505
2129.4444 15079.7778 0.1412
2148.1111 15079.7778 0.1424
2227.5556 15079.7778 0.1477
1977.7778 15079.7778 0.1312
1463.8889 15079.7778 0.0971
1261.5556 15079.7778 0.0837
1254.6667 15079.7778 0.0832
1255.6667 15079.7778 0.0833
1276.5556 15079.7778 0.0847
1339.6667 15079.7778 0.0888
1525.6667 15079.7778 0.1012
1799.3333 15079.7778 0.1193
2006 15079.7778 0.133
2140.6667 15079.7778 0.142
2145.8889 15079.7778 0.1423
2082.7778 15079.7778 0.1381
2102.8889 15079.7778 0.1395
2104.1111 15079.7778 0.1395
2132.2222 15079.7778 0.1414
2061.2222 15079.7778 0.1367
1990.7778 15079.7778 0.132
2034.1111 15079.7778 0.1349
2053.3333 15079.7778 0.1362
2046.2222 15079.7778 0.1357
1962.8889 15079.7778 0.1302
2020.6667 15079.7778 0.134
1968.4444 15079.7778 0.1305
1776.1111 15079.7778 0.1178
1507.7778 15079.7778 0.1
1362.5556 15079.7778 0.0904
1260.1111 15079.7778 0.0836
1242.7778 15079.7778 0.0824
1244.1111 15079.7778 0.0825
1278.2222 15079.7778 0.0848
1397.4444 15079.7778 0.0927
1627.7778 15079.7778 0.1079
1835.2222 15079.7778 0.1217
1978.2222 15079.7778 0.1312
2010.4444 15079.7778 0.1333
2040.4444 15079.7778 0.1353
2024.4444 15079.7778 0.1342
1903.6667 15079.7778 0.1262
1914.6667 15079.7778 0.127
1904 15079.7778 0.1263
2019.7778 15079.7778 0.1339
2065.6667 15079.7778 0.137
2071.5556 15079.7778 0.1374
2106.1111 15079.7778 0.1397
2090.4444 15079.7778 0.1386
2131.4444 15079.7778 0.1413
2105.7778 15079.7778 0.1396
1796.1111 15079.7778 0.1191
1456 15079.7778 0.0966
1324.1111 15079.7778 0.0878
1245.6667 15079.7778 0.0826
1245.2222 15079.7778 0.0826
1322.5556 15079.7778 0.0877
1474.8889 15079.7778 0.0978
1674.7778 15079.7778 0.1111
1953.8889 15079.7778 0.1296
2072.8889 15079.7778 0.1375
2062.7778 15079.7778 0.1368
2152.4444 15079.7778 0.1427
2181.1111 15079.7778 0.1446
2191.5556 15079.7778 0.1453
2213.2222 15079.7778 0.1468
2203.2222 15079.7778 0.1461
2239.8889 15079.7778 0.1485
2200.6667 15079.7778 0.1459
2252.4444 15079.7778 0.1494
2262.7778 15079.7778 0.1501
2125.4444 15079.7778 0.1409
2106.5556 15079.7778 0.1397
2151.1111 15079.7778 0.1426
2074.1111 15079.7778 0.1375
1913 15079.7778 0.1269
1664.2222 15079.7778 0.1104
1395.1111 15079.7778 0.0925
1247 15079.7778 0.0827
1209 15079.7778 0.0802
1263.2222 15079.7778 0.0838
1433.1111 15079.7778 0.095
1658.4444 15079.7778 0.11
1925.7778 15079.7778 0.1277
2141.4444 15079.7778 0.142
2233.7778 15079.7778 0.1481
2274 15079.7778 0.1508
2358.6667 15079.7778 0.1564
2410.3333 15079.7778 0.1598
2324.3333 15079.7778 0.1541
2246.4444 15079.7778 0.149
2125.5556 15079.7778 0.141
2043 15079.7778 0.1355
2048.8889 15079.7778 0.1359
2090.2222 15079.7778 0.1386
2060.8889 15079.7778 0.1367
2009.6667 15079.7778 0.1333
2090.1111 15079.7778 0.1386
2168.7778 15079.7778 0.1438
1932.1111 15079.7778 0.1281
1561.1111 15079.7778 0.1035
1371.3333 15079.7778 0.0909
1289.8889 15079.7778 0.0855
1277.7778 15079.7778 0.0847
1346.1111 15079.7778 0.0893
1504.4444 15079.7778 0.0998
1682.7778 15079.7778 0.1116
1987.2222 15079.7778 0.1318
2267.6667 15079.7778 0.1504
2331.4444 15079.7778 0.1546
2403.4444 15079.7778 0.1594
2477.6667 15079.7778 0.1643
2573 15079.7778 0.1706
2626.3333 15079.7778 0.1742
2701.7778 15079.7778 0.1792
2640.3333 15079.7778 0.1751
2630.7778 15079.7778 0.1745
2651 15079.7778 0.1758
2697.4444 15079.7778 0.1789
2606.1111 15079.7778 0.1728
2498.5556 15079.7778 0.1657
2445.5556 15079.7778 0.1622
2505 15079.7778 0.1661
2207 15079.7778 0.1464
1797.7778 15079.7778 0.1192
1581.8889 15079.7778 0.1049
1418 15079.7778 0.094
1357.6667 15079.7778 0.09
1414.1111 15079.7778 0.0938
1552.6667 15079.7778 0.103
1668.3333 15079.7778 0.1106
1904.4444 15079.7778 0.1263
2168.6667 15079.7778 0.1438
2302.7778 15079.7778 0.1527
2399.7778 15079.7778 0.1591
2501.2222 15079.7778 0.1659
2592.1111 15079.7778 0.1719
2510 15079.7778 0.1664
2633.7778 15079.7778 0.1747
2549.1111 15079.7778 0.169
2412.5556 15079.7778 0.16
2481.2222 15079.7778 0.1645
2506.2222 15079.7778 0.1662
2502 15079.7778 0.1659
2436.5556 15079.7778 0.1616
2426.1111 15079.7778 0.1609
2329.3333 15079.7778 0.1545
1899.3333 15079.7778 0.126
1653.5556 15079.7778 0.1097
1444.1111 15079.7778 0.0958
1331.2222 15079.7778 0.0883
1308.2222 15079.7778 0.0868
1384.3333 15079.7778 0.0918
1594.1111 15079.7778 0.1057
1757.4444 15079.7778 0.1165
1987.6667 15079.7778 0.1318
2222.5556 15079.7778 0.1474
2293 15079.7778 0.1521
2358.3333 15079.7778 0.1564
2387 15079.7778 0.1583
2285.2222 15079.7778 0.1515
2277.5556 15079.7778 0.151
2257.6667 15079.7778 0.1497
2189.7778 15079.7778 0.1452
2149.2222 15079.7778 0.1425
2210.5556 15079.7778 0.1466
2271.7778 15079.7778 0.1507
2242.3333 15079.7778 0.1487
2151.4444 15079.7778 0.1427
2159.5556 15079.7778 0.1432
2272.6667 15079.7778 0.1507
2076.8889 15079.7778 0.1377
1766.1111 15079.7778 0.1171
1472.4444 15079.7778 0.0976
1318.1111 15079.7778 0.0874
1280.5556 15079.7778 0.0849
1366.8889 15079.7778 0.0906
1559.8889 15079.7778 0.1034
1753.1111 15079.7778 0.1163
1937.8889 15079.7778 0.1285
2172.8889 15079.7778 0.1441
2266.5556 15079.7778 0.1503
2284.6667 15079.7778 0.1515
2378.2222 15079.7778 0.1577
2448 15079.7778 0.1623
2535 15079.7778 0.1681
2606.1111 15079.7778 0.1728
2515.7778 15079.7778 0.1668
2502.4444 15079.7778 0.1659
2545.1111 15079.7778 0.1688
2615.6667 15079.7778 0.1735
2577 15079.7778 0.1709
2548.6667 15079.7778 0.169
2568.1111 15079.7778 0.1703
2498.1111 15079.7778 0.1657
2285.5556 15079.7778 0.1516
1701.6667 15079.7778 0.1128
1498 15079.7778 0.0993
1349.1111 15079.7778 0.0895
1328.3333 15079.7778 0.0881
1414.2222 15079.7778 0.0938
1553.5556 15079.7778 0.103
1630 15079.7778 0.1081
1853 15079.7778 0.1229
1988.4444 15079.7778 0.1319
2060.5556 15079.7778 0.1366
2170.4444 15079.7778 0.1439
2224.8889 15079.7778 0.1475
2187.6667 15079.7778 0.1451
2198.4444 15079.7778 0.1458
2201.2222 15079.7778 0.146
2157.7778 15079.7778 0.1431
2129.6667 15079.7778 0.1412
2103.8889 15079.7778 0.1395
2026.5556 15079.7778 0.1344
1990.3333 15079.7778 0.132
1979.2222 15079.7778 0.1313
2040.8889 15079.7778 0.1353
2018.1111 15079.7778 0.1338
1781.8889 15079.7778 0.1182
1498.5556 15079.7778 0.0994
1312 15079.7778 0.087