16042.4444
15741.1111
15580
15530.4444
15792.3333
16367.4444
17031.2222
17733.5556
18658.4444
19434.8889
20061.6667
20621.6667
21075.7778
21479.4444
21724.8889
21905.1111
22020.8889
21753.6667
21403.8889
21235.3333
20499.8889
19222.6667
17826.3333
16740.7778
16128
15655.4444
15512.3333
15420.5556
15636.6667
16359.6667
16945
17761.7778
18667.4444
19537.6667
20097.7778
20436.2222
20560.6667
20884.8889
21093.5556
21290.4444
21262
20863.7778
20737.4444
20748
20005.7778
18856.3333
17436.3333
16401.4444
15875.5556
15368.1111
15126.3333
15083.6667
15374.7778
15892.7778
16394.7778
17204
18109.8889
18891.1111
19613
19988.1111
20166.8889
20190.5556
20175.7778
20561
20611
20377.2222
20059.5556
20000.4444
19326.2222
18100.4444
16984.7778
15915.4444
15312.4444
15034.1111
14905.3333
14781.4444
14936.7778
15403.2222
16000.2222
16525.3333
17501.1111
18211
18652.4444
19011.5556
19336.6667
19360
19577.7778
19884.2222
20164.6667
19853.4444
19458.1111
19550
18763.5556
17872.2222
16891.4444
16086.4444
15564.1111
15275.1111
15048.7778
15020
15378.8889
16074
16577.4444
17182.2222
17769.4444
18259.1111
18450.6667
18868.2222
19120.7778
19238
19312.2222
19516.5556
19911.7778
19822
19666.8889
19470.2222
18919.5556
17864.2222
16826.1111
16082.5556
15611.2222
15256.4444
15147.5556
15011.6667
15058
15620.6667
16328.2222
16863.7778
17268.6667
17661.1111
18162.1111
18426.7778
18701.8889
18856.6667
18984.7778
19211.6667
19512.5556
19237.3333
19199.1111
19328.8889
18598.1111
17420.7778
16470
15719.6667
15168.1111
15049.7778
14869.1111
14857
15137.5556
15960.3333
16911.5556
17345.6667
17898.8889
18397.2222
18933
19203.4444
19443.5556
19469.2222
19660.4444
19985.8889
20263.6667
20032.3333
19877.5556
20050.4444
19268.1111
18185.8889
16884.3333
15991
15474.4444
15173.6667
15026.8889
15055.3333
15252.3333
16080.4444
17031.2222
17646.8889
18063.1111
18560.2222
18944.4444
19177
19443.5556
19403.6667
19545.4444
19569.1111
19877.5556
19685.6667
19658.4444
19932.2222
19210.1111
17984.5556
16726
15946.6667
15532.1111
15200.7778
14985.7778
15023.3333
15257.7778
16033.3333
16708.2222
17511.1111
17912.3333
18330.7778
18535.8889
18800.1111
19004.6667
18898.3333
18960.6667
19375.4444
19405.2222
19222.6667
19084.5556
19306.7778
18447.4444
17272.6667
16312.1111
15449.7778
15000
14766.5556
14519.3333
14592.4444
14850.1111
15690.4444
16416.6667
16960.6667
17401.3333
17821.3333
18137.8889
18444.6667
18521.1111
18439.1111
18631.4444
18921.8889
19071
18836.7778
18920.8889
19119.2222
18333.5556
17173
16101.7778
15331.4444
14852.1111
14559.4444
14407.2222
14356.2222
14587.6667
15374.6667
16245.4444
16789.3333
17119
17447.4444
17717.4444
17885.3333
18030.6667
18083.7778
18362.7778
18587.2222
18662
18497
18577.2222
18813.4444
17926.8889
16911.7778
15802.1111
15025.5556
14710.4444
14398
14200.1111
14223.5556
14456.5556
15328.3333
16027.1111
16560.7778
16947.5556
17311.4444
17536.8889
17602.8889
17773.4444
17790.2222
17925.6667
18172.2222
18469.7778
18446
18403.8889
18575.7778
17897.2222
16714
15614.1111
14850.7778
14431.3333
14212.5556
14113.7778
14156.3333
14447.2222
15341.3333
16314.8889
16731.7778
17120.2222
17461.3333
17766.1111
18042.3333
18313.4444
18565.1111
18412.5556
18437.4444
18887.3333
18843.5556
18832.2222
18924.2222
18204.7778
16806.1111
15693.3333
14741.3333
14261.3333
14118.8889
13975.8889
14000.6667
14344.4444
15352.7778
16273.3333
16825.8889
17247.4444
17540.7778
17904.2222
18060.7778
18256.6667
18335.5556
18370.5556
18771.3333
19114.2222
18884.2222
19028.1111
19148.7778
18394.1111
17251.7778
16042.3333
15236
14806.1111
14486.7778
14298.6667
14275.5556
14608.4444
15485.2222
16395.2222
16804.7778
17249.8889
17639.4444
17977.2222
18137.2222
18346.2222
18509.1111
18578.5556
18881.8889
18974.2222
18728.6667
18917.3333
18867.4444
18008.6667
17006.3333
15797.4444
14900.4444
14540
14312.8889
14126.2222
14204.5556
14374.8889
15135.6667
15892.3333
16452.2222
16891.6667
17202.1111
17604.1111
17775.1111
17939.7778
17973.5556
18106.6667
18343.6667
18537.7778
18529.4444
18691.1111
18791.3333
18056.2222
16946.5556
15684.1111
14903.6667
14472
14333.1111
14280.2222
14286.4444
14483.5556
15356.4444
16118
16473
16821
17233.7778
17516.8889
17634.6667
17784.2222
17913.8889
18137.4444
18520
18697.6667
18590.5556
18720.4444
18830
18079.8889
16965.1111
15779.2222
15111
14727.2222
14541.2222
14320.2222
14364.8889
14738.7778
15451.4444
16365.7778
16851.6667
17248
17538.1111
17868.3333
18082.4444
18253.8889
18334.3333
18430.8889
18693.5556
18687.4444
18545.1111
18655.7778
18738.3333
17815.7778
16833.5556
15776.2222
14926.2222
14536.4444
14395.7778
14210.1111
14243.8889
14482.5556
15279.5556
16180.6667
16771
17157.4444
17533.3333
17725.2222
17872.1111
17960.8889
18055.6667
18288
18552
18698.3333
18484.4444
18736.4444
18775.4444
18077.7778
16870.8889
15659.7778
14927.8889
14510.3333
14255.1111
14177.1111
14356.6667
14687.6667
15556.3333
16460.6667
17059.2222
17369.6667
17632.4444
17881.7778
18020.1111
18200.2222
18257.4444
18345.8889
18577.6667
18839.4444
18874.6667
19130.7778
19199.8889
18225.5556
17096.5556
15846.6667
14909.5556
14539.6667
14475.4444
14479.4444
14465
14795.4444
15556.4444
16486.3333
17081.3333
17600.7778
17996.8889
18307.5556
18474.4444
18630.6667
18664.1111
18675.6667
19027.3333
19191.1111
19084.8889
19177.4444
19153.7778
18135.4444
16986
15779.8889
14876.5556
14490.5556
14262.2222
13985.8889
14067.8889
14370.3333
15330.5556
16371.2222
16769.6667
17020.1111
17502.7778
17664.7778
17524.8889
17886.5556
17944.2222
18104.8889
18351.1111
18544.2222
18418.1111
18835.7778
18772.7778
17878.7778
16752.2222
15485.5556
14714.2222
14346.6667
14057
13844
14048.8889
14378.4444
15186.5556
16132.4444
16503.1111
16867.3333
17179.3333
17462.5556
17744
17915.3333
18088.2222
18286.5556
18528.6667
18676.2222
18636.3333
18917.7778
18839.5556
17901.6667
16864.3333
15886.7778
15136.3333
14684.6667
14493.2222
14366.7778
14402
14604.1111
15366
16322
16726
17195.5556
17509.5556
17764.3333
18050.6667
18074.5556
18179.8889
18189.5556
18440.2222
18646.7778
18516.2222
18928.3333
18843.8889
18073.8889
17000.2222
15843.7778
15058.8889
14609
14471.8889
14342.1111
14353.2222
14716
15430
16210.2222
16764.2222
17165.7778
17440.8889
17695
17727.4444
17860.3333
17878.3333
18079.5556
18291.2222
18376.1111
18219.3333
18649.5556
18490.2222
17844.6667
16904.2222
15911.6667
15003.2222
14713.7778
14642.5556
14527.5556
14628.2222
14812.5556
15504.7778
16303.3333
16749.6667
16934
17267.1111
17686.1111
17796.6667
17777.2222
17749.1111
17934.7778
18130
18424.1111
18352
18681.3333
18573.1111
17812.7778
16944.5556
15916.6667
15214
14727.1111
14657.5556
14455.7778
14420.4444
14815.1111
15671.5556
16516.2222
16960
17408
17729.6667
17911.7778
17839.1111
17918.4444
17946.3333
18155.6667
18532.4444
18468.8889
18293.6667
18700.7778
18558.8889
17778.4444
16751.7778
15684.4444
14871.8889
14578.3333
14369.6667
14123
14157.2222
14548.2222
15544.5556
16597.2222
16892
17210.2222
17470.2222
17622
17722.7778
17868.3333
17789
17903.3333
18149.7778
18312.1111
18145.2222
18612.1111
18381.4444
17592.6667
16611.1111
15698.4444
14899
14576.6667
14395.1111
14218.8889
14367.7778
14747.7778
15594.4444
16567.4444
17081.3333
17264.1111
17365.4444
17619.5556
17610.6667
17682.5556
17582
17541.4444
17857.5556
17909.3333
17830.4444
18472.8889
18282.6667
17520.3333
16447
15548.4444
14979
14527
14302.5556
14159.1111
14170.4444
14500.8889
15218.5556
16213.6667
16746.1111
16996.3333
17258.3333
17349.2222
17335.1111
17293.2222
17152.7778
17152
17494.1111
17601.8889
17755.8889
18199.6667
17912.6667
17284.1111
16352
15452
14958.7778