15020.5556
14787.5556
14732.7778
14957.4444
15324.8889
16235.6667
17286.7778
17778
17815.4444
17854.8889
17854.8889
17690.7778
17545.7778
17294.4444
17250.5556
17385
17610.4444
17601.8889
17878.7778
18677.5556
18108
17336.2222
16243.5556
15494.7778
15172.8889
14989.6667
14901.4444
14873.7778
15251.1111
16173.6667
16875.2222
17358.4444
17472.2222
17513
17405.5556
17339.1111
17124.8889
16989.2222
16718.5556
17052.7778
17375.5556
17500.3333
17936.2222
18578.1111
17895.3333
17100.7778
16080.3333
15435.4444
15079.7778
15000.1111
15061.4444
15092.7778
15508.1111
16381.4444
17076.6667
17383.1111
17595.7778
17621.8889
17492.8889
17450.7778
17418.1111
17248
17230.2222
17426
17701.3333
17826.4444
18186.1111
18720.5556
18040.1111
17177.2222
16272.8889
15609.3333
15208
15038.4444
15139.3333
15129.8889
15607.7778
16622.7778
17491.1111
17933.3333
18142.5556
18197.3333
18094
17915.2222
17910.5556
17624.3333
17782.2222
17877.1111
18206.1111
18229.6667
18367.7778
18831
18332.6667
17413.2222
16453.1111
15581.1111
15282.4444
15157.2222
15127.3333
15263.2222
15618.7778
16735.1111
17698.1111
18085.3333
18156
18056.1111
17979.1111
17807.2222
17568.1111
17321.4444
17226
17467.8889
17701.3333
17640.4444
17980
18813.3333
18387.6667
17348.2222
16232.5556
15439.4444
15098.6667
14997.7778
14962.7778
14992.2222
15431
16640.8889
17657.8889
18036
18053.2222
18033.6667
18011.6667
17808.8889
17722.6667
17513.4444
17295.3333
17442.6667
17608.2222
17601.3333
18096
18760.4444
18202.8889
17171.7778
16149
15476.4444
15177.3333
15050.1111
14973.4444
15030.5556
15383.1111
16303.4444
17090.6667
17538.6667
17772.8889
17900.6667
17806.3333
17638.3333
17470.3333
17234.5556
17037.4444
17353.5556
17682.8889
17722.2222
18101.6667
18614
18152.2222
17083
16027.6667
15283.8889
15009.3333
14825.4444
14812.7778
14856.4444
15250.3333
16379.1111
17306.8889
17767.8889
17888.7778
17973.6667
17965.6667
17726.2222
17532.3333
17210.5556
17215.5556
17493.4444
17638.5556
17726
17897.6667
18481.2222
17914.2222
17028.3333
15842.2222
15158.1111
14938.5556
14896.5556
14819.8889
14977.7778
15253.8889
16207.6667
17127.7778
17434.4444
17530.4444
17492.5556
17318.7778
17035.6667
16929.7778
16687.6667
16672.3333
16995.2222
17163.7778
17253.1111
17688.4444
18215.8889
17717.4444
16840.5556
15861.6667
15186
14844.4444
14756.1111
14648.8889
14719.5556
14924.6667
15899.7778
16643.4444
17291.2222
17308.8889
17546.3333
17491.8889
17427.3333
17293.4444
17068.8889
17021.7778
17255.5556
17435.8889
17585.4444
17967.8889
18447.1111
17798.1111
17010.5556
15938
15174.2222
14935.5556
14840.4444
14791.7778
14814.2222
15115.5556
16040.5556
16833.3333
17263.8889
17397.1111
17451.1111
17517
17551.3333
17451.1111
17136.6667
17092.5556
17217.8889
17385.3333
17393.8889
17830
18361
17796.8889
16909.1111
15848.5556
15210.4444
14907.4444
14649.5556
14588
14702.7778
15102.2222
16309.2222
17229.8889
17590.5556
17748.2222
17797
17752.5556
17579
17542.7778
17354.2222
17216.2222
17479
17623.8889
17526.7778
17780.1111
18230.8889
17845.8889
17029
15930.3333
15136.8889
14752.1111
14563.2222
14438
14504.7778
14890.3333
15908.5556
16811.6667
17189.5556
17235.7778
17147.8889
17324.1111
17149.8889
17159.3333
17013.2222
16996.2222
17239.3333
17333
17196
17571.1111
18098.3333
17722.1111
16721.2222
15889.6667
15023.7778
14668.4444
14421.8889
14378.1111
14551
14956.1111
15830
16530.3333
16899.3333
16970.8889
17054.5556
17101.2222
17092.1111
16979.8889
16802.7778
16708.1111
16892.8889
17240.3333
17113.4444
17222
17853.4444
17614.7778
16740.5556
15674.6667
14765.8889
14514.3333
14402.4444
14484.6667
14509.5556
14945.1111
15983.2222
16636.6667
16947.8889
17151.6667
17320.3333
17466.3333
17437.3333
17261.5556
17056.1111
16961.4444
17157.3333
17327
17343.5556
17593.3333
17888.6667
17410
16586
15501.7778
14814.7778
14410.1111
14286.2222
14182.5556
14305.8889
14640.7778
15338
16192
16728
17002.7778
17303.6667
17353.6667
17284
17119.6667
16866.3333
16773
16926.4444
16977.6667
17087.4444
17390.3333
17937.4444
17531.1111
16490.1111
15363.3333
14711.6667
14428.8889
14257.7778
14159.1111
14287
14781.1111
15710.3333
16481.5556
16876.4444
17047.3333
16954.6667
17059.1111
16972.1111
16829.7778
16615.8889
16473.2222
16681
17092.5556
17275.1111
17483.3333
17954.4444
17670.8889
16579.8889
15495.1111
14957.5556
14731.1111
14475.4444
14351.2222
14386.6667
14783.1111
15524.5556
16234.4444
16665.5556
16748.7778
16898.2222
17044.8889
16893.1111
16671.7778
16561.3333
16631
16782.3333
17029.7778
17063.2222
17301.6667
17823.5556
17495.5556
16326.7778
15441.8889
14604
14423.6667
14242.7778
14306.1111
14445.4444
14793.3333
15821.1111
16636.6667
17067.1111
17126.3333
17350.6667
17411.7778
17237.3333
17226.4444
17062.1111
16999.4444
17213.3333
17429.7778
17456.1111
17801.6667
18126.8889
17905.8889
16779.6667
15734.4444
14828.3333
14595.2222
14380.7778
14426.7778
14514
15049
15969
16986.5556
17360.8889
17464.1111
17391.2222
17332.3333
17233.2222
17197.8889
16981.3333
16945.5556
17140.5556
17317.1111
17376.4444
17428.4444
17990.3333
17520.5556
16621.3333
15432.2222
14719.3333
14506
14393.8889
14295.8889
14372.5556
14727.6667
15644.1111
16584.5556
16870
16934.7778
17023.6667
17078.1111
16939
16890.8889
16715
16629.1111
16848.5556
16986.7778
16982.8889
17353.2222
17826
17538.3333
16536.3333
15517
14970.5556
14568.1111
14458
14427.4444
14533.7778
14863.4444
15646.8889
16295
16782.4444
16897.4444
16868.3333
16754
16656
16588.3333
16556.8889
16450.4444
16647
16875.1111
16954.3333
17091.6667
17569.1111
17269.6667
16446.6667
15373.1111
14918.1111
14600.8889
14379.6667
14385.2222
14434.1111
14827.8889
15756.6667
16429.1111
16836
16986
16939.3333
16836
16724.3333
16613.1111
16550.6667
16381.7778
16701.5556
16903.3333
17008.6667
17162.5556
17590.4444
17469.8889
16497.8889
15518.2222
14899.3333
14511.5556
14301.6667
14189
14278.6667
14673.6667
15580.7778
16383.7778
16816.2222
16768.3333
16776.1111
16812.5556
16773.3333
16661.7778
16552.5556
16472.4444
16633.8889
16816.8889
16884.2222
17100.5556
17653.5556
17330
16403
15542.3333
14821.6667
14537.6667
14441.3333
14373.5556
14408.8889
14878.3333
15537.2222
16287.2222
16751.3333
16918.8889
17244.7778
17319.4444
17162.6667
16990.3333
16869.5556
16811
17030.7778
17315.5556
17229.2222
17308.3333
17861
17555.3333
16649.4444
15639.8889
14911.6667
14665.5556
14431.5556
14452.2222
14510.4444
14945.6667
15918.3333
16667.7778
17149.7778
17162.7778
17173.6667
17226
17219.6667
17191
16956.3333
16886.5556
17143.3333
17360.6667
17234.8889
17389.1111
17790.4444
17749.4444
16814.5556
15759.1111
14909.7778
14640.3333
14477
14385.8889
14488.5556
14882.8889
15873.8889
16750.7778
17148.5556
17229.6667
17351.1111
17376.6667
17292.4444
17419.2222
17212.1111
17092.6667
17227.1111
17318.4444
17359.5556
17526.5556
17856.5556
17614.3333
16602.4444
15624.3333
14831.3333
14611
14429.2222
14358.5556
14448
14951.4444
15726.4444
16535.6667
16945.8889
17042.2222
17149.5556
16986.3333
16786.3333
16770.2222
16688.3333
16825.4444
16981.5556
17177.2222
17268.3333
17442.4444
17783.3333
17659.8889
16701.7778
15660.5556
14838.4444
14601.7778
14410.7778
14328.7778
14379.7778
14827.5556
15541.2222
16450.8889
16858.1111
16867.3333
17027.2222
17102.3333
17087.2222
17016.2222
16726.6667
16684.8889
16931.5556
17094.1111
17008.5556
17213.6667
17580.8889
17437
16608.8889
15564.3333
14882.6667
14606.5556
14323.3333
14274.2222
14320
14779.1111
15243.3333
15979.6667
16520.4444
16741.4444
16816.4444
16859.3333
16742.2222
16720.6667
16569.4444
16492.5556
16665.8889
16808.4444
16737.7778
16959
17535
17357.6667
16437.2222
15390.8889
14476.8889