14162.7778
14057.5556
13958.7778
14087.7778
14357.2222
15096
15994
16463.5556
16749.2222
16872.3333
16924.8889
16838.3333
16719.8889
16560.3333
16605.2222
16816.8889
17089.3333
16975
17168.6667
17475
17392.6667
16421.4444
15223
14545.6667
14143.4444
13917.7778
13797.2222
13812.3333
14212.7778
14819.7778
15682.2222
16288.2222
16601.8889
16871.2222
16936.6667
16984.3333
16932
16963.8889
16991.4444
17285
17399.4444
17283.2222
17464
17727.6667
17471.3333
16570.6667
15553.2222
14836.4444
14500.3333
14294.8889
14176.2222
14306.7778
14739.4444
15630.5556
16553.4444
17119.3333
17201.3333
17419.5556
17400.3333
17272.1111
17138.5556
17091.2222
17077.8889
17214.1111
17399.1111
17360.3333
17418.7778
17773
17801
16741.6667
15854
14944.3333
14626.6667
14330.3333
14237
14288.5556
14603.6667
15427
16246.7778
16781
16895.4444
16891.3333
16877.6667
16883.2222
16889.3333
16870.8889
16953.7778
17088.5556
16974.5556
16889.6667
16985.1111
17334.2222
17385
16381.7778
15314.7778
14517.6667
14188.7778
14025.4444
13910.3333
14014.7778
14409.6667
15067.5556
15995.5556
16433
16617.4444
16730
16842.3333
16845
16916.5556
16673.8889
16596.6667
16800.8889
16960.2222
16905.5556
16905.7778
17337.8889
17299.6667
16252.6667
15147.3333
14478.6667
14130.2222
13951.1111
13818.4444
13920.3333
14310.6667
14882.4444
15799.8889
16316.1111
16410.1111
16672.8889
16756.7778
16678.1111
16640.1111
16465.3333
16550.5556
16777.4444
17004
16913.2222
16962
17248.4444
17259.6667
16275.2222
15232.2222
14626
14230
14003.2222
13877.2222
13931.5556
14263.7778
14864.5556
15644.1111
16119.3333
16238.8889
16360.8889
16390.1111
16412.6667
16447.3333
16335.8889
16344.5556
16540.8889
16788.7778
16896.4444
16961.2222
17326.8889
17345.1111
16281.7778
15356.1111
14585.3333
14113
13817.4444
13739.7778
13787.4444
14211
14929.1111
15732
16243.3333
16488.1111
16481.6667
16537.5556
16644.7778
16593
16545
16526
16692.6667
16937.6667
16890.8889
16875
17204.1111
17205.7778
16305.5556
15314
14595.4444
14236.2222
14009.2222
13875.6667
13900.8889
14205.7778
14754.1111
15631.8889
16191.4444
16401.6667
16612.4444
16709
16577.1111
16656.1111
16677
16839.2222
17086.1111
17218.3333
17028
17000.6667
17293.7778
17519.7778
16479.3333
15341.3333
14540.8889
14260.3333
14112.7778
14050.8889
14071.4444
14473.5556
15133.7778
16085.1111
16544.6667
16749.4444
17058.5556
17245.8889
17261.2222
17285.2222
17091.8889
17108.5556
17280.1111
17341.5556
17211.2222
17337.2222
17570.5556
17487.4444
16595.6667
15512.1111
14558.5556
14347.8889
14289
14132.7778
14185.5556
14508.5556
15281.3333
16268
16552.5556
16782.6667
16802.3333
16977.3333
16882.2222
16898.2222
16823.3333
16740.2222
17011
17120.4444
17089.1111
17180.2222
17586
17589.2222
16678.3333
15512.8889
14787.2222
14394.6667
14278.2222
14279.7778
14349.8889
14756.7778
15435.4444
16257.6667
16714.5556
16899.4444
17112.4444
17111
17230.6667
17083.8889
16897.7778
16891.7778
17193.3333
17284.2222
17118.2222
17192.2222
17436.2222
17366.5556
16560.5556
15445.8889
14789.6667
14353.6667
14093
13983.8889
14122.8889
14488.2222
15149.3333
15915.3333
16627.6667
16844.2222
16952.2222
17065.4444
17233.8889
17252.7778
17057.1111
16809.3333
17092.7778
17375.5556
17397
17410.2222
17661.7778
17553.4444
16584.2222
15497.3333
14882.2222
14521.4444
14145
14031.5556
14005.6667
14377.5556
15126.2222
16052.7778
16494.5556
16823.6667
16995.3333
17107.1111
17123.4444
17027.3333
16829.2222
16798.5556
16926.3333
17154.4444
17108.2222
17099.3333
17440.4444
17464.6667
16539.2222
15585.2222
14803.7778
14368
14106.2222
13985.2222
14037.8889
14306.6667
14887.2222
15855.1111
16368.6667
16705.4444
17005
17117.8889
17019.7778
16910.7778
16851.2222
16849.6667
16974.6667
17155
17168.8889
17145.3333
17330.5556
17280.1111
16550.8889
15462.8889
14693.7778
14273.7778
14053.8889
14033.7778
14103.3333
14392.6667
14874.4444
15704.5556
16257.2222
16548.6667
16789.2222
16888.4444
16893.4444
16847.8889
16759.2222
16837.1111
16938.5556
17181
17060.7778
17093.6667
17266.5556
17406.6667
16476
15381.3333
14693.5556
14252.8889
14067
13945.6667
13990.8889
14441.7778
15081.8889
16001.2222
16524.4444
16698.1111
16873.6667
17013.7778
17024.7778
17095.7778
16841
16853.4444
17019
17257.2222
17156.3333
17165.1111
17383
17527.1111
16467
15359.1111
14542.3333
14190.4444
14002
13858.8889
13912.4444
14277.4444
14775.5556
15688.5556
16171.6667
16401.2222
16621.5556
16713.1111
16803.5556
16876.3333
16964.3333
16950.2222
17136.5556
17339.6667
17371.8889
17357
17535.4444
17545.1111
16619.1111
15581.5556
14717.3333
14229
13963
13895
13990.4444
14372.7778
14848
15586.5556
16141.7778
16491
16907.8889
17033.3333
16945
16826.2222
16760.7778
16815.6667
17020.4444
17151.1111
17102.8889
17033.2222
17037.3333
17191.6667
16287
15342.7778
14538.6667
14235.6667
14051.1111
13870.1111
13841.6667
14182.2222
14694.8889
15372.1111
15876.1111
16148.6667
16274.3333
16406.5556
16500.8889
16517.2222
16613.5556
16564.3333
16805.5556
17034.6667
17059.4444
17165.6667
17230.6667
17268.3333
16518.3333
15497.7778
14712.6667
14420.4444
14047.8889
13906
13886.8889
14177.5556
14606
15431.7778
15932.1111
16198.3333
16516.3333
16817
16882.1111
16954.7778
16971.6667
17075.7778
17235.6667
17420.1111
17347.8889
17247.2222
17270.2222
17261.6667
16377.4444
15416.6667
14600.3333
14174
14023.2222
13859.8889
13862.8889
13959
14380.5556
15143.6667
15778.6667
16187.7778
16585.5556
16765.5556
16811.1111
16886.8889
16851.5556
16805.2222
16980.4444
17128.3333
17122
16933.4444
17120.6667
17338.5556
16498.8889
15521.6667
14698.3333
14385.8889
14089.4444
13913.7778
13875.5556
14079.3333
14424.2222
15310.8889
15866.4444
16330.5556
16655.3333
16727
16777.4444
16826.3333
16699.2222
16648.7778
16903.4444
17208.1111
17264.6667
17187.5556
17259.8889
17296.4444
16493
15353
14602.6667
14169.1111
13946.3333
13802.8889
13768.2222
13972.7778
14420.5556
15218.5556
16061
16486.7778
16764.6667
16979.5556
17070.3333
17072.2222
17015
17098.7778
17393.2222
17742.8889
17711.1111
17564.3333
17636.3333
17695
16878.6667
15821.1111
14819
14331.8889
14080.3333
13945.6667
13927.1111
14353.6667
14964.4444
15971.7778
16891.7778
17293.4444
17723.8889
17992.3333
18049.5556
18289.7778
18236.4444
18470.7778
18887
19122.5556
18963.2222
18891.4444
18881.5556
18799.3333
17823.3333
16425.5556
15587.3333
15110.8889
14768.7778
14489.8889
14420.5556
14811.6667
15371.8889
16512.2222
17415.8889
17854.4444
18231.1111
18637.4444
18812.7778
19068.8889
19091
19217.6667
19453.4444
19649.5556
19521.5556
19249.2222
19209.7778
19101.4444
18127
16817.7778
15942.3333
15428.8889
15029.4444
14739.8889
14700.8889
14801.3333
15301.3333
16219.2222
16940
17449.8889
17935.5556
18267.2222
18408.3333
18495.3333
18530.3333
18762.6667
19042.1111
19213.3333
19030.7778
18721.2222
18663.5556
18668.4444
17685.3333
16541.5556
15599.6667
15068.8889
14791.5556
14423
14422.8889
14553.1111
14874.4444
15982.4444
16751.6667
17375.8889
17651.7778
17984
18169.4444
18344.7778
18432
18605.3333
18909.6667
19046
18811.1111
18718.8889
18676.6667
18571.3333
17694.8889
16535
15597.4444
15040.6667
14721.3333
14515.6667
14566.6667
14813.4444
15321.3333
16362.3333
17112.1111
17705
18261.2222
18678.5556
18755.1111
18922.3333
19100.3333
19201.6667
19389.7778
19695.2222
19598.7778
19350.4444
19258.8889
19213.2222
18239.2222
16969.8889
16074.1111
15402.1111
14949
14715.8889
14657.7778
14943.7778
15497.3333
16638.2222
17462.1111
18197.5556
18735.3333
19031
19186.7778
19416
19563.4444
19892.1111
20121.5556
20242.8889
19970.3333
19686.5556
19431.7778
19408.6667
18244.4444
17025.8889
16077.2222
15419.6667
15089.3333
14859.7778
14936
15089.6667
15649.8889
16773.1111
17663.1111
18157.3333
18596
19088.8889
19185.8889
19510.6667
19568.1111
19808
20105.1111
20171.6667
19788.7778
19494.5556
19220.1111
19179.7778
18130.4444
16929.4444
15821.3333