15862.2222
15481.1111
15227.1111
15016.1111
15194.3333
15202.1111
15864.7778
16655.4444
17522.5556
18185.7778
18544.8889
18801.5556
18905.5556
18942
19068.8889
19326.7778
19558.4444
19346.4444
19094.3333
18718.4444
18523.3333
17664.2222
16778
16053.1111
15448.3333
15105.5556
14988.7778
14918.7778
14944.1111
15046.4444
15739.7778
16644.7778
17328.1111
18155.3333
18696
19137.2222
19324.2222
19320.3333
19381
19374.2222
19667.8889
19469.6667
19258.1111
18865
18615.8889
17933.5556
16888.5556
15934.6667
15365.7778
15013.6667
14855
14705.3333
14786.7778
14891.5556
15831.7778
16564.6667
17256
18106.4444
18615.7778
18909.3333
19054.3333
19194.4444
19600.4444
19853.1111
20115.2222
20046.4444
19842.8889
19490.7778
19175.1111
18441
17173.4444
16139.2222
15538.6667
15148.4444
15005
14901.8889
15063.2222
15392
16220.1111
17018.4444
17877.8889
18615.4444
19220.3333
19443.2222
19666.7778
19773.1111
20013.1111
20422
20579.6667
20481.5556
20394.7778
19905.2222
19726.5556
19041
17870.6667
16811
16138.6667
15760.1111
15499
15409.7778
15554.2222
15942.8889
17087.8889
18223.2222
19072.8889
19913.2222
20428.7778
20821.7778
21130.1111
21384.1111
21613.3333
21975.5556
21871.7778
21754.7778
21555
21259
21025.5556
20030.7778
18662.3333
17532.7778
16761.5556
16183.4444
15907.2222
15802.1111
15952.4444
16259.8889
17412.2222
18571.2222
19586.3333
20404.2222
20939.3333
21381.3333
21823.8889
21881.4444
21982
22265.5556
22371.4444
22258.7778
22044.4444
21554.6667
21247.7778
20260.8889
18933.1111
17664.7778
16905.6667
16371.1111
16226.4444
16074.7778
16186.1111
16637.5556
17982.8889
19150.5556
20075.3333
21008.4444
21435.4444
21689.6667
21948.1111
22175.5556
22348.2222
22562.5556
22466.7778
22140.4444
21743.3333
21365.2222
21182.4444
20224.3333
18607
17396.8889
16820.8889
16368.7778
16156.7778
15968.4444
16108.6667
16537.3333
17663.7778
18717.8889
19499.6667
20166.2222
20847
21029.7778
21252.7778
21480.7778
21575.8889
21612.7778
21788.6667
21275.3333
20856.1111
20460.8889
20203.1111
19386.5556
18012.7778
17151.7778
16452.4444
16094.8889
15816.5556
15551.6667
15760
16200.1111
17085
17943.5556
18514.2222
19155.8889
19669.4444
20115.2222
20520.2222
20676.1111
20790
21203.4444
21442.1111
21281
20850.7778
20426.4444
20148.7778
19173.1111
17683.3333
16714.1111
16249.5556
15949.3333
15717.2222
15577.1111
15717.2222
16089.5556
17103.7778
17824.4444
18522.6667
19312.5556
20084.2222
20554.1111
20742.3333
20708
20856
21127.3333
21143.5556
21057.8889
20820.7778
20459.6667
19966
19148.1111
17740.3333
16585.8889
15941.8889
15535.7778
15344.5556
15270.3333
15492
15856.7778
16873.4444
17840.5556
18687.7778
19437.5556
19961.4444
20283
20609.2222
20787.7778
20916.5556
21239.5556
21673.6667
21641.6667
21332.4444
20887.6667
20563.6667
19550.7778
18053.3333
16738.3333
16165.3333
15742.3333
15574.3333
15544.7778
15681.4444
16273
17370.7778
18388.7778
19286.8889
20026.5556
20632.5556
20964.5556
21272.3333
21301.5556
21522.1111
21887.4444
22111.6667
21911.3333
21569.4444
21112.6667
20895.5556
19736.2222
18116.3333
16787
16218.3333
15772.3333
15594.2222
15551.4444
15850.8889
16309.1111
17345.5556
18399.8889
19311.8889
20115.8889
20664.5556
21214.3333
21537.1111
21768.2222
21783.7778
21965.2222
22060.1111
22025.4444
21753.1111
21263.7778
21063.4444
19966.7778
18402.8889
17192.7778
16456.7778
16047.2222
15858
15666.4444
16165.7778
16577.6667
17596.1111
18565.1111
19457.4444
20468.7778
21088.8889
21392.5556
21592.7778
21883.2222
21983.8889
22289.3333
22433.6667
22026
21493.2222
21112.7778
21080.8889
20172.7778
18695.4444
17359.5556
16563
16226.5556
15917.6667
15783.3333
15982
16420.6667
17340.2222
18383.3333
19301.6667
20172.8889
20758.7778
21210.8889
21541.4444
21671.5556
21750.6667
21877.2222
22081.8889
22044.8889
21780.6667
21435.7778
21183.1111
20088.6667
18518.2222
17396.4444
16732
16277
15945.2222
15736.8889
15801.4444
16157.2222
17383.2222
18451.4444
19298
20135.2222
20828.2222
21203.5556
21443.4444
21413.3333
21540
21704.2222
21802.4444
21420.6667
21079.1111
20793.2222
20733.4444
19798.7778
18272.3333
17077.1111
16451.1111
16071.4444
15859.3333
15790.2222
15861.6667
16370.6667
17602.6667
18494.4444
19284.5556
20124.3333
20783.2222
21225.1111
21395.8889
21399.5556
21574.5556
21766
21903
21743.4444
21605.5556
21091.1111
20916.3333
19986.4444
18439.8889
17342.4444
16576.8889
16217.5556
15870.6667
15751.2222
15866.6667
16341.8889
17617.4444
18592.4444
19517.1111
20387
21131.8889
21550.1111
21678.5556
21661.4444
21867.8889
22303
22402.1111
22340.1111
22065.3333
21766.8889
21693.4444
20563.3333
18882.8889
17693
16977
16597.5556
16224.1111
16084.7778
16344.1111
16941.3333
18261
19360.3333
20137.3333
21182.3333
21720
22070.1111
22442.3333
22619.1111
22676
22870.8889
22859.7778
22546.3333
22166.8889
21636.8889
21316.7778
20082.6667
18458.6667
17322.8889
16603.1111
16104.8889
15835.5556
15751.7778
15987.2222
16448.6667
17420.5556
18562.1111
19527.4444
20363.5556
20989.7778
21420
21796.1111
21767.7778
21830.3333
21968.8889
22140.3333
21864
21455.6667
21058.6667
21012
20016.5556
18389.8889
17264.5556
16497.8889
16046.1111
15735.6667
15601.7778
15838.3333
16445.4444
17536.7778
18623.2222
19605.1111
20403
20861.5556
21019.8889
21200.1111
21404.8889
21621.3333
21998
22030.2222
21891.7778
21602.4444
21160.8889
20990.2222
19866.7778
18246.5556
16950.4444
16247.6667
15788.7778
15444.7778
15426.4444
15646.6667
16168.3333
17220.6667
18342.6667
19267.4444
20024.6667
20541.7778
20739.7778
20894.5556
21044.2222
21142.7778
21327.5556
21352.5556
21138.8889
20746.2222
20647.3333
20677.8889
19553.4444
18067.2222
17042.1111
16317.8889
15840.4444
15570.8889
15542
15809.1111
16208.1111
17244.1111
18407.4444
19381.1111
20365.4444
20944.1111
21266.6667
21444.6667
21589.2222
21684.6667
21807.3333
21952.1111
21646.7778
21314.4444
20894.8889
20747.8889
19773.5556
18100.1111
17052.3333
16366.7778
15927.1111
15737.7778
15644.8889
15782.3333
16198.3333
17305.4444
18382.4444
19223.4444
19955.5556
20465.2222
20791.7778
20966.7778
21230.1111
21324.2222
21474.6667
21808.1111
21519.7778
21246.5556
21041.7778
20715.3333
19543.2222
18004.4444
16957.3333
16268.8889
15858.2222
15590.7778
15495.7778
15655.6667
16062.7778
17033.8889
17994.5556
18781.4444
19421
19892.3333
20256.3333
20443.4444
20613.5556
20597.6667
20943.3333
21092.3333
20914.4444
20690.1111
20192.6667
20067.5556
18826.1111
17474.8889
16277.8889
15687.7778
15291.4444
15125.8889
15106.1111
15290.6667
15867.4444
16862.1111
17866.7778
18710.6667
19592.2222
20169.5556
20442.5556
20796.8889
20978.8889
21285.8889
21473.2222
21509.3333
21264.5556
20847.1111
20500.5556
20301
19040.2222
17678.2222
16633.5556
15886.7778
15503.2222
15320.5556
15315.3333
15541.2222
16124.3333
17283.7778
18265.8889
19081.6667
19767.8889
20294.2222
20770.5556
21182
21316.2222
21441.4444
21643.3333
21691.4444
21443.6667
21060.2222
20806.1111
20646.1111
19535
18111.6667
16775.6667
16017.3333
15613.8889
15462
15364.6667
15619.8889
16113.2222
17198.7778
18062.6667
18849.3333
19539.5556
20265.3333
20640.5556
20968.8889
21058.4444
21001.6667
21061.4444
21019.1111
20766.7778
20467.5556
20182.5556
20316.5556
19225.6667
17730.4444
16619.7778
15979.7778
15616.4444
15382.3333
15271.5556
15522.3333
15979.7778
16812.1111
17742.7778
18704.8889
19411.8889
19997.4444
20241.1111
20418.2222
20594.5556
20704.5556
20866.2222
20979.8889
20774.5556
20495.4444
20178.5556
20035.8889
18959.5556
17573.5556
16507
15892.3333
15356.1111
15130.7778
14948.4444
15170.3333
15645.4444
16592
17418.7778
18243.6667
18968.7778
19415.6667
19740.3333
20013.5556
20229.1111
20336.5556
20630.1111
20912.1111
20672.3333
20328
19896.8889
19942.4444
18815.6667
17510.3333
16350.1111
15768
15370.5556
15092.3333
15060.8889
15220.7778
15624.8889
16668.5556
17404.5556
18178.6667
18792.7778
19368.7778
19784.4444
20311.5556
20577.3333
20628.6667
20932.1111
21124.8889
20892.8889
20450.6667
20241.7778
20233
19068.1111
17629.8889
16587