14585.7778
14365.6667
14276.4444
14326.2222
14514.1111
15361.7778
16206.4444
16504.6667
16657.4444
16691.5556
16762.5556
16755.1111
16826.8889
16729
16640.8889
16913.4444
17122.5556
17365.1111
17874.7778
17651.5556
17072.3333
16132.8889
15380.1111
14818.3333
14546.1111
14350.3333
14153.8889
14198.6667
14303.4444
15247.1111
16148.4444
16472.4444
16825.8889
16877.2222
16968.5556
16963.1111
16982.6667
16948.4444
17047.4444
17305
17611.7778
17679.4444
18062
17805.7778
17182.2222
16259
15388.5556
14644.2222
14335.3333
14076.6667
14002.5556
13982.2222
14121.8889
15153.5556
16148.1111
16423.6667
16618.8889
16879.5556
17102.2222
17191.7778
17282.6667
17359
17415.7778
17699.4444
17914.7778
17922.8889
18338.1111
17977.7778
17334.8889
16531.7778
15521
14858.6667
14564.8889
14378.3333
14142.2222
14125
14513.7778
15513
16660.7778
17126.7778
17366.6667
17520
17486.4444
17435.1111
17495.2222
17540.1111
17545.6667
17802
18115.3333
18251.4444
18726.5556
18524.1111
17646
16594.5556
15335.5556
14602.1111
14155.7778
13981
13886.3333
13969
14310.4444
15233.2222
16253.1111
16650.3333
16940.1111
17162.1111
17107.8889
17168.2222
17185.7778
17164.1111
17263.1111
17427.4444
17738.6667
17980.3333
18520.3333
18178.3333
17360.1111
16361.2222
15377
14719
14337.8889
14159.7778
14025.5556
14114.4444
14489.4444
15456.3333
16539.8889
17050.6667
17059.4444
17164.1111
17299.4444
17250.5556
17241.7778
17126
17211.6667
17418.6667
17778.8889
17900.3333
18366.1111
18156.7778
17564.8889
16678.1111
15662.7778
14903.5556
14478
14375.7778
14240.5556
14277
14577.2222
15390.4444
16280
16577.2222
16826.3333
16986.4444
17209.1111
17285.1111
17256.8889
17300.2222
17311.2222
17457.2222
17485.7778
17667.1111
18104.5556
17928.8889
17266.5556
16462.5556
15414.7778
14679
14358.7778
14133
13945.1111
13883.6667
14233.4444
15007.2222
15789.8889
16016.1111
16344.1111
16600
16866.3333
16789.2222
16907.1111
16885
16940.2222
17126.7778
17319.4444
17391.5556
17944
17727.2222
17121.4444
16312.8889
15259.4444
14659
14230.1111
13997.6667
13924
13833.3333
14117.7778
14890.4444
15618.7778
15954.3333
16244.1111
16577.5556
16756
16818
16902.8889
16835.2222
16941.7778
17182.3333
17389.2222
17556.3333
17994.6667
17608.6667
17005
16291.4444
15490
14810.3333
14453.2222
14321.8889
14140.8889
14095.2222
14373.4444
15137
15934.2222
16301.5556
16488
16681.5556
16788.1111
16913.2222
16979.4444
16942.8889
16962.1111
17145.4444
17261
17455
17966.3333
17683.1111
17054.1111
16172.2222
15419.3333
14765.6667
14438.5556
14215.8889
14090.5556
14023.5556
14212.5556
14922.2222
15715.2222
16135
16490.1111
16656.8889
16754.5556
16728.6667
16748.1111
16710.1111
16722.6667
16971.4444
17215.3333
17427
17937.7778
17639.5556
17083.4444
16195.7778
15282.8889
14569.5556
14274.5556
14158.3333
13986.3333
14018.4444
14230.1111
15160.4444
16149.6667
16528.1111
16726.2222
16878.5556
16972.7778
17002
17001
16844.2222
16850
17179.3333
17571.1111
17808.8889
18176.2222
17934.2222
17283.3333
16341.4444
15380.8889
14690.5556
14325.3333
14113.5556
14011.4444
14032.3333
14356.8889
15263.5556
16305.5556
16656.8889
16862.7778
17163.3333
17205.5556
17130.2222
17233.7778
17104.5556
17108.8889
17444.2222
17660.4444
17959.4444
18328.5556
17983.3333
17296.8889
16339.1111
15388.8889
14622.5556
14226.2222
13949.5556
13893.7778
13940.8889
14306.3333
15129.5556
16111.5556
16627.1111
16856.3333
17006.8889
17125.4444
17129.6667
17015.7778
16899.5556
16961.4444
17271.1111
17483.2222
17786.8889
18237.5556
17897.1111
17121.8889
16282.2222
15092.3333
14394.7778
14251.8889
14103.1111
14007.1111
14062.3333
14428.3333
15299.3333
16480.1111
16819.5556
17148.6667
17231.1111
17292.1111
17244.6667
17267.3333
17233
17282.1111
17536.6667
17839.6667
18176.6667
18640
18025
17472.4444
16484.4444
15527.5556
14866.2222
14513.4444
14263.1111
14166.3333
14209.5556
14540.6667
15617.6667
16571
16857.1111
16990.3333
17006.5556
16901.1111
16813.2222
16909.4444
16749.4444
16865.5556
17239
17628.8889
18038.8889
18438.4444
18040.1111
17457.4444
16429
15390.7778
14769.4444
14336.4444
14195.7778
14079
14078.2222
14432.6667
15452.6667
16533.2222
16882.6667
17141.5556
17236.1111
17237.6667
17276
17314.6667
17177.1111
17095.1111
17387.6667
17892.7778
18331.3333
18749.4444
18300.2222
17646.3333
16644
15567.5556
14902
14563.7778
14276.5556
14138.8889
14153
14522.3333
15475.4444
16863.1111
17144.4444
17303.4444
17253.8889
17349.7778
17295
17308.6667
17173.2222
17234.5556
17554.3333
18029.6667
18288.7778
18729.2222
18441.4444
17827.6667
16815.2222
15701.5556
14906
14550.1111
14303.2222
14147.4444
14249.7778
14755.7778
15753
17038.2222
17269
17410.2222
17366
17515.2222
17508
17472.8889
17496.4444
17500.8889
17811.4444
18224.4444
18626.5556
18942
18432
17657.4444
16623.7778
15531.6667
14794.1111
14378.5556
14178.1111
14080.2222
14151.1111
14607.7778
15726.2222
17078.1111
17403.6667
17415.4444
17447.4444
17412.4444
17399.8889
17410.2222
17337
17285.5556
17555.8889
17890.6667
18415.4444
18651.8889
18217.6667
17397.8889
16477.6667
15415.3333
14678.5556
14372.7778
14193.8889
14103
14170
14602.7778
15633.5556
16692.8889
17052.8889
17231.6667
17316.8889
17432.2222
17479.4444
17288.8889
17249
17333.7778
17657.8889
17997.4444
18283
18435.8889
18016.6667
17430
16358
15514.6667
14806.7778
14552.4444
14346.8889
14249.3333
14238.4444
14681.7778
15671.2222
16741.4444
17062.7778
17095.4444
17048.4444
17015.8889
16842.8889
16875.5556
16852.8889
16960.4444
17253.4444
17580.8889
18078
18505
18098.8889
17334.8889
16373
15393.1111
14709.4444
14333.4444
14199.4444
14137.1111
14199.8889
14569.3333
15621.2222
16910.2222
17026.8889
17055.5556
17081.7778
17007.2222
16943.7778
16932.5556
16900.1111
16970
17342
17820
18466.3333
18780
18269.5556
17574.7778
16553.5556
15534.7778
15034.2222
14625.6667
14420
14361.8889
14372.4444
14737.2222
15660.5556
16808.8889
16966
17078.4444
17224.8889
17279.2222
17270.8889
17284.4444
17294.1111
17262
17622.5556
18048.3333
18488
18670.1111
18190.1111
17470.3333
16536.4444
15571.6667
14841
14515.2222
14353.1111
14310.5556
14373.6667
14760.1111
15805.3333
17116.5556
17520.3333
17503.2222
17451.3333
17449.7778
17424.2222
17430.6667
17238.8889
17174.4444
17619.4444
18071.3333
18698.7778
18760.5556
18360.1111
17640.4444
16618.5556
15549.7778
14779
14490.5556
14399.8889
14322.1111
14445.4444
14828.7778
16052.1111
17348.4444
17710.6667
17703.7778
17902.1111
17839.3333
17686.4444
17659.8889
17585.8889
17644.5556
17999.8889
18485.1111
19027.3333
19255
18754.4444
18010.1111
16996.2222
15960.1111
15236.5556
14854.8889
14677.7778
14639.1111
14729
15105.7778
16304.6667
17485.5556
17849.4444
17834.1111
17951.4444
17964.7778
17935.5556
17886.6667
17847
17906.6667
18226
18758.6667
19234
19175.7778
18719.3333
18145.4444
17334.3333
16229.1111
15428.2222
14966.2222
14731.1111
14606.4444
14710.2222
15189.2222
16274.6667
17288.8889
17789
18047
18226.6667
18110.7778
17922.5556
17757
17770.8889
17895.6667
18168.5556
18369.5556
18870
18898.4444
18488.6667
17853.8889
16947
15951.5556
15340
15002.3333
14787.4444
14633.8889
14697.3333
15074.5556
16095.2222
17102.7778
17598.8889
17759.4444
17847.8889
17824.6667
17759.2222
17815.6667
17680.6667
17734.3333
17943.2222
18405
19015.2222
18929
18471.7778
17912
16943.3333
16025.7778
15341.7778
14909.6667
14756.3333
14731.4444
14726.5556
15045.2222
15988.4444
17055.4444
17304.6667
17564
17552.8889
17585
17500.1111
17378.4444
17372
17247.7778
17560.3333
18125.1111
18817.3333
18713.7778
18337.8889
17762.1111
16924.7778
15969
15279.6667
14909.5556
14724.6667
14668.7778
14783.3333
15034.4444
16041.6667
17100.7778
17463.7778
17659.2222
17985.2222
17912.1111
17876.1111
17737.5556
17643.6667
17817.5556
18299.5556
18510.7778
18600.1111
18356.7778
18068.6667
17734.7778
16826.4444
15881
15177.3333