466.6667 2902 0.1608
422.8889 2902 0.1457
401 2902 0.1382
354.8889 2902 0.1223
380.2222 2902 0.131
381.3333 2902 0.1314
346.5556 2902 0.1194
290 2902 0.0999
270.4444 2902 0.0932
266.1111 2902 0.0917
298.3333 2902 0.1028
311.5556 2902 0.1074
365.2222 2902 0.1259
383 2902 0.132
416.8889 2902 0.1437
375.4444 2902 0.1294
312.7778 2902 0.1078
290 2902 0.0999
237.8889 2902 0.082
235.4444 2902 0.0811
267.6667 2902 0.0922
313.4444 2902 0.108
336.6667 2902 0.116
345.6667 2902 0.1191
339.6667 2902 0.117
323.3333 2902 0.1114
297.3333 2902 0.1025
292.4444 2902 0.1008
219.6667 2902 0.0757
220.4444 2902 0.076
249.2222 2902 0.0859
181.4444 2902 0.0625
165.3333 2902 0.057
212.5556 2902 0.0732
313.2222 2902 0.1079
443.8889 2902 0.153
583.7778 2902 0.2012
655.8889 2902 0.226
641.4444 2902 0.221
586.2222 2902 0.202
576.2222 2902 0.1986
524.8889 2902 0.1809
450.2222 2902 0.1551
414.8889 2902 0.143
433.5556 2902 0.1494
383.8889 2902 0.1323
355.4444 2902 0.1225
322.8889 2902 0.1113
347.7778 2902 0.1198
336 2902 0.1158
328.1111 2902 0.1131
331.3333 2902 0.1142
359.6667 2902 0.1239
360.6667 2902 0.1243
354.8889 2902 0.1223
308.8889 2902 0.1064
257.4444 2902 0.0887
216.7778 2902 0.0747
226.7778 2902 0.0781
227.4444 2902 0.0784
289.5556 2902 0.0998
358.4444 2902 0.1235
408.6667 2902 0.1408
434.1111 2902 0.1496
341.7778 2902 0.1178
307 2902 0.1058
315 2902 0.1085
317.6667 2902 0.1095
335.3333 2902 0.1156
390.7778 2902 0.1347
371.1111 2902 0.1279
377.1111 2902 0.1299
395.2222 2902 0.1362
345.8889 2902 0.1192
344.8889 2902 0.1188
323.7778 2902 0.1116
258.1111 2902 0.0889
286.4444 2902 0.0987
296.7778 2902 0.1023
279.7778 2902 0.0964
298.3333 2902 0.1028
381.1111 2902 0.1313
404.2222 2902 0.1393
458.2222 2902 0.1579
556.4444 2902 0.1917
597.6667 2902 0.2059
646 2902 0.2226
628.7778 2902 0.2167
581.6667 2902 0.2004
519.1111 2902 0.1789
478.5556 2902 0.1649
486.7778 2902 0.1677
529.8889 2902 0.1826
564.2222 2902 0.1944
565 2902 0.1947
529 2902 0.1823
530.8889 2902 0.1829
475.6667 2902 0.1639
476.5556 2902 0.1642
454.4444 2902 0.1566
462.2222 2902 0.1593
452 2902 0.1558
359.8889 2902 0.124
325.1111 2902 0.112
399.6667 2902 0.1377
444.1111 2902 0.153
489.4444 2902 0.1687
539.7778 2902 0.186
549.1111 2902 0.1892
582.2222 2902 0.2006
638.8889 2902 0.2202
619.5556 2902 0.2135
586.2222 2902 0.202
517.5556 2902 0.1783
455.6667 2902 0.157
455.7778 2902 0.1571
552.4444 2902 0.1904
663 2902 0.2285
712.7778 2902 0.2456
727.2222 2902 0.2506
780.7778 2902 0.269
789.6667 2902 0.2721
746.2222 2902 0.2571
686.7778 2902 0.2367
635.1111 2902 0.2189
541.3333 2902 0.1865
462.6667 2902 0.1594
401.4444 2902 0.1383
408.4444 2902 0.1407
493.5556 2902 0.1701
585.3333 2902 0.2017
662.1111 2902 0.2282
420.8889 2902 0.145
590.1111 2902 0.2033
568 2902 0.1957
595.1111 2902 0.2051
519.1111 2902 0.1789
480.6667 2902 0.1656
418.5556 2902 0.1442
418.7778 2902 0.1443
421.6667 2902 0.1453
431.3333 2902 0.1486
451.2222 2902 0.1555
431 2902 0.1485
402.8889 2902 0.1388
370.2222 2902 0.1276
338.8889 2902 0.1168
329.6667 2902 0.1136
336.8889 2902 0.1161
327.7778 2902 0.1129
284.7778 2902 0.0981
228 2902 0.0786
212.6667 2902 0.0733
216 2902 0.0744
224 2902 0.0772
250.2222 2902 0.0862
294.4444 2902 0.1015
326.8889 2902 0.1126
343.1111 2902 0.1182
333.4444 2902 0.1149
325.6667 2902 0.1122
305.1111 2902 0.1051
254.5556 2902 0.0877
255.2222 2902 0.0879
323.8889 2902 0.1116
358.6667 2902 0.1236
362.4444 2902 0.1249
368 2902 0.1268
354.5556 2902 0.1222
334.1111 2902 0.1151
354.4444 2902 0.1221
376.7778 2902 0.1298
378.8889 2902 0.1306
351.6667 2902 0.1212
315.7778 2902 0.1088
304.8889 2902 0.1051
296 2902 0.102
294.3333 2902 0.1014
313 2902 0.1079
372 2902 0.1282
361.6667 2902 0.1246
454.5556 2902 0.1566
475.8889 2902 0.164
461.2222 2902 0.1589
427.3333 2902 0.1473
390 2902 0.1344
309.8889 2902 0.1068
289.2222 2902 0.0997
314.4444 2902 0.1084
328.5556 2902 0.1132
357 2902 0.123
352 2902 0.1213
339.6667 2902 0.117
306.3333 2902 0.1056
290.8889 2902 0.1002
296.4444 2902 0.1022
330.8889 2902 0.114
361.1111 2902 0.1244
309.2222 2902 0.1066
207.6667 2902 0.0716
139.2222 2902 0.048
157.1111 2902 0.0541
180.8889 2902 0.0623
228.6667 2902 0.0788
290.4444 2902 0.1001
350.2222 2902 0.1207
393.1111 2902 0.1355
406.6667 2902 0.1401
363.2222 2902 0.1252
305 2902 0.1051
271.8889 2902 0.0937
276.1111 2902 0.0951
293 2902 0.101
324 2902 0.1116
344 2902 0.1185
399.3333 2902 0.1376
430.5556 2902 0.1484
481.6667 2902 0.166
472.1111 2902 0.1627
440.8889 2902 0.1519
415.4444 2902 0.1432
427.3333 2902 0.1473
413.6667 2902 0.1425
301.3333 2902 0.1038
221.8889 2902 0.0765
216.3333 2902 0.0745
236.1111 2902 0.0814
253.6667 2902 0.0874
275.3333 2902 0.0949
278.1111 2902 0.0958
284.3333 2902 0.098
259.5556 2902 0.0894
270.5556 2902 0.0932
282.1111 2902 0.0972
272.2222 2902 0.0938
299.6667 2902 0.1033
354.5556 2902 0.1222
387.6667 2902 0.1336
409.8889 2902 0.1412
439.5556 2902 0.1515
445.2222 2902 0.1534
463.6667 2902 0.1598
439.4444 2902 0.1514
402.3333 2902 0.1386
339.7778 2902 0.1171
360.8889 2902 0.1244
321.4444 2902 0.1108
274.7778 2902 0.0947
257.7778 2902 0.0888
297.1111 2902 0.1024
328.6667 2902 0.1133
364.5556 2902 0.1256
397.8889 2902 0.1371
460 2902 0.1585
489.4444 2902 0.1687
502.1111 2902 0.173
503.4444 2902 0.1735
443.7778 2902 0.1529
366.3333 2902 0.1262
360 2902 0.1241
344.5556 2902 0.1187
316.7778 2902 0.1092
339.4444 2902 0.117
324.6667 2902 0.1119
298.5556 2902 0.1029
336.4444 2902 0.1159
342.2222 2902 0.1179
330.6667 2902 0.1139
318.3333 2902 0.1097
315.4444 2902 0.1087
287.2222 2902 0.099
263.5556 2902 0.0908
268 2902 0.0924
321.6667 2902 0.1108
389.7778 2902 0.1343
405.7778 2902 0.1398
438 2902 0.1509
485.6667 2902 0.1674
509.8889 2902 0.1757
470 2902 0.162
504.5556 2902 0.1739
410.1111 2902 0.1413
348.3333 2902 0.12
333.6667 2902 0.115
373.3333 2902 0.1286
442.7778 2902 0.1526
455.1111 2902 0.1568
503.5556 2902 0.1735
481.7778 2902 0.166
519.6667 2902 0.1791
546 2902 0.1881
556.7778 2902 0.1919
520.8889 2902 0.1795
521.1111 2902 0.1796
490.5556 2902 0.169
434.7778 2902 0.1498
423.7778 2902 0.146
482.4444 2902 0.1662
545.6667 2902 0.188
585.8889 2902 0.2019
599.7778 2902 0.2067
636.7778 2902 0.2194
677.4444 2902 0.2334
642.7778 2902 0.2215
629 2902 0.2167
530.2222 2902 0.1827
433.8889 2902 0.1495
413.7778 2902 0.1426
433.2222 2902 0.1493
448.7778 2902 0.1546
446.5556 2902 0.1539
430.5556 2902 0.1484
423.2222 2902 0.1458
428.3333 2902 0.1476
441 2902 0.152
464.8889 2902 0.1602
452.8889 2902 0.1561
489.3333 2902 0.1686
469.2222 2902 0.1617
497.5556 2902 0.1715
531.3333 2902 0.1831
578.5556 2902 0.1994
593.6667 2902 0.2046
598 2902 0.2061
601.6667 2902 0.2073
605.2222 2902 0.2086
616.8889 2902 0.2126
626.5556 2902 0.2159
577.8889 2902 0.1991
521.3333 2902 0.1796
455.2222 2902 0.1569
431 2902 0.1485
451.7778 2902 0.1557
438.4444 2902 0.1511
447.3333 2902 0.1541
404.5556 2902 0.1394
342.4444 2902 0.118
358.2222 2902 0.1234
359.4444 2902 0.1239
317 2902 0.1092
300 2902 0.1034
273.6667 2902 0.0943
236 2902 0.0813
209.7778 2902 0.0723
205 2902 0.0706
207 2902 0.0713
211.1111 2902 0.0727
255.7778 2902 0.0881
298.5556 2902 0.1029
345.7778 2902 0.1192
368.5556 2902 0.127
356.4444 2902 0.1228
334.4444 2902 0.1152
285.7778 2902 0.0985
232.8889 2902 0.0803
216.7778 2902 0.0747
228.5556 2902 0.0788
249.4444 2902 0.086
267.4444 2902 0.0922
297.4444 2902 0.1025
311.4444 2902 0.1073
328.4444 2902 0.1132
303.5556 2902 0.1046
282.1111 2902 0.0972
274.2222 2902 0.0945
292.8889 2902 0.1009
252 2902 0.0868
283.2222 2902 0.0976
286.5556 2902 0.0987
305.5556 2902 0.1053
334.6667 2902 0.1153
368.5556 2902 0.127
397.6667 2902 0.137
480.5556 2902 0.1656
543.5556 2902 0.1873
501.6667 2902 0.1729
438.5556 2902 0.1511
370.5556 2902 0.1277
328.8889 2902 0.1133
391.5556 2902 0.1349
409.2222 2902 0.141
426.4444 2902 0.1469
452.3333 2902 0.1559
459.4444 2902 0.1583
433.1111 2902 0.1492
420.2222 2902 0.1448
407.7778 2902 0.1405
369.3333 2902 0.1273
425.5556 2902 0.1466
512.8889 2902 0.1767
556.6667 2902 0.1918
607.1111 2902 0.2092
639.3333 2902 0.2203
671.3333 2902 0.2313
700.5556 2902 0.2414
747.1111 2902 0.2574
736.4444 2902 0.2538
778.6667 2902 0.2683
725.5556 2902 0.25
724.3333 2902 0.2496
599 2902 0.2064
541.5556 2902 0.1866
477.2222 2902 0.1644
480.8889 2902 0.1657
514.8889 2902 0.1774
513.5556 2902 0.177
498.4444 2902 0.1718
504.5556 2902 0.1739
470.2222 2902 0.162
395.1111 2902 0.1362
381.8889 2902 0.1316
363.7778 2902 0.1254
401.2222 2902 0.1383
438.2222 2902 0.151
422.6667 2902 0.1456
451.2222 2902 0.1555
468.3333 2902 0.1614
488.8889 2902 0.1685
494.1111 2902 0.1703
487.1111 2902 0.1679
557.3333 2902 0.1921
571.7778 2902 0.197
565.8889 2902 0.195
506.3333 2902 0.1745
424.7778 2902 0.1464
353.7778 2902 0.1219
336.3333 2902 0.1159
352.7778 2902 0.1216
361.1111 2902 0.1244
366.2222 2902 0.1262
390 2902 0.1344
389.3333 2902 0.1342
393 2902 0.1354
364.4444 2902 0.1256
310 2902 0.1068
261.3333 2902 0.0901
285.4444 2902 0.0984
271.8889 2902 0.0937
239 2902 0.0824
274.5556 2902 0.0946
277.1111 2902 0.0955
308.3333 2902 0.1062
290 2902 0.0999
346 2902 0.1192
415.3333 2902 0.1431
420.8889 2902 0.145
422.2222 2902 0.1455
453.1111 2902 0.1561
396 2902 0.1365
354.4444 2902 0.1221
309.6667 2902 0.1067
298.5556 2902 0.1029
313.3333 2902 0.108
362 2902 0.1247
409.3333 2902 0.1411
459 2902 0.1582
491.1111 2902 0.1692
457.2222 2902 0.1576
465.4444 2902 0.1604
476.8889 2902 0.1643
483.1111 2902 0.1665
453.8889 2902 0.1564
385.6667 2902 0.1329
327.1111 2902 0.1127
304.4444 2902 0.1049
338.7778 2902 0.1167
436.2222 2902 0.1503
481.5556 2902 0.1659
561.5556 2902 0.1935
624.8889 2902 0.2153
648.5556 2902 0.2235
625.6667 2902 0.2156
579.5556 2902 0.1997
522.3333 2902 0.18
499.8889 2902 0.1723
491.6667 2902 0.1694
572.5556 2902 0.1973
571.8889 2902 0.1971
563.4444 2902 0.1942
598.1111 2902 0.2061
549.3333 2902 0.1893
564.1111 2902 0.1944
577.3333 2902 0.1989
507.1111 2902 0.1747
476.5556 2902 0.1642
426.4444 2902 0.1469
393.6667 2902 0.1357
360.8889 2902 0.1244
333.2222 2902 0.1148
381.1111 2902 0.1313
396 2902 0.1365
427.4444 2902 0.1473
467.8889 2902 0.1612
489 2902 0.1685
509.8889 2902 0.1757
514.5556 2902 0.1773
512.5556 2902 0.1766
567.4444 2902 0.1955
693.1111 2902 0.2388
771.1111 2902 0.2657
808.8889 2902 0.2787
890.4444 2902 0.3068
905 2902 0.3119
918.5556 2902 0.3165
887.6667 2902 0.3059
861.3333 2902 0.2968
811.6667 2902 0.2797
775.2222 2902 0.2671
744.4444 2902 0.2565
757.8889 2902 0.2612
852.1111 2902 0.2936
851.7778 2902 0.2935
864.4444 2902 0.2979
901.8889 2902 0.3108
926.7778 2902 0.3194
939.8889 2902 0.3239
905.1111 2902 0.3119
883.2222 2902 0.3043
875.8889 2902 0.3018
853.2222 2902 0.294
846.1111 2902 0.2916
742.1111 2902 0.2557
599.8889 2902 0.2067
502.4444 2902 0.1731
464 2902 0.1599
482.3333 2902 0.1662
442.4444 2902 0.1525
416.8889 2902 0.1437
385.3333 2902 0.1328
382.4444 2902 0.1318
366.3333 2902 0.1262
315.5556 2902 0.1087
329.5556 2902 0.1136
415.5556 2902 0.1432
398.3333 2902 0.1373
430.3333 2902 0.1483
369.3333 2902 0.1273
402 2902 0.1385
429.6667 2902 0.1481
446.3333 2902 0.1538
483.1111 2902 0.1665
556.6667 2902 0.1918
570.6667 2902 0.1966
555.3333 2902 0.1914
536.3333 2902 0.1848
471.3333 2902 0.1624
431.8889 2902 0.1488
501.7778 2902 0.1729
574.8889 2902 0.1981
582.2222 2902 0.2006
640.5556 2902 0.2207
621.4444 2902 0.2141
566.4444 2902 0.1952
554.3333 2902 0.191
475.3333 2902 0.1638
461.2222 2902 0.1589
477.1111 2902 0.1644
507.3333 2902 0.1748
516 2902 0.1778
491 2902 0.1692
469.8889 2902 0.1619
525.2222 2902 0.181
609.2222 2902 0.2099
694 2902 0.2391
795.6667 2902 0.2742
778 2902 0.2681
707.3333 2902 0.2437
679.1111 2902 0.234
623.1111 2902 0.2147
570.8889 2902 0.1967
524.7778 2902 0.1808
561.3333 2902 0.1934
609.2222 2902 0.2099
641.1111 2902 0.2209
598 2902 0.2061
597 2902 0.2057
577.6667 2902 0.1991
553.1111 2902 0.1906
542.1111 2902 0.1868
586.4444 2902 0.2021
560.8889 2902 0.1933
573 2902 0.1975
577.8889 2902 0.1991
575.2222 2902 0.1982
595.1111 2902 0.2051
621.5556 2902 0.2142
723.5556 2902 0.2493
799.7778 2902 0.2756
780.4444 2902 0.2689
721.6667 2902 0.2487
703.2222 2902 0.2423
738.4444 2902 0.2545
715.7778 2902 0.2466
694.8889 2902 0.2395
708.3333 2902 0.2441
744.3333 2902 0.2565
814.6667 2902 0.2807
808.8889 2902 0.2787
772.3333 2902 0.2661
683.2222 2902 0.2354
681.1111 2902 0.2347
658.4444 2902 0.2269
607.4444 2902 0.2093
578.8889 2902 0.1995
551 2902 0.1899
479.2222 2902 0.1651
411.5556 2902 0.1418
348.3333 2902 0.12
327.4444 2902 0.1128
308.4444 2902 0.1063
327.1111 2902 0.1127
359.5556 2902 0.1239
388.8889 2902 0.134
431.7778 2902 0.1488
450.8889 2902 0.1554
445.5556 2902 0.1535
392 2902 0.1351
310.7778 2902 0.1071
238.5556 2902 0.0822
258.4444 2902 0.0891
302.7778 2902 0.1043
355.7778 2902 0.1226
370.2222 2902 0.1276
389.5556 2902 0.1342
391.3333 2902 0.1348
388.6667 2902 0.1339
411.6667 2902 0.1419
338.6667 2902 0.1167
338.5556 2902 0.1167
343.5556 2902 0.1184
277.2222 2902 0.0955
239.5556 2902 0.0825
254.3333 2902 0.0876
275.4444 2902 0.0949
338.5556 2902 0.1167
402.2222 2902 0.1386
464.1111 2902 0.1599
528 2902 0.1819
526 2902 0.1813
545.5556 2902 0.188
529 2902 0.1823
537.3333 2902 0.1852
552.6667 2902 0.1904
630.5556 2902 0.2173
684.7778 2902 0.236
660.3333 2902 0.2275
633 2902 0.2181
674.1111 2902 0.2323
596.5556 2902 0.2056
582.6667 2902 0.2008
586.8889 2902 0.2022
607 2902 0.2092
590.8889 2902 0.2036
606.4444 2902 0.209
629.4444 2902 0.2169
653 2902 0.225
614.1111 2902 0.2116
604.7778 2902 0.2084
617 2902 0.2126
639.2222 2902 0.2203
632 2902 0.2178
581.8889 2902 0.2005
518.4444 2902 0.1787
502.3333 2902 0.1731
486.7778 2902 0.1677
497.5556 2902 0.1715
507.8889 2902 0.175
579.3333 2902 0.1996
634.6667 2902 0.2187
671.4444 2902 0.2314
657.3333 2902 0.2265
586 2902 0.2019
585.5556 2902 0.2018
566.5556 2902 0.1952
506.2222 2902 0.1744
512.3333 2902 0.1765
509.3333 2902 0.1755
483.3333 2902 0.1666
513.6667 2902 0.177
477.8889 2902 0.1647
390.8889 2902 0.1347
340 2902 0.1172
318.1111 2902 0.1096
325.5556 2902 0.1122
297.3333 2902 0.1025
263.8889 2902 0.0909
286.3333 2902 0.0987
289.8889 2902 0.0999
285 2902 0.0982
281.2222 2902 0.0969
300.7778 2902 0.1036
308.5556 2902 0.1063
308.8889 2902 0.1064
330.4444 2902 0.1139
351.7778 2902 0.1212
326.3333 2902 0.1125
322.1111 2902 0.111
317.7778 2902 0.1095
313 2902 0.1079
327.4444 2902 0.1128
312.3333 2902 0.1076
307 2902 0.1058
289.5556 2902 0.0998
266.6667 2902 0.0919
234.2222 2902 0.0807
237.3333 2902 0.0818
249.4444 2902 0.086
277 2902 0.0955
313.5556 2902 0.108
334.4444 2902 0.1152
375.1111 2902 0.1293
398.4444 2902 0.1373
390.3333 2902 0.1345
347.8889 2902 0.1199
338.2222 2902 0.1165
374.2222 2902 0.129
427.4444 2902 0.1473
428.2222 2902 0.1476
440.1111 2902 0.1517
387.5556 2902 0.1335
390.6667 2902 0.1346
412.2222 2902 0.142
419.4444 2902 0.1445
358 2902 0.1234
408.4444 2902 0.1407
408 2902 0.1406
393.6667 2902 0.1357
360.8889 2902 0.1244
313.6667 2902 0.1081
328 2902 0.113
333.4444 2902 0.1149
418.3333 2902 0.1442
474 2902 0.1633
515.6667 2902 0.1777
541.6667 2902 0.1867
547.3333 2902 0.1886
448.3333 2902 0.1545
458.8889 2902 0.1581
444.6667 2902 0.1532
483.8889 2902 0.1667
496.7778 2902 0.1712
523.2222 2902 0.1803
545.5556 2902 0.188
495.5556 2902 0.1708