0 277.5 0
0 277.5 0
0 277.5 0
0 277.5 0
0 277.5 0
0 277.5 0
0 277.5 0
0.5 277.5 0.0018
16 277.5 0.0577
47.25 277.5 0.1703
77 277.5 0.2775
97.5 277.5 0.3514
93.75 277.5 0.3378
89.5 277.5 0.3225
95 277.5 0.3423
52.5 277.5 0.1892
18.75 277.5 0.0676
1 277.5 0.0036
0.25 277.5 0.0009
0.25 277.5 0.0009
0.25 277.5 0.0009
0.25 277.5 0.0009
0.25 277.5 0.0009
0.25 277.5 0.0009
0.25 277.5 0.0009
0.25 277.5 0.0009
0 277.5 0
0 277.5 0
0 277.5 0
0 277.5 0
0.25 277.5 0.0009
1.5 277.5 0.0054
25.75 277.5 0.0928
78.5 277.5 0.2829
117 277.5 0.4216
127.25 277.5 0.4586
136 277.5 0.4901
119.25 277.5 0.4297
111.75 277.5 0.4027
71.75 277.5 0.2586
25 277.5 0.0901
1 277.5 0.0036
0 277.5 0
0 277.5 0
0 277.5 0
0 277.5 0
0 277.5 0
0 277.5 0
0 277.5 0
0 277.5 0
0 277.5 0
0 277.5 0
0 277.5 0
0 277.5 0
0 277.5 0
0.5 277.5 0.0018
9 277.5 0.0324
37.25 277.5 0.1342
50.75 277.5 0.1829
63 277.5 0.227
73 277.5 0.2631
68 277.5 0.245
53.5 277.5 0.1928
31 277.5 0.1117
17.75 277.5 0.064
1.5 277.5 0.0054
0.25 277.5 0.0009
0.25 277.5 0.0009
0 277.5 0
0.25 277.5 0.0009
0 277.5 0
0 277.5 0
0 277.5 0
0 277.5 0
0 277.5 0
0 277.5 0
0 277.5 0
0 277.5 0
0 277.5 0
1 277.5 0.0036
13.5 277.5 0.0486
46.75 277.5 0.1685
67.25 277.5 0.2423
84 277.5 0.3027
91.25 277.5 0.3288
83.5 277.5 0.3009
68.25 277.5 0.2459
40.5 277.5 0.1459
13.75 277.5 0.0495
0.5 277.5 0.0018
0 277.5 0
0 277.5 0
0 277.5 0
0 277.5 0
0 277.5 0
0 277.5 0
0 277.5 0
0 277.5 0
0 277.5 0
0 277.5 0
0 277.5 0
0 277.5 0
0 277.5 0
1 277.5 0.0036
16 277.5 0.0577
43.5 277.5 0.1568
70.5 277.5 0.2541
82.5 277.5 0.2973
70.25 277.5 0.2532
73 277.5 0.2631
63 277.5 0.227
37.75 277.5 0.136
14.5 277.5 0.0523
1 277.5 0.0036
0 277.5 0
0 277.5 0
0 277.5 0
0 277.5 0
0 277.5 0
0 277.5 0
0 277.5 0
0 277.5 0
0 277.5 0
0 277.5 0
0 277.5 0
0 277.5 0
0 277.5 0
0 277.5 0
7 277.5 0.0252
26 277.5 0.0937
51.75 277.5 0.1865
74 277.5 0.2667
93 277.5 0.3351
97 277.5 0.3495
76.25 277.5 0.2748
70 277.5 0.2523
27 277.5 0.0973
1.75 277.5 0.0063
0 277.5 0
0 277.5 0
0 277.5 0
0 277.5 0
0 277.5 0
0 277.5 0
0 277.5 0
0 277.5 0
0 277.5 0
0 277.5 0
0 277.5 0
0 277.5 0
0 277.5 0
0.75 277.5 0.0027
14.25 277.5 0.0514
35 277.5 0.1261
47.5 277.5 0.1712
45.5 277.5 0.164
45.25 277.5 0.1631
35.75 277.5 0.1288
22.25 277.5 0.0802
19.25 277.5 0.0694
5 277.5 0.018
1 277.5 0.0036
0 277.5 0
0 277.5 0
0 277.5 0
0 277.5 0
0 277.5 0
0 277.5 0
0 277.5 0
0 277.5 0
0 277.5 0
0 277.5 0
0 277.5 0
0 277.5 0
0 277.5 0
0.75 277.5 0.0027
12 277.5 0.0432
28 277.5 0.1009
54.25 277.5 0.1955
56.5 277.5 0.2036
53.5 277.5 0.1928
48.5 277.5 0.1748
38.75 277.5 0.1396
25.75 277.5 0.0928
8.75 277.5 0.0315
0.5 277.5 0.0018
0 277.5 0
0 277.5 0
0 277.5 0
0 277.5 0
0 277.5 0
0 277.5 0
0 277.5 0
0 277.5 0
0 277.5 0
0 277.5 0
0 277.5 0
0 277.5 0
0 277.5 0
0.5 277.5 0.0018
13.25 277.5 0.0477
30 277.5 0.1081
39.25 277.5 0.1414
56.75 277.5 0.2045
48.75 277.5 0.1757
41 277.5 0.1477
39.5 277.5 0.1423
30.25 277.5 0.109
14.25 277.5 0.0514
1.25 277.5 0.0045
0 277.5 0
0.25 277.5 0.0009
0 277.5 0
0 277.5 0
0 277.5 0
0 277.5 0
0 277.5 0
0 277.5 0
0 277.5 0
0 277.5 0
0 277.5 0
0 277.5 0
0.25 277.5 0.0009
1.75 277.5 0.0063
13.25 277.5 0.0477
28.25 277.5 0.1018
45.5 277.5 0.164
57.75 277.5 0.2081
43.75 277.5 0.1577
38.25 277.5 0.1378
34.5 277.5 0.1243
19.25 277.5 0.0694
10.75 277.5 0.0387
0.75 277.5 0.0027
0 277.5 0
0 277.5 0
0 277.5 0
0 277.5 0
0 277.5 0
0 277.5 0
0 277.5 0
0 277.5 0
0 277.5 0
0 277.5 0
0 277.5 0
0 277.5 0
0 277.5 0
1.25 277.5 0.0045
11.75 277.5 0.0423
26.25 277.5 0.0946
40 277.5 0.1441
41 277.5 0.1477
44.75 277.5 0.1613
41.5 277.5 0.1495
37 277.5 0.1333
29.5 277.5 0.1063
15 277.5 0.0541
2 277.5 0.0072
0 277.5 0
0 277.5 0
0 277.5 0
0 277.5 0
0 277.5 0
0 277.5 0
0 277.5 0
0 277.5 0
0 277.5 0
0 277.5 0
0 277.5 0
0 277.5 0
0 277.5 0
1.25 277.5 0.0045
7 277.5 0.0252
18.75 277.5 0.0676
26 277.5 0.0937
32.75 277.5 0.118
28.5 277.5 0.1027
37 277.5 0.1333
29.75 277.5 0.1072
23.25 277.5 0.0838
9 277.5 0.0324
1.5 277.5 0.0054
0 277.5 0
0 277.5 0
0 277.5 0
0 277.5 0
0 277.5 0
0 277.5 0
0 277.5 0
0 277.5 0
0 277.5 0
0 277.5 0
0 277.5 0
0 277.5 0
0 277.5 0
1.5 277.5 0.0054
17 277.5 0.0613
37.25 277.5 0.1342
48.75 277.5 0.1757
51.75 277.5 0.1865
54.75 277.5 0.1973
54.25 277.5 0.1955
48.75 277.5 0.1757
35.25 277.5 0.127
18 277.5 0.0649
2.75 277.5 0.0099
0 277.5 0
0 277.5 0
0 277.5 0
0 277.5 0
0 277.5 0
0 277.5 0
0 277.5 0
0 277.5 0
0 277.5 0
0 277.5 0
0 277.5 0
0 277.5 0
0 277.5 0
2.5 277.5 0.009
26.5 277.5 0.0955
55.5 277.5 0.2
90.25 277.5 0.3252
118.75 277.5 0.4279
132.5 277.5 0.4775
131.25 277.5 0.473
116.25 277.5 0.4189
85.25 277.5 0.3072
40.25 277.5 0.145
4.5 277.5 0.0162
0 277.5 0
0 277.5 0
0 277.5 0
0 277.5 0
0 277.5 0
0 277.5 0
0 277.5 0
0 277.5 0
0 277.5 0
0 277.5 0
0 277.5 0
0 277.5 0
0 277.5 0
0.75 277.5 0.0027
10.25 277.5 0.0369
33.5 277.5 0.1207
41.5 277.5 0.1495
49.75 277.5 0.1793
50 277.5 0.1802
53.75 277.5 0.1937
40.25 277.5 0.145
19 277.5 0.0685
8.5 277.5 0.0306
0.75 277.5 0.0027
0 277.5 0
0 277.5 0
0 277.5 0
0 277.5 0
0 277.5 0
0 277.5 0
0 277.5 0
0 277.5 0
0 277.5 0
0 277.5 0
0 277.5 0
0 277.5 0
0.25 277.5 0.0009
0.75 277.5 0.0027
7.25 277.5 0.0261
21.25 277.5 0.0766
43.5 277.5 0.1568
70.25 277.5 0.2532
105 277.5 0.3784
114 277.5 0.4108
114 277.5 0.4108
77.25 277.5 0.2784
42.25 277.5 0.1523
5.25 277.5 0.0189
0 277.5 0
0 277.5 0
0 277.5 0
0 277.5 0
0 277.5 0
0 277.5 0
0 277.5 0
0 277.5 0
0 277.5 0
0 277.5 0
0 277.5 0
0 277.5 0
0.5 277.5 0.0018
6.75 277.5 0.0243
34.75 277.5 0.1252
60.75 277.5 0.2189
76.75 277.5 0.2766
79.5 277.5 0.2865
91.25 277.5 0.3288
90.75 277.5 0.327
81.5 277.5 0.2937
55.5 277.5 0.2
24.75 277.5 0.0892
3.5 277.5 0.0126
0 277.5 0
0 277.5 0
0 277.5 0
0 277.5 0
0 277.5 0
0 277.5 0
0 277.5 0
0 277.5 0
0 277.5 0
0 277.5 0
0 277.5 0
0 277.5 0
0 277.5 0
5.75 277.5 0.0207
48.5 277.5 0.1748
96.5 277.5 0.3477
119.75 277.5 0.4315
145.5 277.5 0.5243
137 277.5 0.4937
116.75 277.5 0.4207
102.5 277.5 0.3694
92.25 277.5 0.3324
54.25 277.5 0.1955
6 277.5 0.0216
0 277.5 0
0 277.5 0
0 277.5 0
0 277.5 0
0 277.5 0
0 277.5 0
0 277.5 0
0 277.5 0
0 277.5 0
0 277.5 0
0 277.5 0
0 277.5 0
0.25 277.5 0.0009
7.75 277.5 0.0279
37 277.5 0.1333
62.75 277.5 0.2261
89.5 277.5 0.3225
92.25 277.5 0.3324
94.5 277.5 0.3405
63.5 277.5 0.2288
33.25 277.5 0.1198
30.75 277.5 0.1108
22 277.5 0.0793
3.25 277.5 0.0117
0 277.5 0
0 277.5 0
0 277.5 0
0 277.5 0
0 277.5 0
0 277.5 0
0 277.5 0
0 277.5 0
0 277.5 0
0 277.5 0
0 277.5 0
0 277.5 0
0 277.5 0
6.75 277.5 0.0243
38 277.5 0.1369
57.5 277.5 0.2072
88.25 277.5 0.318
95.75 277.5 0.345
88.5 277.5 0.3189
82.5 277.5 0.2973
85.75 277.5 0.309
50.5 277.5 0.182
34 277.5 0.1225
4.5 277.5 0.0162
0 277.5 0
0 277.5 0
0 277.5 0
0 277.5 0
0 277.5 0
0 277.5 0
0 277.5 0
0 277.5 0
0 277.5 0
0 277.5 0
0 277.5 0
0 277.5 0
0.25 277.5 0.0009
2.75 277.5 0.0099
10.5 277.5 0.0378
29.25 277.5 0.1054
56.75 277.5 0.2045
70.75 277.5 0.255
62.25 277.5 0.2243
51.75 277.5 0.1865
40 277.5 0.1441
26 277.5 0.0937
13.25 277.5 0.0477
2.5 277.5 0.009
0 277.5 0
0 277.5 0
0 277.5 0
0 277.5 0
0 277.5 0
0 277.5 0
0 277.5 0
0 277.5 0
0 277.5 0
0 277.5 0
0 277.5 0
0 277.5 0
0 277.5 0
3.75 277.5 0.0135
16.75 277.5 0.0604
28.75 277.5 0.1036
63.25 277.5 0.2279
96 277.5 0.3459
101.25 277.5 0.3649
108.25 277.5 0.3901
103.25 277.5 0.3721
76.5 277.5 0.2757
46 277.5 0.1658
7 277.5 0.0252
0 277.5 0
0 277.5 0
0 277.5 0
0 277.5 0
0 277.5 0
0 277.5 0
0 277.5 0
0 277.5 0
0 277.5 0
0 277.5 0
0 277.5 0
0 277.5 0
0 277.5 0
3.25 277.5 0.0117
18.75 277.5 0.0676
35.75 277.5 0.1288
49.75 277.5 0.1793
50.75 277.5 0.1829
65 277.5 0.2342
82.25 277.5 0.2964
77 277.5 0.2775
62.25 277.5 0.2243
31.75 277.5 0.1144
5 277.5 0.018
0 277.5 0
0 277.5 0
0 277.5 0
0 277.5 0
0 277.5 0
0 277.5 0
0 277.5 0
0 277.5 0
0 277.5 0
0 277.5 0
0 277.5 0
0 277.5 0
0 277.5 0
2 277.5 0.0072
10.5 277.5 0.0378
28 277.5 0.1009
43.75 277.5 0.1577
54.25 277.5 0.1955
54 277.5 0.1946
54.25 277.5 0.1955
56 277.5 0.2018
52.25 277.5 0.1883
21.25 277.5 0.0766
2.75 277.5 0.0099
0 277.5 0
0 277.5 0
0 277.5 0
0 277.5 0
0 277.5 0
0 277.5 0
0 277.5 0
0 277.5 0
0 277.5 0
0 277.5 0
0 277.5 0
0 277.5 0
0 277.5 0
1 277.5 0.0036
8.25 277.5 0.0297
25.75 277.5 0.0928
43.75 277.5 0.1577
60.5 277.5 0.218
76.75 277.5 0.2766
69.75 277.5 0.2514
75.5 277.5 0.2721
33.25 277.5 0.1198
35.75 277.5 0.1288
7.75 277.5 0.0279
0 277.5 0
0 277.5 0
0 277.5 0
0 277.5 0
0 277.5 0
0 277.5 0
0 277.5 0
0 277.5 0
0 277.5 0
0 277.5 0
0 277.5 0
0 277.5 0
0.25 277.5 0.0009
15 277.5 0.0541
56.75 277.5 0.2045
120.25 277.5 0.4333
152 277.5 0.5477
158.25 277.5 0.5703
160.25 277.5 0.5775
154.5 277.5 0.5568
134.5 277.5 0.4847
83 277.5 0.2991
61 277.5 0.2198
14.25 277.5 0.0514
0 277.5 0
0 277.5 0
0 277.5 0
0 277.5 0
0 277.5 0
0 277.5 0
0 277.5 0
0 277.5 0
0 277.5 0
0 277.5 0
0 277.5 0
0 277.5 0
0.5 277.5 0.0018
12.25 277.5 0.0441
59 277.5 0.2126
109.5 277.5 0.3946
139.75 277.5 0.5036
156.5 277.5 0.564
132 277.5 0.4757
101.75 277.5 0.3667
109.75 277.5 0.3955
87.25 277.5 0.3144
56 277.5 0.2018
14.25 277.5 0.0514
0 277.5 0
0 277.5 0
0 277.5 0
0 277.5 0
0 277.5 0
0 277.5 0
0 277.5 0
0 277.5 0
0 277.5 0
0 277.5 0
0 277.5 0
0.25 277.5 0.0009
0.25 277.5 0.0009
11.5 277.5 0.0414
47.25 277.5 0.1703
92.5 277.5 0.3333
123.5 277.5 0.445
128.5 277.5 0.4631
89.25 277.5 0.3216
89.25 277.5 0.3216
71.5 277.5 0.2577
68.5 277.5 0.2468
43.75 277.5 0.1577
8.25 277.5 0.0297
0 277.5 0
0 277.5 0
0 277.5 0
0 277.5 0
0 277.5 0
0 277.5 0