0 277.5 0
0 277.5 0
0 277.5 0
0 277.5 0
0.25 277.5 0.0009
5.5 277.5 0.0198
31.5 277.5 0.1135
46 277.5 0.1658
97.5 277.5 0.3514
136 277.5 0.4901
147.75 277.5 0.5324
158 277.5 0.5694
182.25 277.5 0.6568
142.5 277.5 0.5135
117.25 277.5 0.4225
100.75 277.5 0.3631
74 277.5 0.2667
45.25 277.5 0.1631
17.5 277.5 0.0631
4.25 277.5 0.0153
0 277.5 0
0 277.5 0
0 277.5 0
0 277.5 0
0 277.5 0
0 277.5 0
0 277.5 0
0.5 277.5 0.0018
0.5 277.5 0.0018
7.75 277.5 0.0279
36.5 277.5 0.1315
88.25 277.5 0.318
99.25 277.5 0.3577
171.75 277.5 0.6189
201 277.5 0.7243
188 277.5 0.6775
164 277.5 0.591
164 277.5 0.591
148.5 277.5 0.5351
127 277.5 0.4577
93.25 277.5 0.336
48 277.5 0.173
13.75 277.5 0.0495
3 277.5 0.0108
0 277.5 0
0 277.5 0
0 277.5 0
0 277.5 0
0 277.5 0
0 277.5 0
0 277.5 0
0.25 277.5 0.0009
0.5 277.5 0.0018
4.25 277.5 0.0153
38.75 277.5 0.1396
73 277.5 0.2631
121.75 277.5 0.4387
98.75 277.5 0.3559
80.5 277.5 0.2901
81.25 277.5 0.2928
86.25 277.5 0.3108
97.5 277.5 0.3514
85 277.5 0.3063
105.25 277.5 0.3793
81.75 277.5 0.2946
53.5 277.5 0.1928
16.75 277.5 0.0604
3 277.5 0.0108
0 277.5 0
0 277.5 0
0 277.5 0
0 277.5 0
0 277.5 0
0 277.5 0
0 277.5 0
0 277.5 0
0 277.5 0
4.25 277.5 0.0153
25 277.5 0.0901
57.25 277.5 0.2063
87.5 277.5 0.3153
131.75 277.5 0.4748
163 277.5 0.5874
146 277.5 0.5261
160.75 277.5 0.5793
169.25 277.5 0.6099
158.75 277.5 0.5721
149.25 277.5 0.5378
99 277.5 0.3568
48.25 277.5 0.1739
15.5 277.5 0.0559
3 277.5 0.0108
0 277.5 0
0 277.5 0
0 277.5 0
0 277.5 0
0 277.5 0
0 277.5 0
0 277.5 0
0 277.5 0
0.25 277.5 0.0009
7.25 277.5 0.0261
32 277.5 0.1153
68.75 277.5 0.2477
108.75 277.5 0.3919
139 277.5 0.5009
148 277.5 0.5333
154.25 277.5 0.5559
148.5 277.5 0.5351
146.5 277.5 0.5279
110.25 277.5 0.3973
98.25 277.5 0.3541
69.25 277.5 0.2495
42 277.5 0.1514
16.75 277.5 0.0604
2.5 277.5 0.009
0 277.5 0
0 277.5 0
0 277.5 0
0 277.5 0
0 277.5 0
0 277.5 0
0 277.5 0
0.25 277.5 0.0009
0.75 277.5 0.0027
4.25 277.5 0.0153
25.25 277.5 0.091
59 277.5 0.2126
78.5 277.5 0.2829
101.75 277.5 0.3667
126.25 277.5 0.455
136.5 277.5 0.4919
135.75 277.5 0.4892
129 277.5 0.4649
121 277.5 0.436
95 277.5 0.3423
84.75 277.5 0.3054
49.75 277.5 0.1793
18.25 277.5 0.0658
3 277.5 0.0108
0 277.5 0
0 277.5 0
0 277.5 0
0 277.5 0
0 277.5 0
0 277.5 0
0 277.5 0
0.25 277.5 0.0009
0.75 277.5 0.0027
5.25 277.5 0.0189
33.25 277.5 0.1198
50.75 277.5 0.1829
91.75 277.5 0.3306
191.75 277.5 0.691
211.25 277.5 0.7613
207.75 277.5 0.7486
212.5 277.5 0.7658
206 277.5 0.7423
198.25 277.5 0.7144
176.5 277.5 0.636
121.75 277.5 0.4387
55.25 277.5 0.1991
18.5 277.5 0.0667
3.75 277.5 0.0135
0 277.5 0
0 277.5 0
0 277.5 0
0 277.5 0
0 277.5 0
0 277.5 0
0 277.5 0
0.25 277.5 0.0009
0.5 277.5 0.0018
6.5 277.5 0.0234
32.5 277.5 0.1171
84.25 277.5 0.3036
117.25 277.5 0.4225
167.75 277.5 0.6045
160.25 277.5 0.5775
133.75 277.5 0.482
173.25 277.5 0.6243
193.25 277.5 0.6964
192 277.5 0.6919
159.25 277.5 0.5739
117.5 277.5 0.4234
62.5 277.5 0.2252
19.75 277.5 0.0712
3.5 277.5 0.0126
0 277.5 0
0 277.5 0
0 277.5 0
0 277.5 0
0 277.5 0
0 277.5 0
0 277.5 0
0.25 277.5 0.0009
1.25 277.5 0.0045
7.25 277.5 0.0261
27.5 277.5 0.0991
31 277.5 0.1117
62.75 277.5 0.2261
93.75 277.5 0.3378
142.75 277.5 0.5144
156 277.5 0.5622
156.25 277.5 0.5631
141.25 277.5 0.509
122 277.5 0.4396
112 277.5 0.4036
88.25 277.5 0.318
55.25 277.5 0.1991
19.75 277.5 0.0712
3.25 277.5 0.0117
0 277.5 0
0 277.5 0
0 277.5 0
0 277.5 0
0 277.5 0
0 277.5 0
0 277.5 0
0 277.5 0
0.75 277.5 0.0027
6.25 277.5 0.0225
37 277.5 0.1333
93 277.5 0.3351
151 277.5 0.5441
177.5 277.5 0.6396
185.25 277.5 0.6676
161.5 277.5 0.582
145.75 277.5 0.5252
170.75 277.5 0.6153
172 277.5 0.6198
164 277.5 0.591
104.25 277.5 0.3757
61.5 277.5 0.2216
18.5 277.5 0.0667
3.25 277.5 0.0117
0 277.5 0
0 277.5 0
0 277.5 0
0 277.5 0
0 277.5 0
0 277.5 0
0 277.5 0
0.25 277.5 0.0009
0.25 277.5 0.0009
5.75 277.5 0.0207
32.75 277.5 0.118
91.5 277.5 0.3297
148.5 277.5 0.5351
195.25 277.5 0.7036
212.75 277.5 0.7667
242.5 277.5 0.8739
242.5 277.5 0.8739
234 277.5 0.8432
209.5 277.5 0.755
171.75 277.5 0.6189
126.25 277.5 0.455
66 277.5 0.2378
19.5 277.5 0.0703
3.5 277.5 0.0126
0 277.5 0
0 277.5 0
0 277.5 0
0 277.5 0
0 277.5 0
0 277.5 0
0 277.5 0
0 277.5 0
0.25 277.5 0.0009
4 277.5 0.0144
31 277.5 0.1117
75 277.5 0.2703
129 277.5 0.4649
177 277.5 0.6378
200 277.5 0.7207
207.5 277.5 0.7477
204.75 277.5 0.7378
193.75 277.5 0.6982
197.75 277.5 0.7126
161.5 277.5 0.582
107.5 277.5 0.3874
58.25 277.5 0.2099
20 277.5 0.0721
3.75 277.5 0.0135
0 277.5 0
0 277.5 0
0 277.5 0
0 277.5 0
0 277.5 0
0 277.5 0
0 277.5 0
0 277.5 0
0.25 277.5 0.0009
2.25 277.5 0.0081
26.5 277.5 0.0955
62.25 277.5 0.2243
87.75 277.5 0.3162
117.5 277.5 0.4234
125 277.5 0.4505
142 277.5 0.5117
156.25 277.5 0.5631
155.25 277.5 0.5595
124.75 277.5 0.4495
104.75 277.5 0.3775
107 277.5 0.3856
62 277.5 0.2234
18.5 277.5 0.0667
3 277.5 0.0108
0 277.5 0
0 277.5 0
0 277.5 0
0 277.5 0
0 277.5 0
0 277.5 0
0 277.5 0
0 277.5 0
0.75 277.5 0.0027
5 277.5 0.018
31 277.5 0.1117
84.75 277.5 0.3054
135.25 277.5 0.4874
185.75 277.5 0.6694
200.75 277.5 0.7234
199 277.5 0.7171
178.5 277.5 0.6432
171.5 277.5 0.618
173.75 277.5 0.6261
158.5 277.5 0.5712
117 277.5 0.4216
61.25 277.5 0.2207
22.75 277.5 0.082
8.75 277.5 0.0315
0 277.5 0
0 277.5 0
0 277.5 0
0 277.5 0
0 277.5 0
0 277.5 0
0 277.5 0
0 277.5 0
0.5 277.5 0.0018
5.5 277.5 0.0198
33 277.5 0.1189
91.25 277.5 0.3288
138.5 277.5 0.4991
189.5 277.5 0.6829
183.5 277.5 0.6613
169.5 277.5 0.6108
186.25 277.5 0.6712
191.5 277.5 0.6901
159.25 277.5 0.5739
148 277.5 0.5333
115 277.5 0.4144
62 277.5 0.2234
20.25 277.5 0.073
3.5 277.5 0.0126
0 277.5 0
0 277.5 0
0 277.5 0
0 277.5 0
0 277.5 0
0 277.5 0
0 277.5 0
0.25 277.5 0.0009
0.5 277.5 0.0018
6.25 277.5 0.0225
29.5 277.5 0.1063
70.5 277.5 0.2541
124.75 277.5 0.4495
154.5 277.5 0.5568
168.5 277.5 0.6072
180.75 277.5 0.6514
183 277.5 0.6595
181 277.5 0.6523
177 277.5 0.6378
141.5 277.5 0.5099
110.25 277.5 0.3973
59.5 277.5 0.2144
19.75 277.5 0.0712
3.75 277.5 0.0135
0 277.5 0
0 277.5 0
0 277.5 0
0 277.5 0
0 277.5 0
0 277.5 0
0 277.5 0
0 277.5 0
0.5 277.5 0.0018
4.75 277.5 0.0171
34.75 277.5 0.1252
80.5 277.5 0.2901
144 277.5 0.5189
171.25 277.5 0.6171
185.25 277.5 0.6676
193 277.5 0.6955
192.25 277.5 0.6928
186.25 277.5 0.6712
175 277.5 0.6306
130.5 277.5 0.4703
104.25 277.5 0.3757
60 277.5 0.2162
21.5 277.5 0.0775
4.5 277.5 0.0162
0 277.5 0
0 277.5 0
0 277.5 0
0 277.5 0
0 277.5 0
0 277.5 0
0 277.5 0
0.25 277.5 0.0009
0.5 277.5 0.0018
3.5 277.5 0.0126
28.5 277.5 0.1027
66.5 277.5 0.2396
128.75 277.5 0.464
161 277.5 0.5802
183 277.5 0.6595
163 277.5 0.5874
162.5 277.5 0.5856
166.25 277.5 0.5991
161.25 277.5 0.5811
135.5 277.5 0.4883
96 277.5 0.3459
49 277.5 0.1766
15.5 277.5 0.0559
5.5 277.5 0.0198
0 277.5 0
0 277.5 0
0 277.5 0
0 277.5 0
0 277.5 0
0 277.5 0
0 277.5 0
0 277.5 0
0.25 277.5 0.0009
5 277.5 0.018
35.5 277.5 0.1279
77.5 277.5 0.2793
129.25 277.5 0.4658
168 277.5 0.6054
209 277.5 0.7532
206.5 277.5 0.7441
207.5 277.5 0.7477
205.25 277.5 0.7396
184.75 277.5 0.6658
159 277.5 0.573
125.75 277.5 0.4532
61.5 277.5 0.2216
20.5 277.5 0.0739
3.75 277.5 0.0135
0 277.5 0
0 277.5 0
0 277.5 0
0 277.5 0
0 277.5 0
0 277.5 0
0 277.5 0
0 277.5 0
0.25 277.5 0.0009
6.25 277.5 0.0225
26.75 277.5 0.0964
68.5 277.5 0.2468
122 277.5 0.4396
157.25 277.5 0.5667
175.5 277.5 0.6324
173 277.5 0.6234
162.75 277.5 0.5865
173.25 277.5 0.6243
184.75 277.5 0.6658
173.5 277.5 0.6252
115.25 277.5 0.4153
56.25 277.5 0.2027
21 277.5 0.0757
3 277.5 0.0108
0 277.5 0
0 277.5 0
0 277.5 0
0 277.5 0
0 277.5 0
0 277.5 0
0 277.5 0
0 277.5 0
0.5 277.5 0.0018
5 277.5 0.018
36.5 277.5 0.1315
79.75 277.5 0.2874
153.75 277.5 0.5541
195.75 277.5 0.7054
198.75 277.5 0.7162
214.25 277.5 0.7721
196 277.5 0.7063
206.5 277.5 0.7441
197.75 277.5 0.7126
177.75 277.5 0.6405
129.5 277.5 0.4667
68.25 277.5 0.2459
19.25 277.5 0.0694
4 277.5 0.0144
0 277.5 0
0 277.5 0
0 277.5 0
0 277.5 0
0 277.5 0
0 277.5 0
0 277.5 0
0 277.5 0
0.25 277.5 0.0009
6 277.5 0.0216
36.5 277.5 0.1315
95.5 277.5 0.3441
141.5 277.5 0.5099
161.75 277.5 0.5829
166.75 277.5 0.6009
194.25 277.5 0.7
193.75 277.5 0.6982
189.75 277.5 0.6838
182.25 277.5 0.6568
137.25 277.5 0.4946
92.5 277.5 0.3333
46 277.5 0.1658
16.75 277.5 0.0604
3.5 277.5 0.0126
0 277.5 0
0 277.5 0
0.5 277.5 0.0018
0.5 277.5 0.0018
0.5 277.5 0.0018
0.75 277.5 0.0027
0.75 277.5 0.0027
1 277.5 0.0036
1.25 277.5 0.0045
2.25 277.5 0.0081
20 277.5 0.0721
60.75 277.5 0.2189
91.5 277.5 0.3297
97.5 277.5 0.3514
112.75 277.5 0.4063
133 277.5 0.4793
143.5 277.5 0.5171
135.5 277.5 0.4883
112.75 277.5 0.4063
114.5 277.5 0.4126
68.25 277.5 0.2459
42.5 277.5 0.1532
17 277.5 0.0613
3.5 277.5 0.0126
0 277.5 0
0 277.5 0
0 277.5 0
0 277.5 0
0 277.5 0
0 277.5 0
0 277.5 0
0 277.5 0
0.75 277.5 0.0027
4.5 277.5 0.0162
29.75 277.5 0.1072
84 277.5 0.3027
135.75 277.5 0.4892
172.5 277.5 0.6216
183 277.5 0.6595
166 277.5 0.5982
156.25 277.5 0.5631
143.75 277.5 0.518
138.5 277.5 0.4991
131.5 277.5 0.4739
108.75 277.5 0.3919
66.25 277.5 0.2387
22.5 277.5 0.0811
3 277.5 0.0108
0 277.5 0
0 277.5 0
0 277.5 0
0 277.5 0
0 277.5 0
0 277.5 0
0 277.5 0
0 277.5 0
0.25 277.5 0.0009
6.5 277.5 0.0234
31 277.5 0.1117
97 277.5 0.3495
165 277.5 0.5946
189.5 277.5 0.6829
183 277.5 0.6595
189 277.5 0.6811
178.5 277.5 0.6432
176.25 277.5 0.6351
178.25 277.5 0.6423
182.5 277.5 0.6577
131.5 277.5 0.4739
75 277.5 0.2703
22.75 277.5 0.082
4.5 277.5 0.0162
0 277.5 0
0 277.5 0
0 277.5 0
0 277.5 0
0 277.5 0
0 277.5 0
0 277.5 0
0.25 277.5 0.0009
0.25 277.5 0.0009
8 277.5 0.0288
39.25 277.5 0.1414
100.25 277.5 0.3613
163.75 277.5 0.5901
202.5 277.5 0.7297
222 277.5 0.8
212 277.5 0.764
220 277.5 0.7928
219.75 277.5 0.7919
211.75 277.5 0.7631
181.5 277.5 0.6541
125.25 277.5 0.4514
63 277.5 0.227
22.5 277.5 0.0811
5.75 277.5 0.0207
0 277.5 0
0 277.5 0
0 277.5 0
0 277.5 0
0 277.5 0
0 277.5 0
0 277.5 0
0.25 277.5 0.0009
0.75 277.5 0.0027
8.5 277.5 0.0306
16.75 277.5 0.0604
47.25 277.5 0.1703
84 277.5 0.3027
107.75 277.5 0.3883
117.75 277.5 0.4243
125 277.5 0.4505
126 277.5 0.4541
130 277.5 0.4685
125.75 277.5 0.4532
96.5 277.5 0.3477
88.5 277.5 0.3189
43.75 277.5 0.1577
18.25 277.5 0.0658
3.75 277.5 0.0135
0 277.5 0
0 277.5 0
0 277.5 0
0 277.5 0
0 277.5 0
0 277.5 0
0 277.5 0
0 277.5 0
0.25 277.5 0.0009
3.5 277.5 0.0126
22 277.5 0.0793
58.75 277.5 0.2117
109 277.5 0.3928
116.75 277.5 0.4207
130.5 277.5 0.4703
178.75 277.5 0.6441
192.25 277.5 0.6928
196 277.5 0.7063
174.5 277.5 0.6288
155 277.5 0.5586
106.75 277.5 0.3847
55.75 277.5 0.2009
19.75 277.5 0.0712
3 277.5 0.0108
0 277.5 0
0 277.5 0
0 277.5 0
0 277.5 0
0 277.5 0
0 277.5 0
0 277.5 0
0 277.5 0
0.5 277.5 0.0018
3 277.5 0.0108
25.5 277.5 0.0919
74.25 277.5 0.2676
116.75 277.5 0.4207
144.5 277.5 0.5207
164.75 277.5 0.5937
169.75 277.5 0.6117
164.75 277.5 0.5937
177.25 277.5 0.6387
162.75 277.5 0.5865
130.25 277.5 0.4694
101 277.5 0.364
59.5 277.5 0.2144
21.25 277.5 0.0766
3.75 277.5 0.0135
0 277.5 0
0 277.5 0
0 277.5 0
0 277.5 0
0 277.5 0
0 277.5 0
0 277.5 0
0 277.5 0
0 277.5 0
1.75 277.5 0.0063
17.25 277.5 0.0622
55.75 277.5 0.2009
100.75 277.5 0.3631
124 277.5 0.4468
142.25 277.5 0.5126
157.5 277.5 0.5676
179 277.5 0.645
169 277.5 0.609
189 277.5 0.6811
160 277.5 0.5766
119.25 277.5 0.4297
60.75 277.5 0.2189
19.25 277.5 0.0694
3 277.5 0.0108
0 277.5 0
0 277.5 0
0 277.5 0
0 277.5 0