0 277.5 0
0 277.5 0
0.25 277.5 0.0009
0 277.5 0
0.5 277.5 0.0018
2.5 277.5 0.009
23 277.5 0.0829
66.5 277.5 0.2396
106.25 277.5 0.3829
150.75 277.5 0.5432
175.25 277.5 0.6315
185.25 277.5 0.6676
192 277.5 0.6919
191 277.5 0.6883
180.25 277.5 0.6495
159 277.5 0.573
91.25 277.5 0.3288
50 277.5 0.1802
20 277.5 0.0721
3.25 277.5 0.0117
0 277.5 0
0 277.5 0
0 277.5 0
0 277.5 0
0 277.5 0
0 277.5 0
0 277.5 0
0 277.5 0
0.25 277.5 0.0009
2.75 277.5 0.0099
19.75 277.5 0.0712
65.75 277.5 0.2369
108.75 277.5 0.3919
148.75 277.5 0.536
162.5 277.5 0.5856
182 277.5 0.6559
182.5 277.5 0.6577
169.5 277.5 0.6108
166.5 277.5 0.6
153 277.5 0.5514
108 277.5 0.3892
60 277.5 0.2162
23 277.5 0.0829
6.5 277.5 0.0234
2.5 277.5 0.009
2.5 277.5 0.009
2.5 277.5 0.009
2.5 277.5 0.009
2.25 277.5 0.0081
0 277.5 0
0 277.5 0
0 277.5 0
0.25 277.5 0.0009
3.25 277.5 0.0117
30 277.5 0.1081
68.5 277.5 0.2468
134 277.5 0.4829
206.5 277.5 0.7441
219.5 277.5 0.791
162.75 277.5 0.5865
168.75 277.5 0.6081
201.25 277.5 0.7252
184.25 277.5 0.664
165 277.5 0.5946
122.25 277.5 0.4405
72.25 277.5 0.2604
28.25 277.5 0.1018
11.5 277.5 0.0414
7.5 277.5 0.027
7.5 277.5 0.027
7.5 277.5 0.027
7.5 277.5 0.027
7.5 277.5 0.027
7.5 277.5 0.027
7.5 277.5 0.027
7.5 277.5 0.027
8.25 277.5 0.0297
10.5 277.5 0.0378
38.75 277.5 0.1396
100.25 277.5 0.3613
165.75 277.5 0.5973
211.5 277.5 0.7622
231.5 277.5 0.8342
221.5 277.5 0.7982
223.75 277.5 0.8063
220.5 277.5 0.7946
209 277.5 0.7532
186 277.5 0.6703
139.25 277.5 0.5018
79 277.5 0.2847
30 277.5 0.1081
6 277.5 0.0216
0 277.5 0
0 277.5 0
0 277.5 0
0 277.5 0
0 277.5 0
0 277.5 0
0 277.5 0
0.25 277.5 0.0009
0.25 277.5 0.0009
3.25 277.5 0.0117
23.75 277.5 0.0856
83 277.5 0.2991
142 277.5 0.5117
189.25 277.5 0.682
211.75 277.5 0.7631
224.25 277.5 0.8081
222.25 277.5 0.8009
223.5 277.5 0.8054
215 277.5 0.7748
173.5 277.5 0.6252
97.75 277.5 0.3523
63 277.5 0.227
20.5 277.5 0.0739
3.5 277.5 0.0126
0 277.5 0
0 277.5 0
0 277.5 0
0 277.5 0
0 277.5 0
0 277.5 0
0 277.5 0
0 277.5 0
0 277.5 0
5 277.5 0.018
32 277.5 0.1153
87.5 277.5 0.3153
151.25 277.5 0.545
195.5 277.5 0.7045
217.5 277.5 0.7838
223.75 277.5 0.8063
223.75 277.5 0.8063
218.75 277.5 0.7883
208.5 277.5 0.7514
178.25 277.5 0.6423
131 277.5 0.4721
71.25 277.5 0.2568
20.75 277.5 0.0748
4.25 277.5 0.0153
0 277.5 0
0 277.5 0
0.25 277.5 0.0009
0 277.5 0
0 277.5 0
0 277.5 0
0 277.5 0
0 277.5 0
0.25 277.5 0.0009
3.75 277.5 0.0135
25 277.5 0.0901
77.5 277.5 0.2793
134 277.5 0.4829
171.25 277.5 0.6171
192.75 277.5 0.6946
158.25 277.5 0.5703
200 277.5 0.7207
199.5 277.5 0.7189
184.25 277.5 0.664
161.75 277.5 0.5829
113.25 277.5 0.4081
57.25 277.5 0.2063
19.25 277.5 0.0694
3.5 277.5 0.0126
0 277.5 0
0 277.5 0
0 277.5 0
0 277.5 0
0 277.5 0
0 277.5 0
0 277.5 0
0 277.5 0
0 277.5 0
1.75 277.5 0.0063
27.25 277.5 0.0982
77.5 277.5 0.2793
122.75 277.5 0.4423
146 277.5 0.5261
172.25 277.5 0.6207
188.75 277.5 0.6802
191.75 277.5 0.691
193.25 277.5 0.6964
185 277.5 0.6667
151.75 277.5 0.5468
115 277.5 0.4144
65.75 277.5 0.2369
21.75 277.5 0.0784
3 277.5 0.0108
0 277.5 0
0 277.5 0
0 277.5 0
0 277.5 0
0 277.5 0
0 277.5 0
0 277.5 0
0 277.5 0
0 277.5 0
2.25 277.5 0.0081
20 277.5 0.0721
69.75 277.5 0.2514
105.25 277.5 0.3793
152.25 277.5 0.5486
176.5 277.5 0.636
181.75 277.5 0.655
180.75 277.5 0.6514
184 277.5 0.6631
147.25 277.5 0.5306
159.5 277.5 0.5748
113.75 277.5 0.4099
69.5 277.5 0.2505
22.25 277.5 0.0802
3.5 277.5 0.0126
0.5 277.5 0.0018
0.25 277.5 0.0009
0.25 277.5 0.0009
0.25 277.5 0.0009
0.25 277.5 0.0009
0.25 277.5 0.0009
0.25 277.5 0.0009
0.25 277.5 0.0009
0.5 277.5 0.0018
1.75 277.5 0.0063
17 277.5 0.0613
63.25 277.5 0.2279
121 277.5 0.436
172.75 277.5 0.6225
181.25 277.5 0.6532
178.25 277.5 0.6423
164.75 277.5 0.5937
162.5 277.5 0.5856
138.5 277.5 0.4991
122.5 277.5 0.4414
108.5 277.5 0.391
58.5 277.5 0.2108
23.25 277.5 0.0838
3.75 277.5 0.0135
0 277.5 0
0 277.5 0
0 277.5 0
0 277.5 0
0 277.5 0
0 277.5 0
0 277.5 0
0 277.5 0
0.25 277.5 0.0009
4.25 277.5 0.0153
22.25 277.5 0.0802
60.75 277.5 0.2189
110.5 277.5 0.3982
156.75 277.5 0.5649
168 277.5 0.6054
180 277.5 0.6486
196.75 277.5 0.709
216.25 277.5 0.7793
210 277.5 0.7568
174 277.5 0.627
131.25 277.5 0.473
74.5 277.5 0.2685
26.25 277.5 0.0946
9.5 277.5 0.0342
1 277.5 0.0036
0.25 277.5 0.0009
0.25 277.5 0.0009
0.25 277.5 0.0009
0.25 277.5 0.0009
0.25 277.5 0.0009
0.25 277.5 0.0009
0.25 277.5 0.0009
0.25 277.5 0.0009
3 277.5 0.0108
26.75 277.5 0.0964
74.25 277.5 0.2676
129.5 277.5 0.4667
171.5 277.5 0.618
188.75 277.5 0.6802
176.25 277.5 0.6351
171.75 277.5 0.6189
162 277.5 0.5838
159.5 277.5 0.5748
139.75 277.5 0.5036
97.5 277.5 0.3514
57.75 277.5 0.2081
24.5 277.5 0.0883
6.75 277.5 0.0243
0.75 277.5 0.0027
0 277.5 0
0 277.5 0
0 277.5 0
0 277.5 0
0 277.5 0
0 277.5 0
0 277.5 0
0.25 277.5 0.0009
5 277.5 0.018
21 277.5 0.0757
58.5 277.5 0.2108
102.5 277.5 0.3694
135.25 277.5 0.4874
169.5 277.5 0.6108
180.25 277.5 0.6495
174.75 277.5 0.6297
174.5 277.5 0.6288
170.75 277.5 0.6153
123 277.5 0.4432
81.75 277.5 0.2946
46.25 277.5 0.1667
17 277.5 0.0613
3.75 277.5 0.0135
0 277.5 0
0 277.5 0
0 277.5 0
0 277.5 0
0 277.5 0
0 277.5 0
0 277.5 0
0 277.5 0
0 277.5 0
0.5 277.5 0.0018
17 277.5 0.0613
51 277.5 0.1838
81 277.5 0.2919
124.75 277.5 0.4495
126.75 277.5 0.4568
125.75 277.5 0.4532
148 277.5 0.5333
159.5 277.5 0.5748
147.25 277.5 0.5306
124.5 277.5 0.4486
97.25 277.5 0.3505
66.25 277.5 0.2387
43.75 277.5 0.1577
27 277.5 0.0973
24.25 277.5 0.0874
24.25 277.5 0.0874
24.25 277.5 0.0874
24.25 277.5 0.0874
24.25 277.5 0.0874
24.25 277.5 0.0874
24.25 277.5 0.0874
24.25 277.5 0.0874
24.25 277.5 0.0874
25.25 277.5 0.091
44.5 277.5 0.1604
73 277.5 0.2631
108.75 277.5 0.3919
150.5 277.5 0.5423
158.5 277.5 0.5712
175.75 277.5 0.6333
171.25 277.5 0.6171
180 277.5 0.6486
188 277.5 0.6775
179.25 277.5 0.6459
144 277.5 0.5189
86.25 277.5 0.3108
42.5 277.5 0.1532
26.75 277.5 0.0964
24.25 277.5 0.0874
24.25 277.5 0.0874
24.25 277.5 0.0874
24.25 277.5 0.0874
24.25 277.5 0.0874
24.25 277.5 0.0874
24.25 277.5 0.0874
24.25 277.5 0.0874
24.25 277.5 0.0874
26.75 277.5 0.0964
46.25 277.5 0.1667
94.5 277.5 0.3405
123.25 277.5 0.4441
155.25 277.5 0.5595
173 277.5 0.6234
181 277.5 0.6523
180 277.5 0.6486
168 277.5 0.6054
126.25 277.5 0.455
112.75 277.5 0.4063
82.25 277.5 0.2964
52.75 277.5 0.1901
19.75 277.5 0.0712
4.75 277.5 0.0171
1 277.5 0.0036
0.25 277.5 0.0009
0 277.5 0
0 277.5 0
0 277.5 0
0 277.5 0
0 277.5 0
0 277.5 0
0.25 277.5 0.0009
1 277.5 0.0036
15.5 277.5 0.0559
53 277.5 0.191
86.5 277.5 0.3117
123.25 277.5 0.4441
144.25 277.5 0.5198
146.5 277.5 0.5279
145 277.5 0.5225
147.5 277.5 0.5315
171 277.5 0.6162
162 277.5 0.5838
121 277.5 0.436
70.5 277.5 0.2541
24.25 277.5 0.0874
9.75 277.5 0.0351
6.25 277.5 0.0225
6.25 277.5 0.0225
6.25 277.5 0.0225
6.25 277.5 0.0225
6.25 277.5 0.0225
6.25 277.5 0.0225
6.25 277.5 0.0225
6.25 277.5 0.0225
6.5 277.5 0.0234
8.25 277.5 0.0297
34 277.5 0.1225
93.25 277.5 0.336
151.75 277.5 0.5468
192.25 277.5 0.6928
206.75 277.5 0.745
214 277.5 0.7712
219.5 277.5 0.791
202 277.5 0.7279
206.25 277.5 0.7432
173 277.5 0.6234
125.25 277.5 0.4514
69.5 277.5 0.2505
20.25 277.5 0.073
6.25 277.5 0.0225
3 277.5 0.0108
3 277.5 0.0108
3 277.5 0.0108
3 277.5 0.0108
3 277.5 0.0108
3 277.5 0.0108
3 277.5 0.0108
3 277.5 0.0108
3.75 277.5 0.0135
4.75 277.5 0.0171
25.25 277.5 0.091
74.5 277.5 0.2685
121.75 277.5 0.4387
170.5 277.5 0.6144
195.25 277.5 0.7036
192.5 277.5 0.6937
204.25 277.5 0.736
210.75 277.5 0.7595
186.25 277.5 0.6712
161.75 277.5 0.5829
128.5 277.5 0.4631
67.5 277.5 0.2432
23.75 277.5 0.0856
6.25 277.5 0.0225
3 277.5 0.0108
3 277.5 0.0108
3 277.5 0.0108
3 277.5 0.0108
3 277.5 0.0108
3 277.5 0.0108
0.25 277.5 0.0009
0 277.5 0
0 277.5 0
2.25 277.5 0.0081
24.5 277.5 0.0883
83.5 277.5 0.3009
126.5 277.5 0.4559
161 277.5 0.5802
159.5 277.5 0.5748
170.75 277.5 0.6153
160.75 277.5 0.5793
170.5 277.5 0.6144
176.25 277.5 0.6351
166.5 277.5 0.6
128.25 277.5 0.4622
70 277.5 0.2523
21.75 277.5 0.0784
4 277.5 0.0144
0.5 277.5 0.0018
0 277.5 0
0 277.5 0
0 277.5 0
0 277.5 0
0 277.5 0
0 277.5 0
0 277.5 0
0.25 277.5 0.0009
3.25 277.5 0.0117
23.75 277.5 0.0856
68.5 277.5 0.2468
129 277.5 0.4649
156.25 277.5 0.5631
176.75 277.5 0.6369
148 277.5 0.5333
203 277.5 0.7315
171.75 277.5 0.6189
179.75 277.5 0.6477
163 277.5 0.5874
115 277.5 0.4144
68 277.5 0.245
28.25 277.5 0.1018
5 277.5 0.018
1 277.5 0.0036
0.25 277.5 0.0009
0 277.5 0
0 277.5 0
0 277.5 0
0 277.5 0
0 277.5 0
0 277.5 0
0.25 277.5 0.0009
3.5 277.5 0.0126
14.75 277.5 0.0532
54.25 277.5 0.1955
95.25 277.5 0.3432
117.5 277.5 0.4234
128 277.5 0.4613
138.25 277.5 0.4982
154.75 277.5 0.5577
144.5 277.5 0.5207
124.25 277.5 0.4477
121.25 277.5 0.4369
96 277.5 0.3459
58.25 277.5 0.2099
20 277.5 0.0721
3.25 277.5 0.0117
0.25 277.5 0.0009
0 277.5 0
0 277.5 0
0 277.5 0
0 277.5 0
0 277.5 0
0 277.5 0
0 277.5 0
0 277.5 0
0.75 277.5 0.0027
16 277.5 0.0577
65.75 277.5 0.2369
93 277.5 0.3351
134.75 277.5 0.4856
163.25 277.5 0.5883
173 277.5 0.6234
156 277.5 0.5622
149.25 277.5 0.5378
140.75 277.5 0.5072
130 277.5 0.4685
94.5 277.5 0.3405
53.75 277.5 0.1937
18.5 277.5 0.0667
3.25 277.5 0.0117
0 277.5 0
0 277.5 0
0 277.5 0
0 277.5 0
0 277.5 0
0 277.5 0
0 277.5 0
0 277.5 0
0.5 277.5 0.0018
0.75 277.5 0.0027
18 277.5 0.0649
55.25 277.5 0.1991
96.5 277.5 0.3477
123 277.5 0.4432
130.5 277.5 0.4703
118.5 277.5 0.427
139 277.5 0.5009
133 277.5 0.4793
126.75 277.5 0.4568
105 277.5 0.3784
69.25 277.5 0.2495
39.75 277.5 0.1432
12.75 277.5 0.0459
2.25 277.5 0.0081
0 277.5 0
0 277.5 0
0 277.5 0
0 277.5 0
0 277.5 0
0 277.5 0
0 277.5 0
0 277.5 0
0.5 277.5 0.0018
2.5 277.5 0.009
14.25 277.5 0.0514
52 277.5 0.1874
97.5 277.5 0.3514
137.75 277.5 0.4964
163.5 277.5 0.5892
180.25 277.5 0.6495
196.5 277.5 0.7081
181.25 277.5 0.6532
172 277.5 0.6198
159.75 277.5 0.5757
108.75 277.5 0.3919
66 277.5 0.2378
24 277.5 0.0865
4.75 277.5 0.0171
0.25 277.5 0.0009
0.25 277.5 0.0009
0.25 277.5 0.0009
0.25 277.5 0.0009
0.25 277.5 0.0009
0.25 277.5 0.0009
0.25 277.5 0.0009
0.25 277.5 0.0009
0.25 277.5 0.0009
1.75 277.5 0.0063
20.75 277.5 0.0748
55 277.5 0.1982
98.5 277.5 0.355
136.25 277.5 0.491
148.5 277.5 0.5351
143.75 277.5 0.518
157.75 277.5 0.5685
169.75 277.5 0.6117
171 277.5 0.6162
124.5 277.5 0.4486
87.5 277.5 0.3153
52.5 277.5 0.1892
16.75 277.5 0.0604
3.25 277.5 0.0117
1 277.5 0.0036
1 277.5 0.0036
1 277.5 0.0036
1 277.5 0.0036
1 277.5 0.0036
1 277.5 0.0036
1 277.5 0.0036
1 277.5 0.0036
1 277.5 0.0036
2 277.5 0.0072
19.25 277.5 0.0694
64 277.5 0.2306
126 277.5 0.4541
166.5 277.5 0.6
187.25 277.5 0.6748
182.75 277.5 0.6586
203.5 277.5 0.7333
182.75 277.5 0.6586
193.25 277.5 0.6964
160.5 277.5 0.5784
120 277.5 0.4324
61.5 277.5 0.2216
19 277.5 0.0685
3.25 277.5 0.0117
1 277.5 0.0036
1 277.5 0.0036
1 277.5 0.0036
1 277.5 0.0036
1 277.5 0.0036
1 277.5 0.0036
1 277.5 0.0036
1 277.5 0.0036
1 277.5 0.0036
4.75 277.5 0.0171
26.25 277.5 0.0946
70.75 277.5 0.255
126.25 277.5 0.455
163.25 277.5 0.5883
174.25 277.5 0.6279
197 277.5 0.7099
204.75 277.5 0.7378
189.25 277.5 0.682
178.75 277.5 0.6441
166.75 277.5 0.6009
117.75 277.5 0.4243
60.75 277.5 0.2189
26 277.5 0.0937
11 277.5 0.0396
8.5 277.5 0.0306
8.5 277.5 0.0306
1.25 277.5 0.0045
0 277.5 0
0 277.5 0
0 277.5 0
0 277.5 0
0 277.5 0
0.5 277.5 0.0018
2 277.5 0.0072
28 277.5 0.1009
65.75 277.5 0.2369
139.25 277.5 0.5018
188 277.5 0.6775
206.5 277.5 0.7441
195 277.5 0.7027
195 277.5 0.7027
197.75 277.5 0.7126
183.25 277.5 0.6604
152.25 277.5 0.5486
104.75 277.5 0.3775
53.5 277.5 0.1928
15.5 277.5 0.0559
2.25 277.5 0.0081
0.25 277.5 0.0009
0.25 277.5 0.0009
0 277.5 0
0 277.5 0
0 277.5 0
0 277.5 0
0 277.5 0
0 277.5 0
0.5 277.5 0.0018
2.25 277.5 0.0081
20.75 277.5 0.0748
67 277.5 0.2414
108.5 277.5 0.391
140.75 277.5 0.5072
158.25 277.5 0.5703
159.25 277.5 0.5739
173.5 277.5 0.6252
151.25 277.5 0.545
152.75 277.5 0.5505
149.25 277.5 0.5378
104.25 277.5 0.3757
61.75 277.5 0.2225
23 277.5 0.0829
6.5 277.5 0.0234
4 277.5 0.0144
0.5 277.5 0.0018
0 277.5 0
0 277.5 0
0 277.5 0
0 277.5 0
0 277.5 0
0 277.5 0
0 277.5 0
1.25 277.5 0.0045
23.25 277.5 0.0838
72.5 277.5 0.2613
132 277.5 0.4757
175.25 277.5 0.6315
210.75 277.5 0.7595
214.5 277.5 0.773
212.25 277.5 0.7649
205.75 277.5 0.7414
166.75 277.5 0.6009
117.75 277.5 0.4243
88.5 277.5 0.3189
54 277.5 0.1946
17 277.5 0.0613
2.5 277.5 0.009
0.25 277.5 0.0009
0.25 277.5 0.0009
0 277.5 0
0 277.5 0