15296.7778
14886.7778
14789
14763.1111
15041.1111
15637.5556
16769.4444
17523.5556
18031.1111
18595.1111
18892.8889
18956
19068.4444
18918.8889
18902.5556
19234.7778
19357.6667
19035
18810
18593.5556
18510.3333
17421.1111
16185.1111
15252.3333
14725.5556
14388.3333
14304.1111
14344.2222
14647.6667
15258.5556
16277.1111
16808.1111
17146.5556
17707.1111
17855.8889
17977.4444
18101.8889
18042.1111
18131.7778
18272.3333
18371.2222
18278.7778
18229.6667
18038.6667
18061.7778
17195.8889
15987.3333
15151
14885.3333
14587
14542
14457
14709.2222
15155.8889
15925
16640.5556
17001.7778
17380.2222
17558.4444
17659.4444
17662
17757.1111
17783.6667
18020.3333
18110.6667
18000.4444
17984.7778
17878.8889
17886
17001.6667
15852.5556
15137.4444
14662.6667
14350.3333
14226
14240
14500.5556
14967
15951.2222
16597.5556
17040.5556
17333
17681.5556
17677.1111
17792.8889
17882.8889
17861
18031.2222
18128.7778
17995
17908.2222
17827.1111
17860.7778
17098.1111
15958
15078.4444
14706.7778
14435.4444
14335.4444
14329.3333
14539
15053.4444
16036.1111
16668
17117.6667
17489.5556
17767.3333
17894
18051.2222
18033.8889
18010.3333
18128.4444
18351.8889
18158
18032
17831.2222
17752
16884.2222
15897.5556
15201.6667
14898.8889
14514.6667
14349.8889
14326.4444
14590
15016.7778
16021.3333
16447.7778
16794.1111
17322.4444
17654.7778
17745.5556
17639.5556
17588.2222
17565.7778
17716.3333
17854.5556
17710.7778
17769.4444
17737.5556
17706.2222
16787.5556
15780.1111
15074.1111
14671.7778
14418.1111
14204
14226.6667
14530.1111
15109.2222
16188.2222
17000.4444
17296.1111
17545
17699.5556
17835.4444
17808.2222
17809.6667
18032
18269.8889
18381.7778
18236
18100.7778
18107.7778
18193.7778
17362.1111
16202.7778
15406.8889
14788.8889
14479.1111
14413.1111
14436.8889
14762.8889
15299.7778
16434.8889
17141.5556
17505.2222
17798.2222
17981.4444
18240.2222
18381.1111
18427.6667
18352.2222
18605
18746.8889
18532.3333
18389.5556
18256.5556
18307.4444
17332.6667
16098.3333
15304.1111
14820.8889
14638.2222
14461.1111
14498.3333
14703
15136.4444
16057
16821.4444
17330.2222
17768.7778
18013.4444
18129.6667
18361.4444
18239.2222
18286.7778
18467
18554.6667
18364.3333
18121.7778
18033.7778
18121.2222
17218.1111
16022
14989.7778
14693.4444
14423.6667
14318.3333
14148.3333
14399.7778
14875.6667
15727.8889
16577.1111
17033.7778
17417.8889
17781.6667
17863.3333
17885.1111
17855.6667
18057.5556
18308
18429.3333
18219.1111
18100.6667
18111.7778
18068.3333
17090.7778
15888.7778
15116.8889
14713
14533
14285.1111
14313.2222
14369.4444
14623.5556
15612.3333
16431.2222
16956.6667
17457.7778
17761.5556
17962.7778
18219.8889
18348.1111
18579.4444
18909.3333
18973.7778
18798.8889
18665.5556
18547.7778
18450.6667
17705.1111
16414.1111
15507.6667
15086.6667
14858.8889
14708.2222
14652.7778
14768.4444
15170.1111
16256.1111
17051.6667
17664.2222
18097.5556
18459.6667
18691.5556
18926.7778
19022.6667
19127.7778
19480.4444
19739.3333
19546.7778
19219.1111
18981
19083.1111
18158
16893
15959.3333
15421.5556
15047.6667
14716.5556
14628.3333
14758.1111
15287.3333
16247.4444
16998.3333
17440.3333
17821.6667
17957.2222
18135.7778
18370.2222
18303.4444
18359.2222
18370.3333
18672.2222
18492.8889
18155.1111
17938.5556
17983.8889
17097.8889
16067.1111
15225
14888.4444
14560.1111
14400.2222
14476.5556
14690.2222
15106.7778
16077.2222
16881.2222
17113.1111
17594.4444
17795.7778
17955.1111
18142.6667
18183.4444
18141.7778
18299.2222
18426.5556
18201.3333
18026.1111
17887.4444
17779.4444
17083.5556
15891.7778
15044.7778
14729.7778
14411.5556
14122.6667
14119.1111
14417.1111
15000.8889
15979.8889
16623.1111
17063.1111
17491.5556
17713.4444
17748.7778
18034
18144
18358.1111
18640.6667
18809.5556
18675.8889
18442.7778
18210.8889
18225.7778
17400.5556
16213.7778
15316.4444
14853.3333
14733
14554.5556
14534.1111
14736.6667
15442.2222
16482.1111
17019.7778
17569.2222
18021.4444
18573.2222
18741.6667
19068.4444
19073.1111
19192.7778
19470.7778
19744.2222
19529.5556
19243.3333
18989.5556
18908.8889
17974.6667
16669.3333
15628
15017.1111
14805.2222
14703.3333
14625.1111
14802.6667
15072.2222
16188.4444
17043.5556
17747
18397.4444
18995.3333
19320.3333
19491.5556
19688.8889
19796.8889
20023.7778
20155.7778
19978.3333
19814.2222
19429.1111
19288.8889
18341.2222
17048
16087.6667
15461.2222
15186.1111
15083.6667
14974.2222
15106.1111
15432.4444
16445.8889
17664.4444
18190.3333
18707.4444
19183.5556
19412.5556
19649.1111
19764.3333
19976.7778
20141.6667
20161.7778
19907.8889
19661.6667
19454.4444
19191.2222
18360.8889
17045.4444
16076.8889
15571.8889
15219.4444
15091.1111
14985.1111
15093.2222
15441.3333
16466.4444
17254.1111
17865.1111
18293.7778
18647.6667
18919
19076.3333
19241
19484.8889
19787.3333
19911.5556
19673.7778
19344.6667
18955.4444
18800.8889
18027.4444
16908.8889
16027.2222
15525.2222
15341.2222
15149.1111
15040.3333
15146.8889
15371.5556
16267.4444
17123.8889
17828.3333
18307.7778
18746.2222
18901.1111
19168.3333
19416.2222
19409.4444
19858.3333
20033.2222
19801.2222
19717.5556
19482.1111
19392.5556
18534.5556
17296.1111
16406.5556
15789.5556
15393
15262
15115.8889
15276.8889
15821.8889
17066.2222
18014.1111
18724.1111
19264.5556
19716.1111
20080.6667
20297.2222
20416.3333
20706.2222
20905.6667
21012.3333
20913.2222
20620.8889
20187.5556
19903.1111
18812.5556
17524.1111
16440.3333
15838.6667
15572.1111
15266.7778
15232.8889
15388.1111
16115
17220.6667
17848.1111
18472.8889
19059.2222
19580.6667
19797
19874.1111
19981.1111
20176.8889
20495.6667
20779.6667
20503.4444
20059
19923.5556
19937
18898.5556
17449.7778
16551.5556
16056.1111
15630.1111
15431.3333
15447
15562.2222
16107.2222
17284.1111
18227.6667
18846.3333
19404.6667
19875
20229.3333
20347.8889
20282.1111
20440.5556
20769.8889
20795.5556
20545.8889
20226
19939.5556
19759.2222
18922.3333
17324
16336.2222
15875.6667
15504.8889
15292.4444
15320
15435.1111
15903.6667
16895.1111
17741.1111
18450
19208.6667
19667.5556
19849
19953.8889
19841.5556
19877.7778
20005.8889
20152.8889
20003.5556
19877.7778
19635.8889
19435.3333
18457
17185.6667
15987.4444
15669.7778
15442.5556
15269.1111
15092.7778
15315.4444
15762
16544
17242.4444
17830.3333
18383.6667
18738.2222
18981.4444
19188.7778
19206.6667
19316.2222
19625.1111
19764.2222
19601.8889
19332
19128.2222
18931.1111
18060.3333
16895.4444
15966
15524.4444
15208.2222
14941.5556
14959.8889
15116.6667
15434.6667
16518
17184.1111
17774.3333
18382
18675
18877.2222
19039.6667
19092.8889
19275.2222
19538.6667
19725.1111
19626.2222
19451.6667
19150.6667
18927.5556
18088
16792.4444
15823.4444
15357.5556
15053.7778
14935.7778
14986.8889
14993.7778
15382.4444
16279.3333
17120.6667
17659.2222
18380.2222
18954.7778
19229.8889
19548
19548.8889
19647.3333
19822.6667
19852.5556
19603.5556
19341.2222
19164.7778
19165.3333
18213.7778
17071
16037.5556
15557
15233.1111
14990.7778
15079.3333
15397.7778
15944.2222
17041.6667
17849.3333
18552.6667
18989.2222
19493.2222
19841.5556
19955.1111
20051.6667
20081.8889
20400.5556
20644.7778
20388.2222
20080.6667
19713.1111
19474.7778
18490.5556
17118
16134.2222
15472.4444
15237.1111
15075.5556
15021.5556
15289.2222
15657.8889
16652.5556
17424.7778
18097.6667
18672
18957.7778
19091.5556
19282.3333
19393.8889
19484.4444
19812.6667
19972.2222
19904.4444
19578.2222
19356.6667
19261.1111
18522.4444
17324.3333
16310.3333
15834.2222
15322.3333
15200.6667
15125.4444
15354.5556
15774.6667
16878.3333
17587.5556
18301
19063.6667
19476.3333
19737.3333
19971.8889
20118.6667
20177.3333
20299.8889
20492.7778
20378.3333
20014.3333
19643.7778
19521.4444
18655.2222
17398.5556
16310.5556