14870.1111
14765.5556
14731.4444
14786.8889
15067.7778
16164.5556
17381.8889
17787
18051.2222
18241.8889
18194
18138.8889
18118.3333
18013.3333
18102.6667
18227.2222
18582.4444
19120
19083.6667
18783.3333
18166.6667
17221.2222
16248
15365.7778
14942.1111
14830.5556
14784.4444
14825.4444
15220.2222
16298.1111
17625.6667
18066.2222
18244.2222
18094
18140.7778
18002.3333
17879.4444
17760.3333
17818.3333
18133.1111
18479.2222
19182.3333
19322.4444
18899.3333
18415.6667
17358.5556
16211.5556
15234.1111
14945.3333
14710.4444
14638.4444
14758.8889
15200.4444
16114.2222
17219.6667
17698.7778
17779
17679.5556
17593.5556
17625.7778
17632.5556
17568
17607.8889
17993.5556
18558.8889
19414.1111
19425.7778
18825.6667
18301.2222
17380.8889
16315.3333
15498
15017
14735.7778
14669.4444
14738.4444
15047.1111
15910.5556
17134.6667
17630.5556
17604.4444
17600.8889
17629.3333
17624.6667
17553
17522
17558.4444
17790.6667
18486.2222
19069
19091.1111
18682.8889
18271.4444
17420.1111
16460.3333
15514.2222
15034.4444
14696.1111
14539.6667
14527.4444
14892.7778
15461.6667
16395.2222
17332.8889
17540.7778
17583
17684.6667
17642.8889
17579.5556
17547.4444
17506.1111
17705.5556
18180.1111
18935.8889
18940.2222
18639.4444
18211.1111
17514
16455.6667
15590
15094.3333
14845.7778
14615.2222
14647.4444
14863.8889
15187.1111
16322.1111
17333
17656.4444
17791.7778
17786.5556
17788.8889
17680.5556
17685.3333
17662
17847.3333
18410.8889
19275.7778
19192.5556
18917.1111
18414.3333
17738.8889
16785.1111
15819.2222
15245.1111
14869.1111
14682.2222
14630.1111
14784.4444
15216.4444
16360.2222
17286.5556
17570.5556
17555.6667
17547.3333
17664.2222
17596.2222
17637.3333
17746.4444
17985.2222
18588.6667
19728.1111
19686.4444
19234.6667
18860.8889
18198.5556
17192.5556
16127.8889
15355.1111
15101.4444
14992.6667
14895.8889
15070.2222
15605.5556
16822
17840.1111
18108.5556
18109.6667
18117.2222
18061.6667
18060.4444
18049
18023.1111
18214.5556
18917.5556
19852.2222
19915.8889
19469.8889
19091.2222
18434.6667
17376.1111
16267.6667
15579.8889
15244.5556
15131.2222
15048.7778
15193
15652.1111
16855.2222
17749
18000.2222
17937.4444
18048.4444
18043.6667
17949.8889
17877.3333
17894.4444
18223.5556
19028.2222
19980.3333
19896.2222
19575.1111
19135.8889
18444.1111
17361.6667
16281.7778
15688
15368.2222
15181.4444
15158.7778
15355.6667
15743.1111
16688.1111
17667.5556
18053.2222
18180
18136.1111
18156.7778
17917.5556
17958.7778
17878.7778
18200.5556
18845.8889
19907.6667
19817.7778
19498.7778
19159.7778
18467.5556
17482.6667
16385.1111
15871.8889
15451.4444
15262.2222
15229.5556
15253.6667
15774.5556
16827.6667
17625.3333
17854.5556
17884.3333
17888.8889
17854.3333
17943.3333
17965
18033.3333
18182.1111
18776.5556
19604.8889
19506.4444
19251.7778
18918.7778
18278.3333
17288
16393.4444
15801
15549.7778
15280.1111
15095.6667
15148.2222
15719.2222
16556
17457.2222
17843.2222
18006
18267
18168.6667
18101.6667
18034.7778
18071.7778
18187.2222
18727.5556
19670.5556
19597
19271.1111
18866.1111
18212.7778
17267.4444
16450.1111
15885.7778
15556.5556
15279.4444
15177.4444
15299.7778
15683.6667
16612.4444
17312.3333
17892.3333
18123.4444
18229
18246.2222
18232.7778
18162.1111
18164.3333
18317
18905.7778
19912.1111
19679.1111
19363.2222
19091
18368.2222
17399.6667
16424.2222
15786.7778
15598.5556
15418.8889
15364.7778
15390.7778
15860.2222
16785.8889
17589.3333
17830.3333
17970.8889
17910
17883.4444
17898
17927.8889
17975.4444
18255.3333
18867.5556
19963.6667
19861
19523
19110.4444
18480.1111
17408.1111
16330
15706.6667
15320.2222
15220.2222
15215.3333
15290.7778
15891.5556
17062.4444
18005.5556
18265.4444
18287
18246.4444
18228.6667
18166
18232.1111
18242
18409.8889
19042.7778
19848.4444
19856.2222
19695.8889
19281.2222
18601.3333
17529.4444
16420.4444
15755.6667
15390.5556
15131.7778
15035.3333
15199.4444
15761
16937.8889
17797
18032.2222
18110.5556
18118
18170.3333
18181.4444
18160.5556
18220.2222
18409.3333
19067.5556
19925.5556
19743.5556
19507.2222
19223.2222
18525.6667
17369
16441.2222
15674.7778
15269.1111
15083.8889
15072.7778
15130.2222
15558.7778
16668.6667
17739.6667
18203
18149.5556
18200
18171.8889
18153.1111
18285
18306.1111
18566
19268.8889
20075.7778
19919.2222
19672.5556
19261.3333
18596.3333
17468.5556
16340.6667
15699.7778
15332.7778
15141.8889
15022.6667
15212.4444
15783.6667
16997.1111
18058.8889
18361.8889
18468.2222
18491.8889
18417.8889
18373.4444
18332.7778
18304.3333
18569.4444
19055.4444
19988.5556
19894.6667
19469.4444
19041
18478.2222
17467
16539.5556
16007.4444
15708.4444
15455.4444
15390.4444
15414.4444
15925.5556
16949.5556
17850.6667
18091.8889
18294.8889
18279.3333
18214.1111
18178.6667
18185.4444
18154
18436.4444
19048
20040.7778
19941.5556
19680
19323.5556
18638.7778
17671.8889
16570.8889
15961
15667.2222
15416.3333
15380
15471.6667
15995.6667
17009.5556
17919
18091.5556
18167
18265.2222
18279.1111
18185.8889
18148.5556
18206.4444
18453.8889
19234.2222
20466.2222
20137.6667
19836.6667
19401.6667
18814.7778
17733.7778
16671.8889
16169.8889
15947.2222
15827.4444
15607.6667
15671
16126.7778
17067.3333
18043.7778
18286.1111
18465.1111
18562.8889
18426.1111
18375.1111
18253.6667
18347
18699.3333
19439.5556
20439.3333
20235
19794.7778
19392.5556
18834
17879.7778
16816.3333
16103.5556
15709
15544.5556
15464.3333
15629.6667
16188.2222
17219.6667
18319.1111
18705.2222
18657.7778
18757
18784.8889
18697.2222
18621.3333
18677.3333
18932.6667
19723.1111
20630
20435.3333
20124.1111
19756.4444
19089.6667
18057.4444
17046.6667
16294.7778
16036.7778
15788.7778
15729.7778
15822.2222
16265.5556
17153.7778
18200.8889
18470.6667
18569.6667
18660.5556
18650.6667
18703.7778
18574.8889
18585.3333
18765.4444
19422.4444
20365.2222
20188
19934.5556
19460.5556
18832.8889
17799.4444
16904.6667
16380.6667
15985.8889
15769
15643.2222
15821.4444
16321.5556
17156
18194.4444
18384.7778
18391
18406.3333
18530.1111
18371.2222
18479.2222
18554.2222
18813.7778
19425.1111
20125.7778
20048.5556
19848.4444
19465
18683.6667
17820.5556
16868
16201.1111
15903.4444
15718.1111
15554.8889
15629.5556
16136.1111
16785
17796.5556
18139.2222
18552.7778
18557.6667
18547.6667
18504
18560.3333
18606.7778
18775.6667
19310.7778
19908.5556
19667.8889
19489.6667
19247.7778
18625.4444
17693.3333
16586.3333
16042.8889
15684.7778
15439.6667
15410
15489.1111
15809.1111
16706.2222
17752.6667
18149.7778
18347.8889
18534.2222
18541.7778
18499.5556
18512.7778
18515.4444
18762.5556
19391.2222
20231.6667
19927
19630.4444
19345
18713.2222
17679.2222
16612.1111
16007.5556
15703.3333
15572.5556
15484.5556
15662.7778
16086.4444
17004.1111
18113
18639.4444
18727.6667
18619.3333
18739.3333
18678.4444
18585.7778
18717.4444
18915.2222
19657.8889
20396.7778
20285
19932.3333
19580.1111
19068.4444
18103.2222
17168.2222
16552.8889
16184.5556
15969.1111
15947.6667
16007.3333
16381.6667
17150.1111
18031.7778
18399.8889
18444.7778
18493.4444
18479.7778
18492.8889
18493.3333
18469.4444
18686.8889
19661.1111
20574.4444
20495.1111
20182.6667
19864.7778
19193
17999.3333
16997.7778
16283.8889
16007
15865.2222
15860
15932.4444
16555.1111
17450.6667
18485.2222
18731.3333
18779
18823.7778
18767.4444
18512
18531.8889
18609.4444
18947.3333
19784.7778
20740.8889
20449
20149.8889
19739.7778
19048.4444
17987.1111
16970.6667
16225.6667
15945.3333
15766.6667
15749.5556
15880.1111
16281.4444
17439.5556
18426.8889
18667
18860.4444
18889.7778
18935.2222
18861.5556
18703.7778
18615.7778
18799.4444
19388.2222
20521.6667
20245.4444
20054.3333
19714.8889
19042.5556
17966.6667
16946.3333