0 277.5 0
0 277.5 0
0 277.5 0
0 277.5 0
0 277.5 0
0 277.5 0
0.75 277.5 0.0027
3.75 277.5 0.0135
20.75 277.5 0.0748
41.5 277.5 0.1495
58.75 277.5 0.2117
65.25 277.5 0.2351
80.75 277.5 0.291
80.25 277.5 0.2892
57.5 277.5 0.2072
31.5 277.5 0.1135
15.25 277.5 0.055
2.75 277.5 0.0099
0 277.5 0
0 277.5 0
0 277.5 0
0 277.5 0
0 277.5 0
0 277.5 0
0 277.5 0
0 277.5 0
0 277.5 0
0 277.5 0
0 277.5 0
0 277.5 0
0.75 277.5 0.0027
5 277.5 0.018
27.75 277.5 0.1
56 277.5 0.2018
81 277.5 0.2919
110.75 277.5 0.3991
123.75 277.5 0.4459
126.75 277.5 0.4568
110.25 277.5 0.3973
98 277.5 0.3532
54 277.5 0.1946
17 277.5 0.0613
0 277.5 0
0 277.5 0
0 277.5 0
0 277.5 0
0 277.5 0
0 277.5 0
0 277.5 0
0 277.5 0
0 277.5 0
0 277.5 0
0 277.5 0
0 277.5 0
1.25 277.5 0.0045
16.5 277.5 0.0595
63.5 277.5 0.2288
102.5 277.5 0.3694
129.5 277.5 0.4667
164.75 277.5 0.5937
168.25 277.5 0.6063
151.75 277.5 0.5468
118.25 277.5 0.4261
74.75 277.5 0.2694
45.75 277.5 0.1649
16.75 277.5 0.0604
0 277.5 0
0 277.5 0
0 277.5 0
0 277.5 0
0 277.5 0
0 277.5 0
0 277.5 0
0 277.5 0
0 277.5 0
0 277.5 0
0 277.5 0
0.5 277.5 0.0018
1.5 277.5 0.0054
25.25 277.5 0.091
83.5 277.5 0.3009
140.5 277.5 0.5063
172.5 277.5 0.6216
181 277.5 0.6523
170.25 277.5 0.6135
175.5 277.5 0.6324
169 277.5 0.609
139.5 277.5 0.5027
85.75 277.5 0.309
24.75 277.5 0.0892
0 277.5 0
0 277.5 0
0 277.5 0
0 277.5 0
0 277.5 0
0 277.5 0
0 277.5 0
0 277.5 0
0 277.5 0
0 277.5 0
0 277.5 0
0 277.5 0
1.5 277.5 0.0054
23.75 277.5 0.0856
83.75 277.5 0.3018
151.25 277.5 0.545
179.5 277.5 0.6468
182.5 277.5 0.6577
182 277.5 0.6559
175 277.5 0.6306
166.25 277.5 0.5991
133 277.5 0.4793
78.5 277.5 0.2829
20.5 277.5 0.0739
0 277.5 0
0 277.5 0
0 277.5 0
0.25 277.5 0.0009
0 277.5 0
0 277.5 0
0 277.5 0
0 277.5 0
0 277.5 0
0 277.5 0
0 277.5 0
0 277.5 0
0.75 277.5 0.0027
8.25 277.5 0.0297
32 277.5 0.1153
67.5 277.5 0.2432
81.5 277.5 0.2937
78.75 277.5 0.2838
86 277.5 0.3099
83.25 277.5 0.3
77.5 277.5 0.2793
52 277.5 0.1874
30.25 277.5 0.109
6.75 277.5 0.0243
0 277.5 0
0 277.5 0
0 277.5 0
0 277.5 0
0 277.5 0
0 277.5 0
0 277.5 0
0 277.5 0
0 277.5 0
0 277.5 0
0 277.5 0
0 277.5 0
0.75 277.5 0.0027
11.5 277.5 0.0414
19 277.5 0.0685
52.5 277.5 0.1892
64.75 277.5 0.2333
73.75 277.5 0.2658
76 277.5 0.2739
83 277.5 0.2991
76.5 277.5 0.2757
65.5 277.5 0.236
35.75 277.5 0.1288
9 277.5 0.0324
0.25 277.5 0.0009
0 277.5 0
0 277.5 0
0 277.5 0
0 277.5 0
0 277.5 0
0 277.5 0
0 277.5 0
0 277.5 0
0 277.5 0
0 277.5 0
0 277.5 0
0.25 277.5 0.0009
15.5 277.5 0.0559
47.75 277.5 0.1721
75.75 277.5 0.273
100.5 277.5 0.3622
116.75 277.5 0.4207
136 277.5 0.4901
128.5 277.5 0.4631
124.75 277.5 0.4495
85.25 277.5 0.3072
39.25 277.5 0.1414
10.75 277.5 0.0387
0.25 277.5 0.0009
0 277.5 0
0 277.5 0
0 277.5 0
0 277.5 0
0 277.5 0
0 277.5 0
0 277.5 0
0 277.5 0
0 277.5 0
0 277.5 0
0 277.5 0
1 277.5 0.0036
6.75 277.5 0.0243
22.25 277.5 0.0802
40.25 277.5 0.145
77 277.5 0.2775
101.5 277.5 0.3658
117.5 277.5 0.4234
113.5 277.5 0.409
84.5 277.5 0.3045
64.75 277.5 0.2333
40.75 277.5 0.1468
10.75 277.5 0.0387
0.25 277.5 0.0009
0 277.5 0
0 277.5 0
0.25 277.5 0.0009
0.25 277.5 0.0009
0 277.5 0
0 277.5 0
0 277.5 0
0 277.5 0
0 277.5 0
0 277.5 0
0.25 277.5 0.0009
1.25 277.5 0.0045
14 277.5 0.0505
49.75 277.5 0.1793
81 277.5 0.2919
97 277.5 0.3495
106 277.5 0.382
105 277.5 0.3784
93.25 277.5 0.336
81.25 277.5 0.2928
81.25 277.5 0.2928
47.25 277.5 0.1703
9.75 277.5 0.0351
0 277.5 0
0 277.5 0
0 277.5 0
0 277.5 0
0 277.5 0
0 277.5 0
0 277.5 0
0 277.5 0
0 277.5 0
0 277.5 0
0 277.5 0
0 277.5 0
1.25 277.5 0.0045
16.25 277.5 0.0586
34.25 277.5 0.1234
50.5 277.5 0.182
86 277.5 0.3099
109.5 277.5 0.3946
114 277.5 0.4108
109 277.5 0.3928
95.75 277.5 0.345
66.25 277.5 0.2387
38.5 277.5 0.1387
11.5 277.5 0.0414
0.5 277.5 0.0018
0 277.5 0
0 277.5 0
0 277.5 0
0 277.5 0
0 277.5 0
0 277.5 0
0 277.5 0
0 277.5 0
0 277.5 0
0 277.5 0
0 277.5 0
1.75 277.5 0.0063
14 277.5 0.0505
38.5 277.5 0.1387
75.25 277.5 0.2712
90.75 277.5 0.327
105.5 277.5 0.3802
91.25 277.5 0.3288
93 277.5 0.3351
77.25 277.5 0.2784
66 277.5 0.2378
43 277.5 0.155
15.5 277.5 0.0559
0.5 277.5 0.0018
0.25 277.5 0.0009
0 277.5 0
0 277.5 0
0 277.5 0
0 277.5 0
0 277.5 0
0 277.5 0
0 277.5 0
0 277.5 0
0 277.5 0
0.25 277.5 0.0009
1.75 277.5 0.0063
9 277.5 0.0324
25.5 277.5 0.0919
49.5 277.5 0.1784
58 277.5 0.209
59.75 277.5 0.2153
60.5 277.5 0.218
61.5 277.5 0.2216
51 277.5 0.1838
33.75 277.5 0.1216
21.5 277.5 0.0775
7.25 277.5 0.0261
0.5 277.5 0.0018
0 277.5 0
0 277.5 0
0 277.5 0
0 277.5 0
0 277.5 0
0 277.5 0
0 277.5 0
0 277.5 0
0 277.5 0
0 277.5 0
0 277.5 0
1.75 277.5 0.0063
13 277.5 0.0468
20.25 277.5 0.073
36.75 277.5 0.1324
45 277.5 0.1622
60 277.5 0.2162
60 277.5 0.2162
72.25 277.5 0.2604
70.75 277.5 0.255
58.25 277.5 0.2099
34.25 277.5 0.1234
11.75 277.5 0.0423
0.75 277.5 0.0027
0 277.5 0
0 277.5 0
0 277.5 0
0 277.5 0
0 277.5 0
0 277.5 0
0 277.5 0
0 277.5 0
0 277.5 0
0 277.5 0
0.25 277.5 0.0009
1.5 277.5 0.0054
10.5 277.5 0.0378
34.25 277.5 0.1234
67 277.5 0.2414
88.5 277.5 0.3189
102.25 277.5 0.3685
93.25 277.5 0.336
93 277.5 0.3351
89.5 277.5 0.3225
72.25 277.5 0.2604
50.25 277.5 0.1811
19.25 277.5 0.0694
0.25 277.5 0.0009
0 277.5 0
0 277.5 0
0 277.5 0
0 277.5 0
0 277.5 0
0 277.5 0
0 277.5 0
0 277.5 0
0 277.5 0
0 277.5 0
1 277.5 0.0036
2.5 277.5 0.009
27 277.5 0.0973
80.25 277.5 0.2892
126.5 277.5 0.4559
144 277.5 0.5189
152 277.5 0.5477
150.75 277.5 0.5432
150.25 277.5 0.5414
150 277.5 0.5405
132.5 277.5 0.4775
86 277.5 0.3099
28.5 277.5 0.1027
1.25 277.5 0.0045
0 277.5 0
0 277.5 0
0 277.5 0
0 277.5 0
0 277.5 0
0 277.5 0
0 277.5 0
0 277.5 0
0 277.5 0
0 277.5 0
1 277.5 0.0036
4.25 277.5 0.0153
41 277.5 0.1477
101 277.5 0.364
146.25 277.5 0.527
159.5 277.5 0.5748
172 277.5 0.6198
167 277.5 0.6018
174 277.5 0.627
169.75 277.5 0.6117
140 277.5 0.5045
92.25 277.5 0.3324
31.5 277.5 0.1135
1.75 277.5 0.0063
0 277.5 0
0 277.5 0
0 277.5 0
0 277.5 0
0 277.5 0
0 277.5 0
0 277.5 0
0 277.5 0
0 277.5 0
0 277.5 0
0.5 277.5 0.0018
5.75 277.5 0.0207
39 277.5 0.1405
81 277.5 0.2919
113.75 277.5 0.4099
141.5 277.5 0.5099
166 277.5 0.5982
166.25 277.5 0.5991
163 277.5 0.5874
138.5 277.5 0.4991
89.25 277.5 0.3216
63.75 277.5 0.2297
22.75 277.5 0.082
1 277.5 0.0036
0 277.5 0
0 277.5 0
0 277.5 0
0.25 277.5 0.0009
0 277.5 0
0 277.5 0
0 277.5 0
0 277.5 0
0 277.5 0
0 277.5 0
0.5 277.5 0.0018
3.75 277.5 0.0135
30.75 277.5 0.1108
91 277.5 0.3279
133 277.5 0.4793
162.25 277.5 0.5847
168 277.5 0.6054
173.5 277.5 0.6252
162.75 277.5 0.5865
148.5 277.5 0.5351
130.25 277.5 0.4694
86.5 277.5 0.3117
26.5 277.5 0.0955
1 277.5 0.0036
0 277.5 0
0 277.5 0
0 277.5 0
0 277.5 0
0 277.5 0
0 277.5 0
0 277.5 0
0 277.5 0
0 277.5 0
0 277.5 0
0.25 277.5 0.0009
4 277.5 0.0144
40 277.5 0.1441
89.25 277.5 0.3216
116.75 277.5 0.4207
148.5 277.5 0.5351
160.75 277.5 0.5793
161.75 277.5 0.5829
151 277.5 0.5441
114 277.5 0.4108
124.5 277.5 0.4486
91 277.5 0.3279
30.5 277.5 0.1099
1.5 277.5 0.0054
0 277.5 0
0 277.5 0
0 277.5 0
0 277.5 0
0 277.5 0
0 277.5 0
0 277.5 0
0 277.5 0
0 277.5 0
0 277.5 0
0.25 277.5 0.0009
3.75 277.5 0.0135
37.5 277.5 0.1351
69.25 277.5 0.2495
101.5 277.5 0.3658
162 277.5 0.5838
171.25 277.5 0.6171
163.5 277.5 0.5892
164.5 277.5 0.5928
130.5 277.5 0.4703
92 277.5 0.3315
85.75 277.5 0.309
32 277.5 0.1153
1.75 277.5 0.0063
0 277.5 0
0 277.5 0
0 277.5 0
0 277.5 0
0 277.5 0
0 277.5 0
0 277.5 0
0 277.5 0
0 277.5 0
0 277.5 0
0.25 277.5 0.0009
5.5 277.5 0.0198
49.25 277.5 0.1775
108.75 277.5 0.3919
166.25 277.5 0.5991
187.25 277.5 0.6748
196.5 277.5 0.7081
194.25 277.5 0.7
185 277.5 0.6667
174.75 277.5 0.6297
151.25 277.5 0.545
100.25 277.5 0.3613
38.25 277.5 0.1378
2 277.5 0.0072
0 277.5 0
0 277.5 0
0 277.5 0
0 277.5 0
0 277.5 0
0 277.5 0
0 277.5 0
0 277.5 0
0 277.5 0
0 277.5 0
1.5 277.5 0.0054
8 277.5 0.0288
55.75 277.5 0.2009
118.75 277.5 0.4279
161.25 277.5 0.5811
183.75 277.5 0.6622
176 277.5 0.6342
179.5 277.5 0.6468
162.5 277.5 0.5856
149.25 277.5 0.5378
124 277.5 0.4468
79.5 277.5 0.2865
28.25 277.5 0.1018
1.75 277.5 0.0063
0.25 277.5 0.0009
0.25 277.5 0.0009
0 277.5 0
0 277.5 0
0 277.5 0
0 277.5 0
0 277.5 0
0 277.5 0
0 277.5 0
0 277.5 0
0.25 277.5 0.0009
2.5 277.5 0.009
26.75 277.5 0.0964
65.5 277.5 0.236
97 277.5 0.3495
118.25 277.5 0.4261
118.25 277.5 0.4261
133.25 277.5 0.4802
138.5 277.5 0.4991
126.25 277.5 0.455
100.5 277.5 0.3622
62 277.5 0.2234
22.25 277.5 0.0802
1.25 277.5 0.0045
0 277.5 0
0 277.5 0
0 277.5 0
0 277.5 0
0 277.5 0
0 277.5 0
0 277.5 0
0 277.5 0
0 277.5 0
0 277.5 0
1 277.5 0.0036
4 277.5 0.0144
26 277.5 0.0937
62.75 277.5 0.2261
89 277.5 0.3207
112.5 277.5 0.4054
107 277.5 0.3856
117 277.5 0.4216
121.25 277.5 0.4369
115.25 277.5 0.4153
97.25 277.5 0.3505
65.75 277.5 0.2369
27 277.5 0.0973
1.75 277.5 0.0063
0 277.5 0
0.25 277.5 0.0009
0 277.5 0
0 277.5 0
0 277.5 0
0 277.5 0
0 277.5 0
0 277.5 0
0 277.5 0
0 277.5 0
1 277.5 0.0036
5.75 277.5 0.0207
34.5 277.5 0.1243
74.5 277.5 0.2685
109 277.5 0.3928
126.5 277.5 0.4559
128.75 277.5 0.464
130.25 277.5 0.4694
131.75 277.5 0.4748
125.5 277.5 0.4523
96 277.5 0.3459
53.25 277.5 0.1919
16.75 277.5 0.0604
1.5 277.5 0.0054
0 277.5 0
0 277.5 0
0 277.5 0
0 277.5 0
0 277.5 0
0 277.5 0
0 277.5 0
0 277.5 0
0 277.5 0
0 277.5 0
0.75 277.5 0.0027
2.75 277.5 0.0099
18.5 277.5 0.0667
36.25 277.5 0.1306
56 277.5 0.2018
72.25 277.5 0.2604
82.25 277.5 0.2964
87.25 277.5 0.3144
88.75 277.5 0.3198
87 277.5 0.3135
73.75 277.5 0.2658
48.75 277.5 0.1757
13 277.5 0.0468
0.75 277.5 0.0027
0 277.5 0
0 277.5 0
0 277.5 0
0 277.5 0
0 277.5 0
0 277.5 0
0 277.5 0
0 277.5 0
0 277.5 0
0 277.5 0
0.25 277.5 0.0009
4.75 277.5 0.0171
30.25 277.5 0.109
59.75 277.5 0.2153
95.75 277.5 0.345
124.75 277.5 0.4495
131 277.5 0.4721
137.25 277.5 0.4946
150.5 277.5 0.5423
145.75 277.5 0.5252
120.75 277.5 0.4351
80.5 277.5 0.2901
29.5 277.5 0.1063
1.75 277.5 0.0063
0 277.5 0
0 277.5 0
0 277.5 0
0 277.5 0
0 277.5 0
0 277.5 0
0 277.5 0
0 277.5 0
0 277.5 0
0 277.5 0
0 277.5 0
5.75 277.5 0.0207
27.5 277.5 0.0991
58.5 277.5 0.2108
82 277.5 0.2955
103.25 277.5 0.3721
104.25 277.5 0.3757
94.75 277.5 0.3414
104.5 277.5 0.3766
109 277.5 0.3928
77.75 277.5 0.2802
46.5 277.5 0.1676
15.75 277.5 0.0568
1.75 277.5 0.0063
0 277.5 0
0 277.5 0
0 277.5 0
0 277.5 0
0 277.5 0
0 277.5 0
0 277.5 0
0 277.5 0
0 277.5 0
0 277.5 0
0.25 277.5 0.0009
7 277.5 0.0252
39.25 277.5 0.1414
72.75 277.5 0.2622
99 277.5 0.3568
121.75 277.5 0.4387
142.5 277.5 0.5135
140.5 277.5 0.5063
139.5 277.5 0.5027
127.75 277.5 0.4604
121 277.5 0.436
71.25 277.5 0.2568
34.75 277.5 0.1252
3.25 277.5 0.0117
0 277.5 0
0 277.5 0
0 277.5 0
0 277.5 0
0 277.5 0
0 277.5 0
0 277.5 0
0 277.5 0
0 277.5 0
0 277.5 0
0.25 277.5 0.0009
7 277.5 0.0252
41.75 277.5 0.1505
89.25 277.5 0.3216
129.25 277.5 0.4658
138 277.5 0.4973
137.25 277.5 0.4946
129.25 277.5 0.4658
129 277.5 0.4649
104.25 277.5 0.3757
65 277.5 0.2342
36.75 277.5 0.1324
9.5 277.5 0.0342
1.25 277.5 0.0045
0 277.5 0
0 277.5 0
0 277.5 0
0 277.5 0
0 277.5 0