0 277.5 0
0 277.5 0
0 277.5 0
0 277.5 0
0 277.5 0
0 277.5 0
0 277.5 0
0 277.5 0
6 277.5 0.0216
21.75 277.5 0.0784
41 277.5 0.1477
66.5 277.5 0.2396
68 277.5 0.245
73 277.5 0.2631
52.25 277.5 0.1883
28.25 277.5 0.1018
4.25 277.5 0.0153
0 277.5 0
0 277.5 0
0 277.5 0
0 277.5 0
0 277.5 0
0 277.5 0
0 277.5 0
0 277.5 0
0 277.5 0
0 277.5 0
0 277.5 0
0 277.5 0
0 277.5 0
0 277.5 0
0.5 277.5 0.0018
7.25 277.5 0.0261
21.75 277.5 0.0784
41.5 277.5 0.1495
49 277.5 0.1766
53.75 277.5 0.1937
47.75 277.5 0.1721
26.25 277.5 0.0946
8.5 277.5 0.0306
1 277.5 0.0036
0 277.5 0
0 277.5 0
0 277.5 0
0 277.5 0
0 277.5 0
0 277.5 0
0 277.5 0
0 277.5 0
0 277.5 0
0 277.5 0
0 277.5 0
0 277.5 0
0 277.5 0
0 277.5 0
0 277.5 0
1.25 277.5 0.0045
6.5 277.5 0.0234
23.5 277.5 0.0847
30 277.5 0.1081
26.75 277.5 0.0964
23 277.5 0.0829
20.5 277.5 0.0739
12.5 277.5 0.045
1.5 277.5 0.0054
0 277.5 0
0 277.5 0
0 277.5 0
0 277.5 0
0 277.5 0
0 277.5 0
0 277.5 0
0 277.5 0
0 277.5 0
0 277.5 0
0 277.5 0
0 277.5 0
0 277.5 0
0 277.5 0
0 277.5 0
7.75 277.5 0.0279
40.25 277.5 0.145
66 277.5 0.2378
76.75 277.5 0.2766
65 277.5 0.2342
70.25 277.5 0.2532
53.5 277.5 0.1928
29 277.5 0.1045
5.25 277.5 0.0189
0 277.5 0
0 277.5 0
0 277.5 0
0 277.5 0
0 277.5 0
0 277.5 0
0 277.5 0
0 277.5 0
0 277.5 0
0 277.5 0
0 277.5 0
0 277.5 0
0 277.5 0
0 277.5 0
0 277.5 0
14.25 277.5 0.0514
52.75 277.5 0.1901
76.25 277.5 0.2748
86.75 277.5 0.3126
74.75 277.5 0.2694
68 277.5 0.245
50.75 277.5 0.1829
29 277.5 0.1045
6.25 277.5 0.0225
0.25 277.5 0.0009
0.25 277.5 0.0009
0.25 277.5 0.0009
0.25 277.5 0.0009
0.25 277.5 0.0009
0.25 277.5 0.0009
0.25 277.5 0.0009
0.25 277.5 0.0009
0.25 277.5 0.0009
0.25 277.5 0.0009
0.25 277.5 0.0009
0.25 277.5 0.0009
0.25 277.5 0.0009
0.25 277.5 0.0009
0.5 277.5 0.0018
14.25 277.5 0.0514
54.75 277.5 0.1973
87.5 277.5 0.3153
112.25 277.5 0.4045
110.5 277.5 0.3982
104.5 277.5 0.3766
85.25 277.5 0.3072
47.75 277.5 0.1721
8.75 277.5 0.0315
0.25 277.5 0.0009
0.25 277.5 0.0009
0.25 277.5 0.0009
0.25 277.5 0.0009
0.25 277.5 0.0009
0.25 277.5 0.0009
0.25 277.5 0.0009
0.25 277.5 0.0009
0.25 277.5 0.0009
0.25 277.5 0.0009
0.25 277.5 0.0009
0.25 277.5 0.0009
0.25 277.5 0.0009
0.25 277.5 0.0009
0.25 277.5 0.0009
14 277.5 0.0505
52.25 277.5 0.1883
72.75 277.5 0.2622
82 277.5 0.2955
63.5 277.5 0.2288
54.25 277.5 0.1955
49.25 277.5 0.1775
34.25 277.5 0.1234
5.5 277.5 0.0198
0 277.5 0
0 277.5 0
0 277.5 0
0 277.5 0
0 277.5 0
0 277.5 0
0 277.5 0
0 277.5 0
0 277.5 0
0 277.5 0
0 277.5 0
0 277.5 0
0 277.5 0
0 277.5 0
0.5 277.5 0.0018
5.25 277.5 0.0189
18 277.5 0.0649
33.5 277.5 0.1207
46 277.5 0.1658
50.75 277.5 0.1829
43.75 277.5 0.1577
36.75 277.5 0.1324
20.25 277.5 0.073
3.75 277.5 0.0135
0 277.5 0
0 277.5 0
0 277.5 0
0 277.5 0
0 277.5 0
0 277.5 0
0 277.5 0
0 277.5 0
0 277.5 0
0 277.5 0
0 277.5 0
0 277.5 0
0 277.5 0
0 277.5 0
0.25 277.5 0.0009
5.25 277.5 0.0189
17.5 277.5 0.0631
26.25 277.5 0.0946
40.25 277.5 0.145
44.25 277.5 0.1595
41.5 277.5 0.1495
28.25 277.5 0.1018
13 277.5 0.0468
3 277.5 0.0108
0 277.5 0
0 277.5 0
0 277.5 0
0 277.5 0
0 277.5 0
0 277.5 0
0 277.5 0
0 277.5 0
0 277.5 0
0 277.5 0
0 277.5 0
0 277.5 0
0 277.5 0
0 277.5 0
0 277.5 0
5.5 277.5 0.0198
23.75 277.5 0.0856
46.25 277.5 0.1667
55.25 277.5 0.1991
44.25 277.5 0.1595
27.5 277.5 0.0991
16.5 277.5 0.0595
5.75 277.5 0.0207
1 277.5 0.0036
0 277.5 0
0 277.5 0
0 277.5 0
0 277.5 0
0 277.5 0
0 277.5 0
0 277.5 0
0 277.5 0
0 277.5 0
0 277.5 0
0 277.5 0
0 277.5 0
0 277.5 0
0 277.5 0
0.25 277.5 0.0009
10.75 277.5 0.0387
36.75 277.5 0.1324
62.5 277.5 0.2252
72.25 277.5 0.2604
101.75 277.5 0.3667
84.5 277.5 0.3045
54.5 277.5 0.1964
30.75 277.5 0.1108
3.25 277.5 0.0117
0 277.5 0
0 277.5 0
0 277.5 0
0 277.5 0
0 277.5 0
0 277.5 0
0 277.5 0
0 277.5 0
0 277.5 0
0 277.5 0
0 277.5 0
0 277.5 0
0 277.5 0
0 277.5 0
0 277.5 0
1.5 277.5 0.0054
5.25 277.5 0.0189
8.75 277.5 0.0315
12.75 277.5 0.0459
15.5 277.5 0.0559
22.5 277.5 0.0811
23.25 277.5 0.0838
11 277.5 0.0396
2.5 277.5 0.009
0 277.5 0
0 277.5 0
0 277.5 0
0 277.5 0
0 277.5 0
0 277.5 0
0 277.5 0
0 277.5 0
0 277.5 0
0 277.5 0
0 277.5 0
0 277.5 0
0 277.5 0
0 277.5 0
0 277.5 0
15.5 277.5 0.0559
49.75 277.5 0.1793
92 277.5 0.3315
99 277.5 0.3568
118.25 277.5 0.4261
108 277.5 0.3892
75.75 277.5 0.273
27.75 277.5 0.1
5.5 277.5 0.0198
0 277.5 0
0 277.5 0
0 277.5 0
0 277.5 0
0 277.5 0
0 277.5 0
0 277.5 0
0 277.5 0
0 277.5 0
0 277.5 0
0 277.5 0
0 277.5 0
0 277.5 0
0 277.5 0
0.25 277.5 0.0009
7.25 277.5 0.0261
20.25 277.5 0.073
35.5 277.5 0.1279
46 277.5 0.1658
61 277.5 0.2198
51.5 277.5 0.1856
30 277.5 0.1081
14.5 277.5 0.0523
4.5 277.5 0.0162
0 277.5 0
0 277.5 0
0 277.5 0
0 277.5 0
0 277.5 0
0 277.5 0
0 277.5 0
0 277.5 0
0 277.5 0
0 277.5 0
0 277.5 0
0 277.5 0
0 277.5 0
0 277.5 0
0 277.5 0
13.5 277.5 0.0486
42.75 277.5 0.1541
65.75 277.5 0.2369
63.75 277.5 0.2297
67 277.5 0.2414
56.5 277.5 0.2036
47 277.5 0.1694
30.5 277.5 0.1099
6.5 277.5 0.0234
0 277.5 0
0 277.5 0
0 277.5 0
0 277.5 0
0 277.5 0
0 277.5 0
0 277.5 0
0 277.5 0
0 277.5 0
0 277.5 0
0 277.5 0
0 277.5 0
0 277.5 0
0 277.5 0
0.25 277.5 0.0009
4.75 277.5 0.0171
21.25 277.5 0.0766
44.5 277.5 0.1604
61.5 277.5 0.2216
59.75 277.5 0.2153
38 277.5 0.1369
39.5 277.5 0.1423
16.25 277.5 0.0586
3.25 277.5 0.0117
0 277.5 0
0 277.5 0
0 277.5 0
0 277.5 0
0 277.5 0
0 277.5 0
0 277.5 0
0 277.5 0
0 277.5 0
0 277.5 0
0 277.5 0
0 277.5 0
0 277.5 0
0 277.5 0
0 277.5 0
3.75 277.5 0.0135
17.75 277.5 0.064
24.5 277.5 0.0883
26.5 277.5 0.0955
36.25 277.5 0.1306
40 277.5 0.1441
33.25 277.5 0.1198
20.25 277.5 0.073
5.25 277.5 0.0189
0 277.5 0
0 277.5 0
0 277.5 0
0 277.5 0
0 277.5 0
0 277.5 0
0 277.5 0
0 277.5 0
0 277.5 0
0 277.5 0
0 277.5 0
0 277.5 0
0 277.5 0
0 277.5 0
0 277.5 0
2.75 277.5 0.0099
15.5 277.5 0.0559
33 277.5 0.1189
50.25 277.5 0.1811
52.25 277.5 0.1883
49.25 277.5 0.1775
39.75 277.5 0.1432
21 277.5 0.0757
6.25 277.5 0.0225
0.25 277.5 0.0009
0 277.5 0
0 277.5 0
0 277.5 0
0 277.5 0
0 277.5 0
0 277.5 0
0 277.5 0
0 277.5 0
0 277.5 0
0 277.5 0
0 277.5 0
0 277.5 0
0 277.5 0
0 277.5 0
9.25 277.5 0.0333
32.25 277.5 0.1162
58 277.5 0.209
71 277.5 0.2559
64.25 277.5 0.2315
64 277.5 0.2306
51.25 277.5 0.1847
26.75 277.5 0.0964
6.75 277.5 0.0243
0 277.5 0
0 277.5 0
0 277.5 0
0 277.5 0
0 277.5 0
0 277.5 0
0 277.5 0
0 277.5 0
0 277.5 0
0 277.5 0
0 277.5 0
0 277.5 0
0 277.5 0
0 277.5 0
0 277.5 0
10.5 277.5 0.0378
32.25 277.5 0.1162
57.75 277.5 0.2081
73.5 277.5 0.2649
93.75 277.5 0.3378
88.75 277.5 0.3198
40 277.5 0.1441
36.5 277.5 0.1315
7.25 277.5 0.0261
0.25 277.5 0.0009
0 277.5 0
0 277.5 0
0 277.5 0
0 277.5 0
0 277.5 0
0 277.5 0
0 277.5 0
0 277.5 0
0 277.5 0
0 277.5 0
0 277.5 0
0 277.5 0
0 277.5 0
0.25 277.5 0.0009
10 277.5 0.036
35.5 277.5 0.1279
48.5 277.5 0.1748
63 277.5 0.227
71.5 277.5 0.2577
59.25 277.5 0.2135
47.5 277.5 0.1712
18.5 277.5 0.0667
3 277.5 0.0108
0 277.5 0
0.25 277.5 0.0009
0 277.5 0
0 277.5 0
0 277.5 0
0 277.5 0
0 277.5 0
0 277.5 0
0 277.5 0
0 277.5 0
0 277.5 0
0 277.5 0
0 277.5 0
0 277.5 0
0.25 277.5 0.0009
10.5 277.5 0.0378
28 277.5 0.1009
33.5 277.5 0.1207
40.5 277.5 0.1459
49.5 277.5 0.1784
42.5 277.5 0.1532
34.5 277.5 0.1243
23.25 277.5 0.0838
6.25 277.5 0.0225
0.5 277.5 0.0018
0.25 277.5 0.0009
0 277.5 0
0 277.5 0
0 277.5 0
0 277.5 0
0 277.5 0
0 277.5 0
0 277.5 0
0 277.5 0
0 277.5 0
0 277.5 0
0 277.5 0
0 277.5 0
0.5 277.5 0.0018
7.5 277.5 0.027
26 277.5 0.0937
40.5 277.5 0.1459
52 277.5 0.1874
56.5 277.5 0.2036
48 277.5 0.173
44.25 277.5 0.1595
35.25 277.5 0.127
10.75 277.5 0.0387
0 277.5 0
0 277.5 0
0 277.5 0
0 277.5 0
0 277.5 0
0 277.5 0
0 277.5 0
0 277.5 0
0 277.5 0
0 277.5 0
0 277.5 0
0 277.5 0
0 277.5 0
0 277.5 0
0.5 277.5 0.0018
8.75 277.5 0.0315
33.75 277.5 0.1216
49.75 277.5 0.1793
68.5 277.5 0.2468
71.25 277.5 0.2568
60.25 277.5 0.2171
43 277.5 0.155
25.75 277.5 0.0928
9.75 277.5 0.0351
0 277.5 0
0 277.5 0
0 277.5 0
0 277.5 0
0 277.5 0
0 277.5 0
0 277.5 0
0 277.5 0
0 277.5 0
0 277.5 0
0 277.5 0
0 277.5 0
0 277.5 0
0 277.5 0
1.25 277.5 0.0045
17 277.5 0.0613
34.5 277.5 0.1243
56 277.5 0.2018
69.5 277.5 0.2505
74 277.5 0.2667
69 277.5 0.2486
52 277.5 0.1874
33 277.5 0.1189
9.75 277.5 0.0351
0.5 277.5 0.0018
0.25 277.5 0.0009
0 277.5 0
0 277.5 0
0 277.5 0
0 277.5 0
0 277.5 0
0 277.5 0
0 277.5 0
0 277.5 0
0 277.5 0
0 277.5 0
0 277.5 0
0 277.5 0
0.75 277.5 0.0027
12 277.5 0.0432
39.75 277.5 0.1432
68 277.5 0.245
80 277.5 0.2883
81.25 277.5 0.2928
80.5 277.5 0.2901
69.5 277.5 0.2505
44 277.5 0.1586
12.75 277.5 0.0459
0.5 277.5 0.0018
0 277.5 0
0 277.5 0
0 277.5 0
0 277.5 0
0 277.5 0
0 277.5 0
0 277.5 0
0 277.5 0
0 277.5 0
0 277.5 0
0 277.5 0
0 277.5 0
0 277.5 0
0.25 277.5 0.0009
3.5 277.5 0.0126
21 277.5 0.0757
36.75 277.5 0.1324
50.25 277.5 0.1811
67.75 277.5 0.2441
63.25 277.5 0.2279
45 277.5 0.1622
26.25 277.5 0.0946
7.25 277.5 0.0261
0.25 277.5 0.0009
0 277.5 0
0 277.5 0
0 277.5 0
0 277.5 0
0 277.5 0
0 277.5 0
0 277.5 0
0 277.5 0
0 277.5 0
0 277.5 0
0 277.5 0
0 277.5 0
0 277.5 0
0.25 277.5 0.0009
15.75 277.5 0.0568
40.5 277.5 0.1459
54.5 277.5 0.1964
64.5 277.5 0.2324
66 277.5 0.2378
64.25 277.5 0.2315
51.25 277.5 0.1847
13.5 277.5 0.0486
9 277.5 0.0324
0.5 277.5 0.0018
0 277.5 0
0 277.5 0
0 277.5 0
0 277.5 0
0 277.5 0
0 277.5 0
0 277.5 0
0 277.5 0
0 277.5 0
0 277.5 0
0 277.5 0
0 277.5 0
0 277.5 0
0.75 277.5 0.0027
5.75 277.5 0.0207
18.75 277.5 0.0676
41 277.5 0.1477
61.25 277.5 0.2207
60.75 277.5 0.2189
61.25 277.5 0.2207
58.5 277.5 0.2108
37 277.5 0.1333
13.25 277.5 0.0477
0.25 277.5 0.0009
0 277.5 0
0 277.5 0
0 277.5 0
0 277.5 0
0 277.5 0
0 277.5 0
0 277.5 0
0 277.5 0
0 277.5 0
0 277.5 0
0 277.5 0
0 277.5 0
0 277.5 0
0.5 277.5 0.0018
8.5 277.5 0.0306
37.5 277.5 0.1351
52.5 277.5 0.1892
66.25 277.5 0.2387
81.25 277.5 0.2928
95.5 277.5 0.3441
77.75 277.5 0.2802
48 277.5 0.173
14 277.5 0.0505
0.75 277.5 0.0027
0 277.5 0
0 277.5 0
0 277.5 0
0 277.5 0
0 277.5 0
0 277.5 0
0 277.5 0
0 277.5 0
0 277.5 0
0 277.5 0
0 277.5 0
0 277.5 0
0.25 277.5 0.0009
0.5 277.5 0.0018
7.25 277.5 0.0261
22.5 277.5 0.0811
34.75 277.5 0.1252
45.5 277.5 0.164
53 277.5 0.191
42.25 277.5 0.1523
36 277.5 0.1297
28.25 277.5 0.1018
7.25 277.5 0.0261
0.5 277.5 0.0018
0 277.5 0
0 277.5 0
0 277.5 0
0 277.5 0
0 277.5 0
0 277.5 0