0 277.5 0
0 277.5 0
0 277.5 0
0 277.5 0
0 277.5 0
0 277.5 0
0.75 277.5 0.0027
10.5 277.5 0.0378
51.25 277.5 0.1847
80.5 277.5 0.2901
92 277.5 0.3315
98 277.5 0.3532
102 277.5 0.3676
76.75 277.5 0.2766
57.75 277.5 0.2081
34.75 277.5 0.1252
8.25 277.5 0.0297
0 277.5 0
0.25 277.5 0.0009
0 277.5 0
0 277.5 0
0 277.5 0
0 277.5 0
0 277.5 0
0 277.5 0
0 277.5 0
0 277.5 0
0 277.5 0
0 277.5 0
0 277.5 0
0.5 277.5 0.0018
8.5 277.5 0.0306
38.75 277.5 0.1396
63.5 277.5 0.2288
71.5 277.5 0.2577
71 277.5 0.2559
74.25 277.5 0.2676
61.75 277.5 0.2225
48 277.5 0.173
29 277.5 0.1045
9 277.5 0.0324
0 277.5 0
0 277.5 0
0 277.5 0
0 277.5 0
0.25 277.5 0.0009
0 277.5 0
0 277.5 0
0 277.5 0
0 277.5 0
0 277.5 0
0 277.5 0
0 277.5 0
0 277.5 0
0.75 277.5 0.0027
9.25 277.5 0.0333
48.25 277.5 0.1739
94 277.5 0.3387
128.25 277.5 0.4622
115.75 277.5 0.4171
122.25 277.5 0.4405
137 277.5 0.4937
112.75 277.5 0.4063
63.75 277.5 0.2297
13.75 277.5 0.0495
0 277.5 0
0 277.5 0
0.25 277.5 0.0009
0 277.5 0
0 277.5 0
0 277.5 0
0 277.5 0
0 277.5 0
0 277.5 0
0 277.5 0
0 277.5 0
0 277.5 0
0 277.5 0
0 277.5 0
10.25 277.5 0.0369
63.75 277.5 0.2297
104.75 277.5 0.3775
121.75 277.5 0.4387
144.5 277.5 0.5207
139 277.5 0.5009
138.25 277.5 0.4982
103.25 277.5 0.3721
66.75 277.5 0.2405
22.5 277.5 0.0811
14.75 277.5 0.0532
3.5 277.5 0.0126
0 277.5 0
0 277.5 0
0 277.5 0
0 277.5 0
0 277.5 0
0 277.5 0
0 277.5 0
0 277.5 0
0 277.5 0
0 277.5 0
0 277.5 0
0.75 277.5 0.0027
6.25 277.5 0.0225
30 277.5 0.1081
59.25 277.5 0.2135
74.5 277.5 0.2685
80.25 277.5 0.2892
90.75 277.5 0.327
77 277.5 0.2775
56.75 277.5 0.2045
29.5 277.5 0.1063
7.5 277.5 0.027
0.25 277.5 0.0009
0 277.5 0
0 277.5 0
0 277.5 0
0 277.5 0
0 277.5 0
0 277.5 0
0 277.5 0
0 277.5 0
0 277.5 0
0 277.5 0
0 277.5 0
0 277.5 0
0.5 277.5 0.0018
5.75 277.5 0.0207
30.5 277.5 0.1099
48.5 277.5 0.1748
66.25 277.5 0.2387
86.5 277.5 0.3117
101.25 277.5 0.3649
100.25 277.5 0.3613
60 277.5 0.2162
54 277.5 0.1946
9.75 277.5 0.0351
0 277.5 0
0 277.5 0
0 277.5 0
0 277.5 0
0 277.5 0
0 277.5 0
0 277.5 0
0 277.5 0
0 277.5 0
0 277.5 0
0 277.5 0
0 277.5 0
0 277.5 0
1.25 277.5 0.0045
10.75 277.5 0.0387
57.25 277.5 0.2063
87 277.5 0.3135
107.75 277.5 0.3883
105.75 277.5 0.3811
91.25 277.5 0.3288
114.75 277.5 0.4135
80.5 277.5 0.2901
58.25 277.5 0.2099
11.75 277.5 0.0423
0 277.5 0
0 277.5 0
0 277.5 0
0 277.5 0
0 277.5 0
0 277.5 0
0 277.5 0
0 277.5 0
0 277.5 0
0 277.5 0
0 277.5 0
0 277.5 0
0 277.5 0
1 277.5 0.0036
11.75 277.5 0.0423
61.5 277.5 0.2216
109.25 277.5 0.3937
138 277.5 0.4973
148.75 277.5 0.536
148 277.5 0.5333
133.5 277.5 0.4811
110.25 277.5 0.3973
58.25 277.5 0.2099
13.75 277.5 0.0495
0 277.5 0
0 277.5 0
0 277.5 0
0 277.5 0
0 277.5 0
0 277.5 0
0 277.5 0
0 277.5 0
0 277.5 0
0 277.5 0
0 277.5 0
0 277.5 0
0 277.5 0
0.5 277.5 0.0018
7 277.5 0.0252
39 277.5 0.1405
58.25 277.5 0.2099
65.5 277.5 0.236
77 277.5 0.2775
69.5 277.5 0.2505
55.5 277.5 0.2
45 277.5 0.1622
21 277.5 0.0757
3.25 277.5 0.0117
0 277.5 0
0 277.5 0
0 277.5 0
0 277.5 0
0 277.5 0
0 277.5 0
0 277.5 0
0 277.5 0
0 277.5 0
0 277.5 0
0 277.5 0
0 277.5 0
0 277.5 0
0 277.5 0
9.5 277.5 0.0342
58.25 277.5 0.2099
117.25 277.5 0.4225
141.75 277.5 0.5108
123.25 277.5 0.4441
116.5 277.5 0.4198
100.75 277.5 0.3631
71.25 277.5 0.2568
36.75 277.5 0.1324
11 277.5 0.0396
0 277.5 0
0 277.5 0
0 277.5 0
0 277.5 0
0.25 277.5 0.0009
0 277.5 0
0 277.5 0
0 277.5 0
0 277.5 0
0 277.5 0
0 277.5 0
0 277.5 0
0 277.5 0
0.25 277.5 0.0009
13.5 277.5 0.0486
69 277.5 0.2486
114.5 277.5 0.4126
132 277.5 0.4757
145.25 277.5 0.5234
135.25 277.5 0.4874
106 277.5 0.382
108 277.5 0.3892
52 277.5 0.1874
11.5 277.5 0.0414
0 277.5 0
0 277.5 0
0 277.5 0
0 277.5 0
0 277.5 0
0 277.5 0
0 277.5 0
0 277.5 0
0 277.5 0
0 277.5 0
0 277.5 0
0 277.5 0
0 277.5 0
0.25 277.5 0.0009
3.25 277.5 0.0117
38 277.5 0.1369
79.25 277.5 0.2856
78.75 277.5 0.2838
85.5 277.5 0.3081
81.5 277.5 0.2937
67.25 277.5 0.2423
51 277.5 0.1838
23.5 277.5 0.0847
4.75 277.5 0.0171
1.25 277.5 0.0045
1.25 277.5 0.0045
1.25 277.5 0.0045
1.25 277.5 0.0045
1.25 277.5 0.0045
1.25 277.5 0.0045
1.25 277.5 0.0045
1.25 277.5 0.0045
1.25 277.5 0.0045
1.25 277.5 0.0045
1.25 277.5 0.0045
1.25 277.5 0.0045
1.25 277.5 0.0045
1.25 277.5 0.0045
6 277.5 0.0216
31 277.5 0.1117
54 277.5 0.1946
68.25 277.5 0.2459
82 277.5 0.2955
77.75 277.5 0.2802
78.25 277.5 0.282
52.75 277.5 0.1901
38.25 277.5 0.1378
6.75 277.5 0.0243
1.25 277.5 0.0045
1.5 277.5 0.0054
1.25 277.5 0.0045
1.25 277.5 0.0045
1.25 277.5 0.0045
1.25 277.5 0.0045
1.25 277.5 0.0045
1.25 277.5 0.0045
1.25 277.5 0.0045
1.25 277.5 0.0045
1.25 277.5 0.0045
1.25 277.5 0.0045
1.25 277.5 0.0045
2.5 277.5 0.009
8.5 277.5 0.0306
39.5 277.5 0.1423
90.75 277.5 0.327
113 277.5 0.4072
129.5 277.5 0.4667
135 277.5 0.4865
98.5 277.5 0.355
78.25 277.5 0.282
43.25 277.5 0.1559
6.75 277.5 0.0243
0 277.5 0
0 277.5 0
0 277.5 0
0 277.5 0
0 277.5 0
0 277.5 0
0 277.5 0
0 277.5 0
0 277.5 0
0 277.5 0
0 277.5 0
0 277.5 0
0 277.5 0
0.25 277.5 0.0009
7.75 277.5 0.0279
46.75 277.5 0.1685
72.5 277.5 0.2613
95.5 277.5 0.3441
109.75 277.5 0.3955
105.5 277.5 0.3802
76.75 277.5 0.2766
55.75 277.5 0.2009
26.25 277.5 0.0946
3 277.5 0.0108
0 277.5 0
0 277.5 0
0 277.5 0
0 277.5 0
0 277.5 0
0 277.5 0
0 277.5 0
0 277.5 0
0 277.5 0
0 277.5 0
0 277.5 0
0 277.5 0
0 277.5 0
0.25 277.5 0.0009
3.75 277.5 0.0135
35.25 277.5 0.127
44.5 277.5 0.1604
70.25 277.5 0.2532
83.5 277.5 0.3009
79.25 277.5 0.2856
79 277.5 0.2847
59 277.5 0.2126
31.5 277.5 0.1135
4.75 277.5 0.0171
0 277.5 0
0 277.5 0
0 277.5 0
0 277.5 0
0 277.5 0
0 277.5 0
0 277.5 0
0 277.5 0
0 277.5 0
0 277.5 0
0 277.5 0
0 277.5 0
0 277.5 0
0 277.5 0
5.5 277.5 0.0198
40.5 277.5 0.1459
95.75 277.5 0.345
133.25 277.5 0.4802
146.75 277.5 0.5288
121.5 277.5 0.4378
112.75 277.5 0.4063
90 277.5 0.3243
33.75 277.5 0.1216
2.5 277.5 0.009
0.25 277.5 0.0009
0.25 277.5 0.0009
0.25 277.5 0.0009
0.25 277.5 0.0009
0.25 277.5 0.0009
0.25 277.5 0.0009
0 277.5 0
0 277.5 0
0 277.5 0
0 277.5 0
0 277.5 0
0 277.5 0
0 277.5 0
0.5 277.5 0.0018
4 277.5 0.0144
19.75 277.5 0.0712
44.75 277.5 0.1613
68.5 277.5 0.2468
61.75 277.5 0.2225
60.5 277.5 0.218
56 277.5 0.2018
48.25 277.5 0.1739
23.5 277.5 0.0847
3 277.5 0.0108
0 277.5 0
0 277.5 0
0 277.5 0
0 277.5 0
0 277.5 0
0 277.5 0
0 277.5 0
0 277.5 0
0 277.5 0
0 277.5 0
0 277.5 0
0 277.5 0
0 277.5 0
0 277.5 0
3.5 277.5 0.0126
32.5 277.5 0.1171
78.75 277.5 0.2838
92.5 277.5 0.3333
111.25 277.5 0.4009
114 277.5 0.4108
105.25 277.5 0.3793
74.75 277.5 0.2694
25.75 277.5 0.0928
3.5 277.5 0.0126
0 277.5 0
0 277.5 0
0 277.5 0
0 277.5 0
0 277.5 0
0 277.5 0
0 277.5 0
0 277.5 0
0 277.5 0
0 277.5 0
0 277.5 0
0 277.5 0
0 277.5 0
0 277.5 0
4 277.5 0.0144
31.25 277.5 0.1126
69.25 277.5 0.2495
80 277.5 0.2883
93.75 277.5 0.3378
101.25 277.5 0.3649
112 277.5 0.4036
79.25 277.5 0.2856
49.75 277.5 0.1793
8 277.5 0.0288
0 277.5 0
0 277.5 0
0 277.5 0
0 277.5 0
0 277.5 0
0 277.5 0
0 277.5 0
0 277.5 0
0 277.5 0
0 277.5 0
0 277.5 0
0 277.5 0
0 277.5 0
0.25 277.5 0.0009
3.25 277.5 0.0117
23.25 277.5 0.0838
50.75 277.5 0.1829
85.75 277.5 0.309
102 277.5 0.3676
111 277.5 0.4
91.75 277.5 0.3306
69 277.5 0.2486
25.5 277.5 0.0919
3.5 277.5 0.0126
0 277.5 0
0 277.5 0
0.25 277.5 0.0009
0 277.5 0
0 277.5 0
0 277.5 0
0 277.5 0
0 277.5 0
0 277.5 0
0 277.5 0
0 277.5 0
0 277.5 0
0 277.5 0
0.25 277.5 0.0009
3.5 277.5 0.0126
38.75 277.5 0.1396
82 277.5 0.2955
123.25 277.5 0.4441
147.5 277.5 0.5315
140 277.5 0.5045
130.25 277.5 0.4694
91 277.5 0.3279
46.75 277.5 0.1685
4.75 277.5 0.0171
0.25 277.5 0.0009
0 277.5 0
0 277.5 0
0 277.5 0
0 277.5 0
0 277.5 0
0 277.5 0
0 277.5 0
0 277.5 0
0 277.5 0
0 277.5 0
0 277.5 0
0 277.5 0
0.25 277.5 0.0009
2.5 277.5 0.009
28.5 277.5 0.1027
71.25 277.5 0.2568
110.25 277.5 0.3973
131.5 277.5 0.4739
126.75 277.5 0.4568
112.75 277.5 0.4063
79.75 277.5 0.2874
42.25 277.5 0.1523
4.5 277.5 0.0162
0.25 277.5 0.0009
0 277.5 0
0 277.5 0
0 277.5 0
0 277.5 0
0 277.5 0
0 277.5 0
0 277.5 0
0 277.5 0
0 277.5 0
0 277.5 0
0 277.5 0
0 277.5 0
0 277.5 0
2.5 277.5 0.009
32.75 277.5 0.118
95.75 277.5 0.345
107.5 277.5 0.3874
107.25 277.5 0.3865
99.25 277.5 0.3577
78.25 277.5 0.282
56.5 277.5 0.2036
32.25 277.5 0.1162
4 277.5 0.0144
0 277.5 0
0.25 277.5 0.0009
0 277.5 0
0 277.5 0
0 277.5 0
0 277.5 0
0 277.5 0
0 277.5 0
0 277.5 0
0 277.5 0
0 277.5 0
0 277.5 0
0 277.5 0
0.25 277.5 0.0009
1 277.5 0.0036
10.75 277.5 0.0387
35.75 277.5 0.1288
55.75 277.5 0.2009
70.5 277.5 0.2541
71 277.5 0.2559
70.25 277.5 0.2532
52.25 277.5 0.1883
22.75 277.5 0.082
2.25 277.5 0.0081
0 277.5 0
0 277.5 0
0 277.5 0
0 277.5 0
0 277.5 0
0 277.5 0
0 277.5 0
0 277.5 0
0 277.5 0
0 277.5 0
0 277.5 0
0 277.5 0
0 277.5 0
0 277.5 0
1.25 277.5 0.0045
12.75 277.5 0.0459
34.5 277.5 0.1243
51.25 277.5 0.1847
53.5 277.5 0.1928
57.5 277.5 0.2072
56.5 277.5 0.2036
42.25 277.5 0.1523
12.5 277.5 0.045
1.25 277.5 0.0045
0 277.5 0
0 277.5 0
0 277.5 0
0 277.5 0
0 277.5 0
0 277.5 0
0 277.5 0
0 277.5 0
0 277.5 0
0 277.5 0
0 277.5 0
0 277.5 0
0 277.5 0
0 277.5 0
1.25 277.5 0.0045
15.75 277.5 0.0568
55.75 277.5 0.2009
80.25 277.5 0.2892
86.75 277.5 0.3126
84.75 277.5 0.3054
71.5 277.5 0.2577
38.75 277.5 0.1396
9.75 277.5 0.0351
0.5 277.5 0.0018
0 277.5 0
0 277.5 0
0 277.5 0
0 277.5 0
0 277.5 0
0 277.5 0
0 277.5 0
0 277.5 0
0 277.5 0
0 277.5 0
0 277.5 0
0 277.5 0
0 277.5 0
0 277.5 0
1.25 277.5 0.0045
23.5 277.5 0.0847
55.75 277.5 0.2009
81.25 277.5 0.2928
104.5 277.5 0.3766
105.75 277.5 0.3811
100.5 277.5 0.3622
78.25 277.5 0.282
31.25 277.5 0.1126
4.75 277.5 0.0171
0 277.5 0
0 277.5 0
0 277.5 0
0 277.5 0
0 277.5 0
0 277.5 0
0 277.5 0
0 277.5 0
0 277.5 0
0 277.5 0
0 277.5 0
0 277.5 0
0 277.5 0
0 277.5 0
2.25 277.5 0.0081
30.25 277.5 0.109
78.25 277.5 0.282
104.75 277.5 0.3775
117.5 277.5 0.4234
92.75 277.5 0.3342
111.25 277.5 0.4009
78.75 277.5 0.2838
33 277.5 0.1189
3.75 277.5 0.0135
0 277.5 0
0 277.5 0
0 277.5 0
0 277.5 0
0 277.5 0
0 277.5 0
0 277.5 0
0 277.5 0
0 277.5 0
0 277.5 0
0 277.5 0
0 277.5 0
0 277.5 0
0 277.5 0
1.5 277.5 0.0054
24.25 277.5 0.0874
44.25 277.5 0.1595
63.25 277.5 0.2279
81.25 277.5 0.2928
66.25 277.5 0.2387
66.5 277.5 0.2396
60.25 277.5 0.2171
29 277.5 0.1045
3 277.5 0.0108
0 277.5 0
0 277.5 0
0 277.5 0
0 277.5 0
0 277.5 0
0 277.5 0
0 277.5 0