0 277.5 0
0 277.5 0
0 277.5 0
0 277.5 0
0 277.5 0
0.5 277.5 0.0018
4.25 277.5 0.0153
31 277.5 0.1117
61.25 277.5 0.2207
99.75 277.5 0.3595
116.75 277.5 0.4207
127.75 277.5 0.4604
135.25 277.5 0.4874
136.75 277.5 0.4928
128 277.5 0.4613
91.75 277.5 0.3306
67.75 277.5 0.2441
30.75 277.5 0.1108
3.25 277.5 0.0117
0 277.5 0
0 277.5 0
0 277.5 0
0 277.5 0
0 277.5 0
0 277.5 0
0 277.5 0
0 277.5 0
0 277.5 0
0 277.5 0
0.5 277.5 0.0018
9 277.5 0.0324
56.75 277.5 0.2045
123.25 277.5 0.4441
181 277.5 0.6523
173 277.5 0.6234
159.25 277.5 0.5739
153.5 277.5 0.5532
150.75 277.5 0.5432
132.5 277.5 0.4775
106.5 277.5 0.3838
83.25 277.5 0.3
30.75 277.5 0.1108
2.75 277.5 0.0099
0 277.5 0
0 277.5 0
0 277.5 0
0 277.5 0
0 277.5 0
0 277.5 0
0 277.5 0
0 277.5 0
0 277.5 0
0 277.5 0
0.75 277.5 0.0027
5 277.5 0.018
30.75 277.5 0.1108
59.75 277.5 0.2153
81.25 277.5 0.2928
109.75 277.5 0.3955
131.25 277.5 0.473
106.75 277.5 0.3847
90.25 277.5 0.3252
68.5 277.5 0.2468
51 277.5 0.1838
29.5 277.5 0.1063
10.75 277.5 0.0387
0.75 277.5 0.0027
0 277.5 0
0 277.5 0
0 277.5 0
0 277.5 0
0 277.5 0
0 277.5 0
0 277.5 0
0 277.5 0
0 277.5 0
0 277.5 0
0.5 277.5 0.0018
4 277.5 0.0144
26.25 277.5 0.0946
63.25 277.5 0.2279
92.25 277.5 0.3324
101.5 277.5 0.3658
124.5 277.5 0.4486
114.25 277.5 0.4117
102.25 277.5 0.3685
91 277.5 0.3279
84 277.5 0.3027
49.5 277.5 0.1784
20.75 277.5 0.0748
2.5 277.5 0.009
0 277.5 0
0 277.5 0
0 277.5 0
0 277.5 0
0 277.5 0
0 277.5 0
0 277.5 0
0 277.5 0
0 277.5 0
0 277.5 0
1 277.5 0.0036
8.5 277.5 0.0306
45.75 277.5 0.1649
88 277.5 0.3171
120.5 277.5 0.4342
128.25 277.5 0.4622
148.25 277.5 0.5342
159.75 277.5 0.5757
152 277.5 0.5477
149 277.5 0.5369
125.25 277.5 0.4514
72 277.5 0.2595
26.75 277.5 0.0964
3.25 277.5 0.0117
0.25 277.5 0.0009
0.25 277.5 0.0009
0.25 277.5 0.0009
0.25 277.5 0.0009
0.25 277.5 0.0009
0.25 277.5 0.0009
0.25 277.5 0.0009
0.25 277.5 0.0009
0.25 277.5 0.0009
0.25 277.5 0.0009
1 277.5 0.0036
9.5 277.5 0.0342
40.5 277.5 0.1459
61.75 277.5 0.2225
72 277.5 0.2595
85.25 277.5 0.3072
100.75 277.5 0.3631
91.75 277.5 0.3306
62.75 277.5 0.2261
51.75 277.5 0.1865
50.5 277.5 0.182
43 277.5 0.155
15.5 277.5 0.0559
2 277.5 0.0072
0.25 277.5 0.0009
0.25 277.5 0.0009
0 277.5 0
0 277.5 0
0 277.5 0
0 277.5 0
0 277.5 0
0 277.5 0
0 277.5 0
0 277.5 0
0.5 277.5 0.0018
8 277.5 0.0288
34.5 277.5 0.1243
76 277.5 0.2739
98.25 277.5 0.3541
114.5 277.5 0.4126
122 277.5 0.4396
121.75 277.5 0.4387
119.5 277.5 0.4306
107.5 277.5 0.3874
86.5 277.5 0.3117
59.25 277.5 0.2135
26 277.5 0.0937
3.5 277.5 0.0126
0 277.5 0
0 277.5 0
0 277.5 0
0 277.5 0
0 277.5 0
0 277.5 0
0 277.5 0
0 277.5 0
0 277.5 0
0 277.5 0
0.25 277.5 0.0009
9.5 277.5 0.0342
43.75 277.5 0.1577
98.75 277.5 0.3559
121.75 277.5 0.4387
133 277.5 0.4793
136.25 277.5 0.491
110.75 277.5 0.3991
93.25 277.5 0.336
89.75 277.5 0.3234
99.25 277.5 0.3577
67 277.5 0.2414
32.25 277.5 0.1162
4.5 277.5 0.0162
0.25 277.5 0.0009
0 277.5 0
0 277.5 0
0 277.5 0
0 277.5 0
0 277.5 0
0 277.5 0
0 277.5 0
0 277.5 0
0.25 277.5 0.0009
0.75 277.5 0.0027
8.5 277.5 0.0306
35 277.5 0.1261
75 277.5 0.2703
113.75 277.5 0.4099
124.5 277.5 0.4486
128 277.5 0.4613
111.5 277.5 0.4018
99 277.5 0.3568
113.25 277.5 0.4081
102 277.5 0.3676
73.5 277.5 0.2649
31.25 277.5 0.1126
5.25 277.5 0.0189
0 277.5 0
0 277.5 0
0 277.5 0
0 277.5 0
0 277.5 0
0 277.5 0
0 277.5 0
0 277.5 0
0 277.5 0
0 277.5 0
0.25 277.5 0.0009
14.5 277.5 0.0523
56.25 277.5 0.2027
110.5 277.5 0.3982
150.5 277.5 0.5423
155 277.5 0.5586
159.75 277.5 0.5757
151 277.5 0.5441
135.25 277.5 0.4874
123.25 277.5 0.4441
94.75 277.5 0.3414
64.5 277.5 0.2324
35 277.5 0.1261
4.5 277.5 0.0162
0.25 277.5 0.0009
0.25 277.5 0.0009
0.25 277.5 0.0009
0.25 277.5 0.0009
0.25 277.5 0.0009
0.25 277.5 0.0009
0.25 277.5 0.0009
0.25 277.5 0.0009
0.25 277.5 0.0009
0.25 277.5 0.0009
0.5 277.5 0.0018
13.75 277.5 0.0495
55.5 277.5 0.2
94.5 277.5 0.3405
108.75 277.5 0.3919
102.25 277.5 0.3685
122.75 277.5 0.4423
115.75 277.5 0.4171
112.5 277.5 0.4054
99.25 277.5 0.3577
76.75 277.5 0.2766
52.25 277.5 0.1883
23.25 277.5 0.0838
3.5 277.5 0.0126
0 277.5 0
0 277.5 0
0 277.5 0
0 277.5 0
0 277.5 0
0 277.5 0
0 277.5 0
0 277.5 0
0 277.5 0
0 277.5 0
0.25 277.5 0.0009
6.25 277.5 0.0225
28.25 277.5 0.1018
57 277.5 0.2054
74 277.5 0.2667
91.75 277.5 0.3306
104.25 277.5 0.3757
94 277.5 0.3387
82.75 277.5 0.2982
74 277.5 0.2667
69.75 277.5 0.2514
48.5 277.5 0.1748
23.5 277.5 0.0847
4.25 277.5 0.0153
0 277.5 0
0 277.5 0
0 277.5 0
0 277.5 0
0 277.5 0
0 277.5 0
0 277.5 0
0 277.5 0
0 277.5 0
0.75 277.5 0.0027
1.25 277.5 0.0045
15 277.5 0.0541
37.75 277.5 0.136
70 277.5 0.2523
131.75 277.5 0.4748
122 277.5 0.4396
123 277.5 0.4432
119.5 277.5 0.4306
88 277.5 0.3171
69.5 277.5 0.2505
91.5 277.5 0.3297
52.25 277.5 0.1883
22.25 277.5 0.0802
3 277.5 0.0108
0.25 277.5 0.0009
0.25 277.5 0.0009
0 277.5 0
0 277.5 0
0 277.5 0
0 277.5 0
0 277.5 0
0 277.5 0
0 277.5 0
0 277.5 0
0.5 277.5 0.0018
10.75 277.5 0.0387
35 277.5 0.1261
67.75 277.5 0.2441
79 277.5 0.2847
113.75 277.5 0.4099
123.5 277.5 0.445
112.5 277.5 0.4054
90.5 277.5 0.3261
73.5 277.5 0.2649
45.25 277.5 0.1631
66.75 277.5 0.2405
33 277.5 0.1189
11.75 277.5 0.0423
8.25 277.5 0.0297
8.25 277.5 0.0297
8.25 277.5 0.0297
8.25 277.5 0.0297
8.25 277.5 0.0297
8.25 277.5 0.0297
8.25 277.5 0.0297
8.25 277.5 0.0297
8.25 277.5 0.0297
0.75 277.5 0.0027
1 277.5 0.0036
14 277.5 0.0505
34.5 277.5 0.1243
69.75 277.5 0.2514
85.5 277.5 0.3081
107 277.5 0.3856
104 277.5 0.3748
93.75 277.5 0.3378
88 277.5 0.3171
99.25 277.5 0.3577
94.25 277.5 0.3396
65.5 277.5 0.236
26.75 277.5 0.0964
3.25 277.5 0.0117
0 277.5 0
0 277.5 0
0 277.5 0
0 277.5 0
0 277.5 0
0 277.5 0
0 277.5 0
0 277.5 0
0 277.5 0
0 277.5 0
4.75 277.5 0.0171
12.75 277.5 0.0459
41 277.5 0.1477
79.25 277.5 0.2856
109.25 277.5 0.3937
120.75 277.5 0.4351
99.5 277.5 0.3586
100.25 277.5 0.3613
96.25 277.5 0.3468
73.5 277.5 0.2649
70 277.5 0.2523
38.25 277.5 0.1378
16 277.5 0.0577
2.5 277.5 0.009
0 277.5 0
0 277.5 0
0 277.5 0
0 277.5 0
0 277.5 0
0 277.5 0
0 277.5 0
0 277.5 0
0 277.5 0
0.25 277.5 0.0009
0.75 277.5 0.0027
13.5 277.5 0.0486
50.5 277.5 0.182
100.5 277.5 0.3622
115.5 277.5 0.4162
142 277.5 0.5117
148.75 277.5 0.536
164 277.5 0.591
171.75 277.5 0.6189
162.75 277.5 0.5865
143.75 277.5 0.518
101 277.5 0.364
35.75 277.5 0.1288
5.25 277.5 0.0189
0 277.5 0
0 277.5 0
0 277.5 0
0 277.5 0
0 277.5 0
0 277.5 0
0 277.5 0
0 277.5 0
0 277.5 0
0 277.5 0
1.25 277.5 0.0045
18.5 277.5 0.0667
53.5 277.5 0.1928
87.75 277.5 0.3162
118 277.5 0.4252
137 277.5 0.4937
132.5 277.5 0.4775
174.25 277.5 0.6279
170.5 277.5 0.6144
142.75 277.5 0.5144
144.75 277.5 0.5216
91 277.5 0.3279
37 277.5 0.1333
6 277.5 0.0216
0 277.5 0
0 277.5 0
0 277.5 0
0 277.5 0
0 277.5 0
0 277.5 0
0 277.5 0
0 277.5 0
0 277.5 0
0 277.5 0
1 277.5 0.0036
12 277.5 0.0432
44.25 277.5 0.1595
77 277.5 0.2775
113.25 277.5 0.4081
129 277.5 0.4649
134.75 277.5 0.4856
142.75 277.5 0.5144
137.75 277.5 0.4964
124 277.5 0.4468
110.5 277.5 0.3982
74.5 277.5 0.2685
32.25 277.5 0.1162
5.5 277.5 0.0198
0 277.5 0
0 277.5 0
0 277.5 0
0 277.5 0
0 277.5 0
0 277.5 0
0 277.5 0
0 277.5 0
0 277.5 0
0 277.5 0
0.5 277.5 0.0018
13.25 277.5 0.0477
29.5 277.5 0.1063
58.75 277.5 0.2117
133 277.5 0.4793
160.25 277.5 0.5775
157 277.5 0.5658
150.5 277.5 0.5423
155 277.5 0.5586
147.75 277.5 0.5324
135.75 277.5 0.4892
90 277.5 0.3243
42.75 277.5 0.1541
10 277.5 0.036
5.25 277.5 0.0189
5.5 277.5 0.0198
5.5 277.5 0.0198
10.5 277.5 0.0378
12.25 277.5 0.0441
8.5 277.5 0.0306
5.75 277.5 0.0207
3.5 277.5 0.0126
2.75 277.5 0.0099
2.75 277.5 0.0099
3.75 277.5 0.0135
26 277.5 0.0937
72.5 277.5 0.2613
121.25 277.5 0.4369
159.25 277.5 0.5739
179 277.5 0.645
183.75 277.5 0.6622
183 277.5 0.6595
153.75 277.5 0.5541
159 277.5 0.573
139.5 277.5 0.5027
93.5 277.5 0.3369
38.5 277.5 0.1387
15.5 277.5 0.0559
8.5 277.5 0.0306
5.75 277.5 0.0207
3.75 277.5 0.0135
3.25 277.5 0.0117
3.25 277.5 0.0117
1 277.5 0.0036
0.75 277.5 0.0027
0.75 277.5 0.0027
0.75 277.5 0.0027
0.75 277.5 0.0027
2 277.5 0.0072
34.5 277.5 0.1243
70.75 277.5 0.255
117.75 277.5 0.4243
137.75 277.5 0.4964
138.25 277.5 0.4982
128.75 277.5 0.464
136 277.5 0.4901
142 277.5 0.5117
146.5 277.5 0.5279
142.5 277.5 0.5135
100.25 277.5 0.3613
40.75 277.5 0.1468
15 277.5 0.0541
13.75 277.5 0.0495
15.25 277.5 0.055
19.25 277.5 0.0694
20.75 277.5 0.0748
20.75 277.5 0.0748
22.75 277.5 0.082
23.5 277.5 0.0847
25 277.5 0.0901
25 277.5 0.0901
22.25 277.5 0.0802
3.25 277.5 0.0117
18.5 277.5 0.0667
58.25 277.5 0.2099
96.25 277.5 0.3468
137.25 277.5 0.4946
165.25 277.5 0.5955
167.75 277.5 0.6045
162.25 277.5 0.5847
144.5 277.5 0.5207
107.25 277.5 0.3865
107 277.5 0.3856
80.25 277.5 0.2892
36.25 277.5 0.1306
6.5 277.5 0.0234
0 277.5 0
0 277.5 0
0 277.5 0
0 277.5 0
0 277.5 0
0 277.5 0
0 277.5 0
0 277.5 0
0 277.5 0
0 277.5 0
2 277.5 0.0072
22 277.5 0.0793
77.75 277.5 0.2802
129 277.5 0.4649
164.75 277.5 0.5937
187.5 277.5 0.6757
177.5 277.5 0.6396
177.75 277.5 0.6405
151.5 277.5 0.5459
147.75 277.5 0.5324
123.25 277.5 0.4441
90.25 277.5 0.3252
42.5 277.5 0.1532
7 277.5 0.0252
0 277.5 0
0 277.5 0
0 277.5 0
0 277.5 0
0 277.5 0
0 277.5 0
0 277.5 0
0 277.5 0
0 277.5 0
0 277.5 0
1.25 277.5 0.0045
17 277.5 0.0613
54.75 277.5 0.1973
87.25 277.5 0.3144
93.75 277.5 0.3378
120.5 277.5 0.4342
138.75 277.5 0.5
144.5 277.5 0.5207
140.75 277.5 0.5072
124.25 277.5 0.4477
112 277.5 0.4036
65.25 277.5 0.2351
32 277.5 0.1153
8.75 277.5 0.0315
0 277.5 0
0 277.5 0
0 277.5 0
0 277.5 0
0 277.5 0
0 277.5 0
0 277.5 0
0 277.5 0
0 277.5 0
0 277.5 0
0.75 277.5 0.0027
14.75 277.5 0.0532
54.25 277.5 0.1955
98.5 277.5 0.355
145.75 277.5 0.5252
172.5 277.5 0.6216
189 277.5 0.6811
184.25 277.5 0.664
173 277.5 0.6234
161.25 277.5 0.5811
136.75 277.5 0.4928
89.25 277.5 0.3216
39.5 277.5 0.1423
7.75 277.5 0.0279
0 277.5 0
0 277.5 0
0 277.5 0
0 277.5 0
0 277.5 0
0 277.5 0
0 277.5 0
0 277.5 0
0 277.5 0
0 277.5 0
1.75 277.5 0.0063
19 277.5 0.0685
56 277.5 0.2018
95.5 277.5 0.3441
135.5 277.5 0.4883
171.5 277.5 0.618
188.25 277.5 0.6784
183.25 277.5 0.6604
165.75 277.5 0.5973
149.5 277.5 0.5387
123.5 277.5 0.445
74 277.5 0.2667
31.25 277.5 0.1126
7 277.5 0.0252
0.25 277.5 0.0009
0 277.5 0
0 277.5 0
0 277.5 0
0 277.5 0
0 277.5 0
0 277.5 0
0 277.5 0
0 277.5 0
0 277.5 0
2 277.5 0.0072
23.5 277.5 0.0847
73 277.5 0.2631
128.25 277.5 0.4622
151.75 277.5 0.5468
167.75 277.5 0.6045
126.25 277.5 0.455
155 277.5 0.5586
140.25 277.5 0.5054
160.25 277.5 0.5775
134 277.5 0.4829
79.5 277.5 0.2865
35.25 277.5 0.127
7 277.5 0.0252
0 277.5 0
0 277.5 0
0 277.5 0
0 277.5 0
0 277.5 0
0 277.5 0
0 277.5 0
0 277.5 0
0 277.5 0
0 277.5 0
2.5 277.5 0.009
24.25 277.5 0.0874
65.5 277.5 0.236
121.5 277.5 0.4378
153 277.5 0.5514
164 277.5 0.591
156 277.5 0.5622
141.5 277.5 0.5099
138 277.5 0.4973
137 277.5 0.4937
115 277.5 0.4144
83.25 277.5 0.3
39 277.5 0.1405
9 277.5 0.0324
0 277.5 0
0 277.5 0
0 277.5 0
0 277.5 0
0 277.5 0
0 277.5 0
0 277.5 0
0 277.5 0
0 277.5 0
0.25 277.5 0.0009
2.25 277.5 0.0081
20.5 277.5 0.0739
66.5 277.5 0.2396
114.75 277.5 0.4135
148.75 277.5 0.536
154 277.5 0.555
128.25 277.5 0.4622
172.25 277.5 0.6207
169.75 277.5 0.6117
158.25 277.5 0.5703
122.25 277.5 0.4405
84 277.5 0.3027
43.25 277.5 0.1559
9 277.5 0.0324
0 277.5 0
0 277.5 0
0 277.5 0
0 277.5 0
0 277.5 0