0 277.5 0
0 277.5 0
0 277.5 0
0 277.5 0
0.25 277.5 0.0009
0.25 277.5 0.0009
9.75 277.5 0.0351
50 277.5 0.1802
101 277.5 0.364
144.5 277.5 0.5207
181 277.5 0.6523
194.25 277.5 0.7
183.25 277.5 0.6604
185 277.5 0.6667
165 277.5 0.5946
145.5 277.5 0.5243
92.25 277.5 0.3324
38.75 277.5 0.1396
4.75 277.5 0.0171
0 277.5 0
0 277.5 0
0 277.5 0
0 277.5 0
0 277.5 0
0 277.5 0
0 277.5 0
0 277.5 0
0 277.5 0
0.25 277.5 0.0009
1 277.5 0.0036
11 277.5 0.0396
52 277.5 0.1874
109.75 277.5 0.3955
144.5 277.5 0.5207
159.75 277.5 0.5757
179 277.5 0.645
177.75 277.5 0.6405
161 277.5 0.5802
154.5 277.5 0.5568
134 277.5 0.4829
75.25 277.5 0.2712
34.25 277.5 0.1234
3.75 277.5 0.0135
0 277.5 0
0 277.5 0
0 277.5 0
0 277.5 0
0 277.5 0
0 277.5 0
0 277.5 0
0 277.5 0
0 277.5 0
0 277.5 0
0.25 277.5 0.0009
8.75 277.5 0.0315
56.5 277.5 0.2036
109 277.5 0.3928
159.75 277.5 0.5757
177.5 277.5 0.6396
186.75 277.5 0.673
186.5 277.5 0.6721
164.5 277.5 0.5928
148.25 277.5 0.5342
129.5 277.5 0.4667
75.25 277.5 0.2712
31.5 277.5 0.1135
4.5 277.5 0.0162
0 277.5 0
0 277.5 0
0 277.5 0
0 277.5 0
0 277.5 0
0 277.5 0
0 277.5 0
0 277.5 0
0 277.5 0
0 277.5 0
1 277.5 0.0036
12 277.5 0.0432
61.25 277.5 0.2207
117.75 277.5 0.4243
166.5 277.5 0.6
203.5 277.5 0.7333
188.5 277.5 0.6793
187.75 277.5 0.6766
182.5 277.5 0.6577
176.25 277.5 0.6351
136.75 277.5 0.4928
77.75 277.5 0.2802
29 277.5 0.1045
2.25 277.5 0.0081
0 277.5 0
0 277.5 0
0 277.5 0
0 277.5 0
0 277.5 0
0 277.5 0
0 277.5 0
0 277.5 0
0 277.5 0
0.25 277.5 0.0009
0.75 277.5 0.0027
8.5 277.5 0.0306
57 277.5 0.2054
115.25 277.5 0.4153
167 277.5 0.6018
190.75 277.5 0.6874
201.75 277.5 0.727
219.5 277.5 0.791
218.75 277.5 0.7883
182.75 277.5 0.6586
157.5 277.5 0.5676
92.5 277.5 0.3333
41.5 277.5 0.1495
3.75 277.5 0.0135
0 277.5 0
0 277.5 0
0 277.5 0
0 277.5 0
0 277.5 0
0 277.5 0
0 277.5 0
0 277.5 0
0 277.5 0
0 277.5 0
0 277.5 0
6.5 277.5 0.0234
42 277.5 0.1514
104.75 277.5 0.3775
149.75 277.5 0.5396
184.5 277.5 0.6649
174.5 277.5 0.6288
183 277.5 0.6595
158.75 277.5 0.5721
154.25 277.5 0.5559
128.75 277.5 0.464
84 277.5 0.3027
29.5 277.5 0.1063
2.75 277.5 0.0099
0 277.5 0
0 277.5 0
0 277.5 0
0 277.5 0
0 277.5 0
0 277.5 0
0 277.5 0
0 277.5 0
0 277.5 0
0 277.5 0
0.5 277.5 0.0018
12 277.5 0.0432
64.5 277.5 0.2324
110 277.5 0.3964
144 277.5 0.5189
165.5 277.5 0.5964
157.75 277.5 0.5685
161 277.5 0.5802
159.25 277.5 0.5739
144 277.5 0.5189
119.5 277.5 0.4306
64.75 277.5 0.2333
24.25 277.5 0.0874
2.5 277.5 0.009
0 277.5 0
0 277.5 0
0 277.5 0
0 277.5 0
0 277.5 0
0 277.5 0
0 277.5 0
0 277.5 0
0 277.5 0
0.25 277.5 0.0009
0.5 277.5 0.0018
10 277.5 0.036
53.75 277.5 0.1937
104.5 277.5 0.3766
139.5 277.5 0.5027
158 277.5 0.5694
180.25 277.5 0.6495
185 277.5 0.6667
180.75 277.5 0.6514
155.75 277.5 0.5613
120 277.5 0.4324
80.25 277.5 0.2892
27 277.5 0.0973
2.75 277.5 0.0099
0 277.5 0
0 277.5 0
0 277.5 0
0 277.5 0
0 277.5 0
0 277.5 0
0 277.5 0
0 277.5 0
0 277.5 0
0 277.5 0
0 277.5 0
9.5 277.5 0.0342
46 277.5 0.1658
90.75 277.5 0.327
98.5 277.5 0.355
81.5 277.5 0.2937
127 277.5 0.4577
98.75 277.5 0.3559
115 277.5 0.4144
140 277.5 0.5045
108.5 277.5 0.391
62 277.5 0.2234
23 277.5 0.0829
2.25 277.5 0.0081
0 277.5 0
0.25 277.5 0.0009
0 277.5 0
0 277.5 0
0 277.5 0
0 277.5 0
0 277.5 0
0 277.5 0
0 277.5 0
0 277.5 0
1.25 277.5 0.0045
8.75 277.5 0.0315
49.75 277.5 0.1793
114 277.5 0.4108
154.75 277.5 0.5577
168.25 277.5 0.6063
163.75 277.5 0.5901
167.5 277.5 0.6036
159.75 277.5 0.5757
160 277.5 0.5766
131.75 277.5 0.4748
78.75 277.5 0.2838
27.75 277.5 0.1
2.5 277.5 0.009
0 277.5 0
0 277.5 0
0 277.5 0
0 277.5 0
0 277.5 0
0 277.5 0
0 277.5 0
0 277.5 0
0 277.5 0
0 277.5 0
0.5 277.5 0.0018
8.25 277.5 0.0297
39.75 277.5 0.1432
76.5 277.5 0.2757
107.25 277.5 0.3865
134.25 277.5 0.4838
123 277.5 0.4432
128.5 277.5 0.4631
131.5 277.5 0.4739
106 277.5 0.382
63 277.5 0.227
37.75 277.5 0.136
11.75 277.5 0.0423
1 277.5 0.0036
0 277.5 0
0.25 277.5 0.0009
0 277.5 0
0 277.5 0
0 277.5 0
0 277.5 0
0 277.5 0
0 277.5 0
0 277.5 0
0 277.5 0
0 277.5 0
8.5 277.5 0.0306
56 277.5 0.2018
110 277.5 0.3964
156.5 277.5 0.564
189.75 277.5 0.6838
196.5 277.5 0.7081
206.25 277.5 0.7432
188.75 277.5 0.6802
166.75 277.5 0.6009
147.5 277.5 0.5315
86.25 277.5 0.3108
26.75 277.5 0.0964
2 277.5 0.0072
0 277.5 0
0 277.5 0
0 277.5 0
0 277.5 0
0 277.5 0
0 277.5 0
0 277.5 0
0 277.5 0
0 277.5 0
0 277.5 0
1 277.5 0.0036
10 277.5 0.036
53.5 277.5 0.1928
102.5 277.5 0.3694
170.75 277.5 0.6153
184.25 277.5 0.664
184 277.5 0.6631
193.25 277.5 0.6964
180 277.5 0.6486
172.25 277.5 0.6207
132.75 277.5 0.4784
79 277.5 0.2847
27.25 277.5 0.0982
1.75 277.5 0.0063
0 277.5 0
0 277.5 0
0 277.5 0
0 277.5 0
0 277.5 0
0 277.5 0
0 277.5 0
0 277.5 0
0 277.5 0
0 277.5 0
0 277.5 0
8.75 277.5 0.0315
55.5 277.5 0.2
116 277.5 0.418
154.75 277.5 0.5577
188.75 277.5 0.6802
201.25 277.5 0.7252
207.25 277.5 0.7468
214.75 277.5 0.7739
197.25 277.5 0.7108
151.5 277.5 0.5459
84.25 277.5 0.3036
27 277.5 0.0973
1.5 277.5 0.0054
0 277.5 0
0 277.5 0
0 277.5 0
0 277.5 0
0 277.5 0
0 277.5 0
0 277.5 0
0 277.5 0
0 277.5 0
0 277.5 0
0.75 277.5 0.0027
6.5 277.5 0.0234
42.25 277.5 0.1523
87 277.5 0.3135
122.5 277.5 0.4414
176.25 277.5 0.6351
180 277.5 0.6486
203.75 277.5 0.7342
205.75 277.5 0.7414
184 277.5 0.6631
140.5 277.5 0.5063
85 277.5 0.3063
23.5 277.5 0.0847
1 277.5 0.0036
0 277.5 0
0 277.5 0
0 277.5 0
0 277.5 0
0 277.5 0
0 277.5 0
0 277.5 0
0 277.5 0
0 277.5 0
0 277.5 0
0.25 277.5 0.0009
8.75 277.5 0.0315
56.25 277.5 0.2027
113.75 277.5 0.4099
178.75 277.5 0.6441
203.25 277.5 0.7324
215 277.5 0.7748
216.5 277.5 0.7802
217.25 277.5 0.7829
193 277.5 0.6955
153.25 277.5 0.5523
92.25 277.5 0.3324
29 277.5 0.1045
0.75 277.5 0.0027
0 277.5 0
0 277.5 0
0 277.5 0
0 277.5 0
0 277.5 0
0 277.5 0
0 277.5 0
0 277.5 0
0 277.5 0
0 277.5 0
0 277.5 0
8.5 277.5 0.0306
48 277.5 0.173
128.5 277.5 0.4631
173 277.5 0.6234
194.75 277.5 0.7018
210.75 277.5 0.7595
205 277.5 0.7387
202 277.5 0.7279
175.25 277.5 0.6315
127.25 277.5 0.4586
75 277.5 0.2703
21.75 277.5 0.0784
0.25 277.5 0.0009
0 277.5 0
0 277.5 0
0 277.5 0
0 277.5 0
0 277.5 0
0 277.5 0
0 277.5 0
0 277.5 0
0 277.5 0
0 277.5 0
0 277.5 0
4.75 277.5 0.0171
35 277.5 0.1261
61.5 277.5 0.2216
78.5 277.5 0.2829
91.5 277.5 0.3297
93.25 277.5 0.336
85.5 277.5 0.3081
69 277.5 0.2486
58 277.5 0.209
42.75 277.5 0.1541
21.25 277.5 0.0766
6 277.5 0.0216
1.5 277.5 0.0054
1.5 277.5 0.0054
1.5 277.5 0.0054
1.5 277.5 0.0054
1.5 277.5 0.0054
1.5 277.5 0.0054
1.5 277.5 0.0054
1.5 277.5 0.0054
1.5 277.5 0.0054
1.5 277.5 0.0054
1.5 277.5 0.0054
1.5 277.5 0.0054
5.75 277.5 0.0207
38.5 277.5 0.1387
91.5 277.5 0.3297
135.25 277.5 0.4874
157.75 277.5 0.5685
163.5 277.5 0.5892
171 277.5 0.6162
167.5 277.5 0.6036
148.75 277.5 0.536
113.75 277.5 0.4099
67.5 277.5 0.2432
20.25 277.5 0.073
1.75 277.5 0.0063
0.75 277.5 0.0027
0.25 277.5 0.0009
0 277.5 0
0 277.5 0
0 277.5 0
0 277.5 0
0 277.5 0
0 277.5 0
0 277.5 0
0 277.5 0
0 277.5 0
5.25 277.5 0.0189
40.75 277.5 0.1468
91.5 277.5 0.3297
144 277.5 0.5189
168.25 277.5 0.6063
170.75 277.5 0.6153
167 277.5 0.6018
164.5 277.5 0.5928
150 277.5 0.5405
107 277.5 0.3856
65.75 277.5 0.2369
20.25 277.5 0.073
2.25 277.5 0.0081
2.25 277.5 0.0081
2.25 277.5 0.0081
2.25 277.5 0.0081
2.25 277.5 0.0081
2.25 277.5 0.0081
2.25 277.5 0.0081
2.25 277.5 0.0081
2.25 277.5 0.0081
2.25 277.5 0.0081
2.25 277.5 0.0081
2.25 277.5 0.0081
6.5 277.5 0.0234
47 277.5 0.1694
108.75 277.5 0.3919
162 277.5 0.5838
177 277.5 0.6378
188 277.5 0.6775
190.25 277.5 0.6856
181.75 277.5 0.655
150 277.5 0.5405
130.25 277.5 0.4694
78 277.5 0.2811
22 277.5 0.0793
0.5 277.5 0.0018
0 277.5 0
0 277.5 0
0 277.5 0
0 277.5 0
0 277.5 0
0 277.5 0
0 277.5 0
0 277.5 0
0 277.5 0
0 277.5 0
0.5 277.5 0.0018
8.75 277.5 0.0315
59.5 277.5 0.2144
123 277.5 0.4432
184.75 277.5 0.6658
204.75 277.5 0.7378
202.75 277.5 0.7306
183 277.5 0.6595
148 277.5 0.5333
129.75 277.5 0.4676
123.75 277.5 0.4459
75.25 277.5 0.2712
20.75 277.5 0.0748
0.25 277.5 0.0009
0 277.5 0
0 277.5 0
0 277.5 0
0 277.5 0
0 277.5 0
0 277.5 0
0 277.5 0
0 277.5 0
0 277.5 0
0 277.5 0
0.5 277.5 0.0018
7.75 277.5 0.0279
59 277.5 0.2126
119.75 277.5 0.4315
178.25 277.5 0.6423
214.25 277.5 0.7721
225.75 277.5 0.8135
231.75 277.5 0.8351
226.5 277.5 0.8162
197.25 277.5 0.7108
148 277.5 0.5333
77.5 277.5 0.2793
20 277.5 0.0721
0 277.5 0
0 277.5 0
0 277.5 0
0 277.5 0
0 277.5 0
0 277.5 0
0 277.5 0
0 277.5 0
0 277.5 0
0 277.5 0
0 277.5 0
0.25 277.5 0.0009
4.25 277.5 0.0153
43.5 277.5 0.1568
92.5 277.5 0.3333
134 277.5 0.4829
146.75 277.5 0.5288
164.25 277.5 0.5919
174.75 277.5 0.6297
170.25 277.5 0.6135
138.25 277.5 0.4982
103 277.5 0.3712
57.5 277.5 0.2072
13 277.5 0.0468
0.25 277.5 0.0009
0 277.5 0
0.25 277.5 0.0009
0.25 277.5 0.0009
0 277.5 0
0 277.5 0
0 277.5 0
0 277.5 0
0 277.5 0
0 277.5 0
0 277.5 0
0.75 277.5 0.0027
5 277.5 0.018
45.5 277.5 0.164
102 277.5 0.3676
143.5 277.5 0.5171
157.5 277.5 0.5676
164 277.5 0.591
163.5 277.5 0.5892
159.5 277.5 0.5748
145.75 277.5 0.5252
105 277.5 0.3784
59 277.5 0.2126
14 277.5 0.0505
0 277.5 0
0 277.5 0
0 277.5 0
0 277.5 0
0 277.5 0
0 277.5 0
0 277.5 0
0 277.5 0
0 277.5 0
0 277.5 0
0 277.5 0
0.75 277.5 0.0027
6 277.5 0.0216
39 277.5 0.1405
71 277.5 0.2559
121.25 277.5 0.4369
160.75 277.5 0.5793
175.5 277.5 0.6324
195.25 277.5 0.7036
198.75 277.5 0.7162
181 277.5 0.6523
142.25 277.5 0.5126
75.25 277.5 0.2712
17.75 277.5 0.064
0.25 277.5 0.0009
0 277.5 0
0.25 277.5 0.0009
0 277.5 0
0 277.5 0
0 277.5 0
0 277.5 0
0 277.5 0
0 277.5 0
0 277.5 0
0 277.5 0
0 277.5 0
5.5 277.5 0.0198
44.5 277.5 0.1604
82.75 277.5 0.2982
123.5 277.5 0.445
140.75 277.5 0.5072
120.25 277.5 0.4333
126.25 277.5 0.455
125.75 277.5 0.4532
79.5 277.5 0.2865
60 277.5 0.2162
27.75 277.5 0.1
8 277.5 0.0288
0 277.5 0
0 277.5 0
0 277.5 0
0 277.5 0
0 277.5 0
0 277.5 0
0 277.5 0
0 277.5 0
0 277.5 0
0 277.5 0
0 277.5 0
0.25 277.5 0.0009
7 277.5 0.0252
46 277.5 0.1658
99.25 277.5 0.3577
106.25 277.5 0.3829
118.75 277.5 0.4279
123.5 277.5 0.445
133.5 277.5 0.4811
135 277.5 0.4865
125.25 277.5 0.4514
89.75 277.5 0.3234
52.75 277.5 0.1901
10.75 277.5 0.0387
0 277.5 0
0 277.5 0
0 277.5 0
0 277.5 0
0 277.5 0
0 277.5 0
0 277.5 0
0 277.5 0
0 277.5 0
0 277.5 0
0 277.5 0
0 277.5 0
7.5 277.5 0.027
49.75 277.5 0.1793
98 277.5 0.3532
122.5 277.5 0.4414
133 277.5 0.4793
156.25 277.5 0.5631
122.25 277.5 0.4405
116 277.5 0.418
88.75 277.5 0.3198
80 277.5 0.2883
44 277.5 0.1586
10.5 277.5 0.0378
0 277.5 0
0 277.5 0
0 277.5 0
0 277.5 0
0 277.5 0
0 277.5 0
0 277.5 0
0 277.5 0
0 277.5 0
0 277.5 0
0 277.5 0
0.25 277.5 0.0009
2.75 277.5 0.0099
25 277.5 0.0901
74.25 277.5 0.2676
112 277.5 0.4036
119.5 277.5 0.4306
113.25 277.5 0.4081
112 277.5 0.4036
117.25 277.5 0.4225
115.75 277.5 0.4171
81.5 277.5 0.2937
47.25 277.5 0.1703
9 277.5 0.0324
0.25 277.5 0.0009
0 277.5 0
0 277.5 0
0 277.5 0
0 277.5 0
0 277.5 0