3179.4444 8592.6667 0.37
2950.1111 8592.6667 0.3433
2946.2222 8592.6667 0.3429
2927.1111 8592.6667 0.3407
2964.8889 8592.6667 0.345
3252 8592.6667 0.3785
3887.2222 8592.6667 0.4524
4461 8592.6667 0.5192
4623.3333 8592.6667 0.5381
4601.1111 8592.6667 0.5355
4507.2222 8592.6667 0.5245
4516.3333 8592.6667 0.5256
4446.2222 8592.6667 0.5174
4388.3333 8592.6667 0.5107
4356.8889 8592.6667 0.507
4554.1111 8592.6667 0.53
4857 8592.6667 0.5652
5190.4444 8592.6667 0.6041
5036.3333 8592.6667 0.5861
4923.2222 8592.6667 0.573
4812.8889 8592.6667 0.5601
4528.4444 8592.6667 0.527
4038.1111 8592.6667 0.4699
3606.5556 8592.6667 0.4197
3241.8889 8592.6667 0.3773
3045.5556 8592.6667 0.3544
2965.2222 8592.6667 0.3451
2965.6667 8592.6667 0.3451
2959.8889 8592.6667 0.3445
3155.3333 8592.6667 0.3672
3684.7778 8592.6667 0.4288
4330.1111 8592.6667 0.5039
4508.8889 8592.6667 0.5247
4577.3333 8592.6667 0.5327
4594.2222 8592.6667 0.5347
4505.2222 8592.6667 0.5243
4451.3333 8592.6667 0.518
4499.1111 8592.6667 0.5236
4415 8592.6667 0.5138
4471.1111 8592.6667 0.5203
4789.1111 8592.6667 0.5573
5220.3333 8592.6667 0.6075
5189.6667 8592.6667 0.604
5099.8889 8592.6667 0.5935
4881 8592.6667 0.568
4457.5556 8592.6667 0.5188
4058 8592.6667 0.4723
3581.8889 8592.6667 0.4169
3215.6667 8592.6667 0.3742
3171.7778 8592.6667 0.3691
2993.6667 8592.6667 0.3484
2955.8889 8592.6667 0.344
2996 8592.6667 0.3487
3052 8592.6667 0.3552
3623.5556 8592.6667 0.4217
4201.3333 8592.6667 0.4889
4396.1111 8592.6667 0.5116
4496.5556 8592.6667 0.5233
4455.3333 8592.6667 0.5185
4443.5556 8592.6667 0.5171
4371.7778 8592.6667 0.5088
4287.4444 8592.6667 0.499
4368.4444 8592.6667 0.5084
4511.7778 8592.6667 0.5251
4816.8889 8592.6667 0.5606
5227.7778 8592.6667 0.6084
5164.4444 8592.6667 0.601
5002 8592.6667 0.5821
4873.8889 8592.6667 0.5672
4611.8889 8592.6667 0.5367
4165.3333 8592.6667 0.4848
3775.3333 8592.6667 0.4394
3443.2222 8592.6667 0.4007
3294.6667 8592.6667 0.3834
3194 8592.6667 0.3717
3140.8889 8592.6667 0.3655
3066.5556 8592.6667 0.3569
3248.7778 8592.6667 0.3781
3783.7778 8592.6667 0.4403
4245.3333 8592.6667 0.4941
4505.3333 8592.6667 0.5243
4581.1111 8592.6667 0.5331
4473.3333 8592.6667 0.5206
4437.3333 8592.6667 0.5164
4379.7778 8592.6667 0.5097
4389.7778 8592.6667 0.5109
4406 8592.6667 0.5128
4602.8889 8592.6667 0.5357
4880.6667 8592.6667 0.568
5063.3333 8592.6667 0.5893
5054.6667 8592.6667 0.5883
4973.2222 8592.6667 0.5788
4882.6667 8592.6667 0.5682
4642.1111 8592.6667 0.5402
4323.5556 8592.6667 0.5032
3983.4444 8592.6667 0.4636
3560.3333 8592.6667 0.4143
3386.7778 8592.6667 0.3941
3268.1111 8592.6667 0.3803
3182.7778 8592.6667 0.3704
3231.4444 8592.6667 0.3761
3242 8592.6667 0.3773
3661.2222 8592.6667 0.4261
4115.2222 8592.6667 0.4789
4415.6667 8592.6667 0.5139
4513.3333 8592.6667 0.5253
4508.7778 8592.6667 0.5247
4460 8592.6667 0.519
4431.6667 8592.6667 0.5157
4413.5556 8592.6667 0.5136
4475.5556 8592.6667 0.5209
4582.4444 8592.6667 0.5333
4859.7778 8592.6667 0.5656
5171.7778 8592.6667 0.6019
5049 8592.6667 0.5876
4908.2222 8592.6667 0.5712
4703.4444 8592.6667 0.5474
4467.1111 8592.6667 0.5199
4058.8889 8592.6667 0.4724
3602.6667 8592.6667 0.4193
3304.1111 8592.6667 0.3845
3135.7778 8592.6667 0.3649
2951.3333 8592.6667 0.3435
2975 8592.6667 0.3462
3042.8889 8592.6667 0.3541
3178.7778 8592.6667 0.3699
3659.7778 8592.6667 0.4259
4135.6667 8592.6667 0.4813
4412.5556 8592.6667 0.5135
4592.1111 8592.6667 0.5344
4612.6667 8592.6667 0.5368
4498.8889 8592.6667 0.5236
4433.4444 8592.6667 0.516
4331.8889 8592.6667 0.5041
4312.2222 8592.6667 0.5018
4381.6667 8592.6667 0.5099
4738.3333 8592.6667 0.5514
5279.8889 8592.6667 0.6145
5232.8889 8592.6667 0.609
5149.1111 8592.6667 0.5992
5018.6667 8592.6667 0.5841
4692.1111 8592.6667 0.5461
4324.4444 8592.6667 0.5033
3838.5556 8592.6667 0.4467
3400.7778 8592.6667 0.3958
3354.4444 8592.6667 0.3904
3223 8592.6667 0.3751
3134.7778 8592.6667 0.3648
3219.2222 8592.6667 0.3746
3297 8592.6667 0.3837
3893.7778 8592.6667 0.4532
4551.1111 8592.6667 0.5297
4782.2222 8592.6667 0.5565
4723.5556 8592.6667 0.5497
4604.1111 8592.6667 0.5358
4554.7778 8592.6667 0.5301
4479 8592.6667 0.5213
4422.7778 8592.6667 0.5147
4531.3333 8592.6667 0.5273
4713.5556 8592.6667 0.5486
5103.2222 8592.6667 0.5939
5426.2222 8592.6667 0.6315
5286 8592.6667 0.6152
5221.4444 8592.6667 0.6077
5072.1111 8592.6667 0.5903
4670.8889 8592.6667 0.5436
4139 8592.6667 0.4817
3616.7778 8592.6667 0.4209
3341.7778 8592.6667 0.3889
3190.1111 8592.6667 0.3713
3064.5556 8592.6667 0.3566
3006.8889 8592.6667 0.3499
3135 8592.6667 0.3648
3202 8592.6667 0.3726
3744.5556 8592.6667 0.4358
4344.1111 8592.6667 0.5056
4491 8592.6667 0.5227
4488.4444 8592.6667 0.5224
4458.8889 8592.6667 0.5189
4411.1111 8592.6667 0.5134
4272.3333 8592.6667 0.4972
4252.2222 8592.6667 0.4949
4362.4444 8592.6667 0.5077
4430.8889 8592.6667 0.5157
4799.8889 8592.6667 0.5586
5175.3333 8592.6667 0.6023
5136.8889 8592.6667 0.5978
5121.1111 8592.6667 0.596
5001.1111 8592.6667 0.582
4671.2222 8592.6667 0.5436
4112 8592.6667 0.4785
3666.8889 8592.6667 0.4267
3380.5556 8592.6667 0.3934
3283 8592.6667 0.3821
3217.6667 8592.6667 0.3745
3139 8592.6667 0.3653
3201.6667 8592.6667 0.3726
3322.5556 8592.6667 0.3867
3804.8889 8592.6667 0.4428
4329.3333 8592.6667 0.5038
4647.8889 8592.6667 0.5409
4672.2222 8592.6667 0.5437
4622.6667 8592.6667 0.538
4609.3333 8592.6667 0.5364
4554 8592.6667 0.53
4483.7778 8592.6667 0.5218
4418.2222 8592.6667 0.5142
4490.5556 8592.6667 0.5226
4928.2222 8592.6667 0.5735
5323.1111 8592.6667 0.6195
5260.1111 8592.6667 0.6122
5139.5556 8592.6667 0.5981
4919.6667 8592.6667 0.5725
4675.8889 8592.6667 0.5442
4198 8592.6667 0.4886
3655.3333 8592.6667 0.4254
3270.6667 8592.6667 0.3806
3151.3333 8592.6667 0.3667
3067.1111 8592.6667 0.3569
3070.2222 8592.6667 0.3573
3076.8889 8592.6667 0.3581
3270 8592.6667 0.3806
3844.2222 8592.6667 0.4474
4408.4444 8592.6667 0.513
4454.4444 8592.6667 0.5184
4483 8592.6667 0.5217
4481.2222 8592.6667 0.5215
4319.4444 8592.6667 0.5027
4288.1111 8592.6667 0.499
4210.7778 8592.6667 0.49
4261.4444 8592.6667 0.4959
4521.7778 8592.6667 0.5262
4900.3333 8592.6667 0.5703
5218.6667 8592.6667 0.6073
5204.6667 8592.6667 0.6057
5075.4444 8592.6667 0.5907
4960.4444 8592.6667 0.5773
4579 8592.6667 0.5329
4097.3333 8592.6667 0.4768
3569.1111 8592.6667 0.4154
3282.6667 8592.6667 0.382
3169.8889 8592.6667 0.3689
3079.2222 8592.6667 0.3584
3088.5556 8592.6667 0.3594
3051.4444 8592.6667 0.3551
3291.6667 8592.6667 0.3831
3803.2222 8592.6667 0.4426
4439.7778 8592.6667 0.5167
4585.7778 8592.6667 0.5337
4755.7778 8592.6667 0.5535
4664 8592.6667 0.5428
4587.6667 8592.6667 0.5339
4398.6667 8592.6667 0.5119
4353.1111 8592.6667 0.5066
4410.3333 8592.6667 0.5133
4488.5556 8592.6667 0.5224
4853.2222 8592.6667 0.5648
5269.8889 8592.6667 0.6133
5298.1111 8592.6667 0.6166
5284.3333 8592.6667 0.615
5095.4444 8592.6667 0.593
4761.4444 8592.6667 0.5541
4375.7778 8592.6667 0.5092
3838.6667 8592.6667 0.4467
3648.6667 8592.6667 0.4246
3495.8889 8592.6667 0.4068
3370.3333 8592.6667 0.3922
3339.4444 8592.6667 0.3886
3283.2222 8592.6667 0.3821
3513.2222 8592.6667 0.4089
3972.1111 8592.6667 0.4623
4443.2222 8592.6667 0.5171
4581.3333 8592.6667 0.5332
4741.3333 8592.6667 0.5518
4729.5556 8592.6667 0.5504
4726.3333 8592.6667 0.55
4624.8889 8592.6667 0.5382
4561.3333 8592.6667 0.5308
4595 8592.6667 0.5348
4526.5556 8592.6667 0.5268
4914.5556 8592.6667 0.5719
5310.6667 8592.6667 0.618
5368.8889 8592.6667 0.6248
5292.1111 8592.6667 0.6159
5069.1111 8592.6667 0.5899
4584.7778 8592.6667 0.5336
4219.5556 8592.6667 0.4911
3681 8592.6667 0.4284
3620.4444 8592.6667 0.4213
3428.6667 8592.6667 0.399
3300.5556 8592.6667 0.3841
3254.6667 8592.6667 0.3788
3334.8889 8592.6667 0.3881
3538.6667 8592.6667 0.4118
4103.2222 8592.6667 0.4775
4714.1111 8592.6667 0.5486
4808.6667 8592.6667 0.5596
4817.7778 8592.6667 0.5607
4758.3333 8592.6667 0.5538
4664.3333 8592.6667 0.5428
4644.3333 8592.6667 0.5405
4542.7778 8592.6667 0.5287
4571.6667 8592.6667 0.532
4691.7778 8592.6667 0.546
5041.8889 8592.6667 0.5868
5374.4444 8592.6667 0.6255
5312.7778 8592.6667 0.6183
5233.5556 8592.6667 0.6091
5078.1111 8592.6667 0.591
4736.5556 8592.6667 0.5512
4252.1111 8592.6667 0.4949
3726.3333 8592.6667 0.4337
3513.1111 8592.6667 0.4088
3365.3333 8592.6667 0.3917
3379.6667 8592.6667 0.3933
3246.3333 8592.6667 0.3778
3273.7778 8592.6667 0.381
3408.3333 8592.6667 0.3967
3848.7778 8592.6667 0.4479
4396.2222 8592.6667 0.5116
4544.6667 8592.6667 0.5289
4709.1111 8592.6667 0.548
4896 8592.6667 0.5698
4844.2222 8592.6667 0.5638
4583.4444 8592.6667 0.5334
4576.5556 8592.6667 0.5326
4567.7778 8592.6667 0.5316
4726.6667 8592.6667 0.5501
5034.1111 8592.6667 0.5859
5421.8889 8592.6667 0.631
5361.8889 8592.6667 0.624
5261.1111 8592.6667 0.6123
5035.5556 8592.6667 0.586
4734.1111 8592.6667 0.5509
4309.4444 8592.6667 0.5015
3890.2222 8592.6667 0.4527
3626.7778 8592.6667 0.4221
3435.4444 8592.6667 0.3998
3384.3333 8592.6667 0.3939
3341.7778 8592.6667 0.3889
3300.1111 8592.6667 0.3841
3445.3333 8592.6667 0.401
3974.6667 8592.6667 0.4626
4640.1111 8592.6667 0.54
4860.8889 8592.6667 0.5657
4996.3333 8592.6667 0.5815
5013.3333 8592.6667 0.5834
4913.5556 8592.6667 0.5718
4731.8889 8592.6667 0.5507
4776.4444 8592.6667 0.5559
4743.4444 8592.6667 0.552
4693.3333 8592.6667 0.5462
4944.1111 8592.6667 0.5754
5486.2222 8592.6667 0.6385
5412.4444 8592.6667 0.6299
5269 8592.6667 0.6132
5114.3333 8592.6667 0.5952
4823.1111 8592.6667 0.5613
4317.2222 8592.6667 0.5024
3863.6667 8592.6667 0.4496
3517.8889 8592.6667 0.4094
3419.8889 8592.6667 0.398
3263.1111 8592.6667 0.3798
3216.7778 8592.6667 0.3744
3279.1111 8592.6667 0.3816
3443.6667 8592.6667 0.4008
4017.8889 8592.6667 0.4676
4578.2222 8592.6667 0.5328
4979.5556 8592.6667 0.5795
4946.8889 8592.6667 0.5757
4924.1111 8592.6667 0.5731
4953.8889 8592.6667 0.5765
4792.4444 8592.6667 0.5577
4644.5556 8592.6667 0.5405
4653.7778 8592.6667 0.5416
4742.6667 8592.6667 0.5519
5037.2222 8592.6667 0.5862
5471.4444 8592.6667 0.6368
5404.8889 8592.6667 0.629
5317.2222 8592.6667 0.6188
5164.6667 8592.6667 0.6011
4803.8889 8592.6667 0.5591
4258.4444 8592.6667 0.4956
3719.5556 8592.6667 0.4329
3446.6667 8592.6667 0.4011
3322.8889 8592.6667 0.3867
3196.3333 8592.6667 0.372
3109.8889 8592.6667 0.3619
3149.4444 8592.6667 0.3665
3269.2222 8592.6667 0.3805
3805.3333 8592.6667 0.4429
4321.5556 8592.6667 0.5029
4595 8592.6667 0.5348
4783.2222 8592.6667 0.5567
4812.6667 8592.6667 0.5601
4762.6667 8592.6667 0.5543
4667 8592.6667 0.5431
4666.5556 8592.6667 0.5431
4638.6667 8592.6667 0.5398
4628.7778 8592.6667 0.5387
4884.7778 8592.6667 0.5685
5273.2222 8592.6667 0.6137
5246.6667 8592.6667 0.6106
5196.3333 8592.6667 0.6047
5016.2222 8592.6667 0.5838
4793.1111 8592.6667 0.5578
4364.5556 8592.6667 0.5079
3799.1111 8592.6667 0.4421
3378.6667 8592.6667 0.3932
3239.7778 8592.6667 0.377
3197.3333 8592.6667 0.3721
3205.4444 8592.6667 0.373
3155.4444 8592.6667 0.3672
3314.3333 8592.6667 0.3857
3975.3333 8592.6667 0.4626
4456 8592.6667 0.5186
4699.6667 8592.6667 0.5469
4812.3333 8592.6667 0.5601
4742.8889 8592.6667 0.552
4720.6667 8592.6667 0.5494
4592.6667 8592.6667 0.5345
4547 8592.6667 0.5292
4486.4444 8592.6667 0.5221
4532.3333 8592.6667 0.5275
4866.2222 8592.6667 0.5663
5291 8592.6667 0.6158
5231.3333 8592.6667 0.6088
5095.4444 8592.6667 0.593
4997 8592.6667 0.5815
4570.1111 8592.6667 0.5319
4111 8592.6667 0.4784
3604.6667 8592.6667 0.4195
3346.4444 8592.6667 0.3895
3086.3333 8592.6667 0.3592
2957.2222 8592.6667 0.3442
2927.2222 8592.6667 0.3407
2920.4444 8592.6667 0.3399
3081.1111 8592.6667 0.3586
3597.3333 8592.6667 0.4187
4185.5556 8592.6667 0.4871
4447.1111 8592.6667 0.5175
4440.3333 8592.6667 0.5168
4504.3333 8592.6667 0.5242
4483.6667 8592.6667 0.5218
4366.6667 8592.6667 0.5082
4344.4444 8592.6667 0.5056
4345.7778 8592.6667 0.5058
4481.5556 8592.6667 0.5216
4837.8889 8592.6667 0.563
5307.4444 8592.6667 0.6177
5242 8592.6667 0.6101
5174 8592.6667 0.6021
4982 8592.6667 0.5798
4659.5556 8592.6667 0.5423
4137 8592.6667 0.4815
3758.1111 8592.6667 0.4374
3499.3333 8592.6667 0.4072
3310.4444 8592.6667 0.3853
3169.4444 8592.6667 0.3689
3150 8592.6667 0.3666
3129.7778 8592.6667 0.3642
3296.8889 8592.6667 0.3837
4012.1111 8592.6667 0.4669
4683.4444 8592.6667 0.5451
4900.5556 8592.6667 0.5703
4870.3333 8592.6667 0.5668
4839.5556 8592.6667 0.5632
4649.4444 8592.6667 0.5411
4591.6667 8592.6667 0.5344
4652.1111 8592.6667 0.5414
4577 8592.6667 0.5327
4717.5556 8592.6667 0.549
5052.6667 8592.6667 0.588
5522.5556 8592.6667 0.6427
5424 8592.6667 0.6312
5295.1111 8592.6667 0.6162
5208.6667 8592.6667 0.6062
4881.4444 8592.6667 0.5681
4166.3333 8592.6667 0.4849
3618.1111 8592.6667 0.4211
3282.8889 8592.6667 0.3821
3090.1111 8592.6667 0.3596
3053 8592.6667 0.3553
3060.7778 8592.6667 0.3562
3134 8592.6667 0.3647
3261.4444 8592.6667 0.3796
3834 8592.6667 0.4462
4544.5556 8592.6667 0.5289
4824.7778 8592.6667 0.5615
4973.5556 8592.6667 0.5788
5004.4444 8592.6667 0.5824
4871.2222 8592.6667 0.5669
4638.6667 8592.6667 0.5398
4523.6667 8592.6667 0.5265
4431.5556 8592.6667 0.5157
4487.4444 8592.6667 0.5222
4849.4444 8592.6667 0.5644
5431.3333 8592.6667 0.6321
5326.2222 8592.6667 0.6199
5143.3333 8592.6667 0.5986
5028.1111 8592.6667 0.5852
4573.8889 8592.6667 0.5323
4049.8889 8592.6667 0.4713
3519.4444 8592.6667 0.4096
3103 8592.6667 0.3611
2970.8889 8592.6667 0.3457
2852.8889 8592.6667 0.332
2809.2222 8592.6667 0.3269
2867.6667 8592.6667 0.3337
3112.2222 8592.6667 0.3622
3858.1111 8592.6667 0.449
4528.7778 8592.6667 0.5271
4902.7778 8592.6667 0.5706
5083.4444 8592.6667 0.5916
5045.7778 8592.6667 0.5872
4844.5556 8592.6667 0.5638
4861.6667 8592.6667 0.5658
4719.5556 8592.6667 0.5493
4657 8592.6667 0.542
4708.6667 8592.6667 0.548
5145.3333 8592.6667 0.5988
5556.2222 8592.6667 0.6466
5541 8592.6667 0.6449
5457.4444 8592.6667 0.6351
5285.1111 8592.6667 0.6151
4878.8889 8592.6667 0.5678
4312 8592.6667 0.5018
3683 8592.6667 0.4286
3171.5556 8592.6667 0.3691
2947 8592.6667 0.343
2848 8592.6667 0.3314
2837.4444 8592.6667 0.3302
2922.6667 8592.6667 0.3401
2967.5556 8592.6667 0.3454
3494.4444 8592.6667 0.4067
4082.2222 8592.6667 0.4751
4426.8889 8592.6667 0.5152
4706.4444 8592.6667 0.5477
4824.7778 8592.6667 0.5615
4688.8889 8592.6667 0.5457
4651.5556 8592.6667 0.5413
4475 8592.6667 0.5208
4375.8889 8592.6667 0.5093
4474.5556 8592.6667 0.5207
4800.5556 8592.6667 0.5587
5291.5556 8592.6667 0.6158
5293.8889 8592.6667 0.6161
5188.5556 8592.6667 0.6038
4935.6667 8592.6667 0.5744
4528.1111 8592.6667 0.527
4032.7778 8592.6667 0.4693
3585.1111 8592.6667 0.4172
3196.4444 8592.6667 0.372
2933 8592.6667 0.3413
2930.7778 8592.6667 0.3411
2944 8592.6667 0.3426
2985 8592.6667 0.3474
3026 8592.6667 0.3522
3384.5556 8592.6667 0.3939
3880.4444 8592.6667 0.4516
4069.4444 8592.6667 0.4736
4268.6667 8592.6667 0.4968
4286.5556 8592.6667 0.4989
4286.6667 8592.6667 0.4989
4172.7778 8592.6667 0.4856
4145.1111 8592.6667 0.4824
4116.5556 8592.6667 0.4791
4092.8889 8592.6667 0.4763
4526.3333 8592.6667 0.5268
5023.1111 8592.6667 0.5846
4986.1111 8592.6667 0.5803
4846.4444 8592.6667 0.564
4681.6667 8592.6667 0.5448
4412.8889 8592.6667 0.5136
3946.1111 8592.6667 0.4592
3579 8592.6667 0.4165
3025.3333 8592.6667 0.3521
2899.3333 8592.6667 0.3374
2887.4444 8592.6667 0.336
2869.5556 8592.6667 0.334
2857.5556 8592.6667 0.3326
2927.8889 8592.6667 0.3407
3288.8889 8592.6667 0.3828
3636.7778 8592.6667 0.4232
3911 8592.6667 0.4552
4235.6667 8592.6667 0.4929
4258.8889 8592.6667 0.4956
4200.4444 8592.6667 0.4888
4111.3333 8592.6667 0.4785
4020 8592.6667 0.4678
4126.6667 8592.6667 0.4803
4132.2222 8592.6667 0.4809
4334.3333 8592.6667 0.5044
4693.7778 8592.6667 0.5463
4603.4444 8592.6667 0.5357
4494.4444 8592.6667 0.5231
4308 8592.6667 0.5014
4098.3333 8592.6667 0.477
3843.3333 8592.6667 0.4473
3438.4444 8592.6667 0.4002
3139.2222 8592.6667 0.3653
2942.5556 8592.6667 0.3424
2853.3333 8592.6667 0.3321
2857 8592.6667 0.3325
2928.2222 8592.6667 0.3408
3026.7778 8592.6667 0.3523
3159.5556 8592.6667 0.3677
3447.8889 8592.6667 0.4013
3673.4444 8592.6667 0.4275
3903.1111 8592.6667 0.4542
3898.6667 8592.6667 0.4537
3886.7778 8592.6667 0.4523
3843.2222 8592.6667 0.4473
3788.7778 8592.6667 0.4409
3817.7778 8592.6667 0.4443
3898 8592.6667 0.4536
4260.8889 8592.6667 0.4959
4848.5556 8592.6667 0.5643
4755.5556 8592.6667 0.5534
4588.3333 8592.6667 0.534
4554.5556 8592.6667 0.5301
4170.4444 8592.6667 0.4853
3810.2222 8592.6667 0.4434
3405.5556 8592.6667 0.3963
3026.2222 8592.6667 0.3522
2909.1111 8592.6667 0.3386
2810 8592.6667 0.327
2741.7778 8592.6667 0.3191
2818.6667 8592.6667 0.328
2855.3333 8592.6667 0.3323
3245.4444 8592.6667 0.3777
3596.3333 8592.6667 0.4185
3802 8592.6667 0.4425
4078 8592.6667 0.4746
4288.3333 8592.6667 0.4991
4311.8889 8592.6667 0.5018
4245.8889 8592.6667 0.4941
4169.5556 8592.6667 0.4852
4149.3333 8592.6667 0.4829
4192.8889 8592.6667 0.488
4330.4444 8592.6667 0.504
4801.6667 8592.6667 0.5588
4760.2222 8592.6667 0.554
4721.5556 8592.6667 0.5495
4464.6667 8592.6667 0.5196
4092.6667 8592.6667 0.4763
3637.3333 8592.6667 0.4233
3157.6667 8592.6667 0.3675
2898.7778 8592.6667 0.3374
2724.4444 8592.6667 0.3171
2710.2222 8592.6667 0.3154
2660 8592.6667 0.3096
2706.7778 8592.6667 0.315
2915.3333 8592.6667 0.3393
3335.5556 8592.6667 0.3882
3823.1111 8592.6667 0.4449
4009.8889 8592.6667 0.4667
4262 8592.6667 0.496
4355.8889 8592.6667 0.5069
4324.6667 8592.6667 0.5033
4228.5556 8592.6667 0.4921
4076.8889 8592.6667 0.4745
4057.2222 8592.6667 0.4722
4130.6667 8592.6667 0.4807
4404 8592.6667 0.5125
4937.2222 8592.6667 0.5746
4941.5556 8592.6667 0.5751
4792.3333 8592.6667 0.5577
4680.4444 8592.6667 0.5447
4300.2222 8592.6667 0.5005
4020.6667 8592.6667 0.4679
3438.2222 8592.6667 0.4001
3023.2222 8592.6667 0.3518
2862.3333 8592.6667 0.3331
2816.7778 8592.6667 0.3278
2827.7778 8592.6667 0.3291
2862.2222 8592.6667 0.3331
2997.8889 8592.6667 0.3489
3546 8592.6667 0.4127
4034.8889 8592.6667 0.4696
4293 8592.6667 0.4996
4559.5556 8592.6667 0.5306
4507.5556 8592.6667 0.5246
4524.6667 8592.6667 0.5266
4538.8889 8592.6667 0.5282
4457 8592.6667 0.5187
4402.3333 8592.6667 0.5123
4529 8592.6667 0.5271
4818.5556 8592.6667 0.5608
5359.5556 8592.6667 0.6237
5302 8592.6667 0.617
5230.4444 8592.6667 0.6087
5071.5556 8592.6667 0.5902
4602.7778 8592.6667 0.5357
4101.2222 8592.6667 0.4773
3543.8889 8592.6667 0.4124
3305.6667 8592.6667 0.3847
3102.2222 8592.6667 0.361
3011.7778 8592.6667 0.3505
2951.5556 8592.6667 0.3435
2998.6667 8592.6667 0.349
3058.8889 8592.6667 0.356
3575.6667 8592.6667 0.4161
4115 8592.6667 0.4789
4382.7778 8592.6667 0.5101
4580.7778 8592.6667 0.5331
4607.1111 8592.6667 0.5362
4528.4444 8592.6667 0.527
4464 8592.6667 0.5195
4325.6667 8592.6667 0.5034
4219.6667 8592.6667 0.4911
4257.8889 8592.6667 0.4955
4707 8592.6667 0.5478
5289.2222 8592.6667 0.6156
5179.4444 8592.6667 0.6028
4980.2222 8592.6667 0.5796
4843.2222 8592.6667 0.5636
4480 8592.6667 0.5214
4006.5556 8592.6667 0.4663
3529 8592.6667 0.4107
3114.1111 8592.6667 0.3624
2910 8592.6667 0.3387
2893.4444 8592.6667 0.3367
2930.4444 8592.6667 0.341
2988.1111 8592.6667 0.3478
3014.4444 8592.6667 0.3508
3363.8889 8592.6667 0.3915
3736.4444 8592.6667 0.4348
3953 8592.6667 0.46
4220.3333 8592.6667 0.4912
4404.6667 8592.6667 0.5126
4445.6667 8592.6667 0.5174
4324.7778 8592.6667 0.5033
4175.8889 8592.6667 0.486
4191.6667 8592.6667 0.4878
4350.2222 8592.6667 0.5063
4644.5556 8592.6667 0.5405
5160.3333 8592.6667 0.6006
5182.2222 8592.6667 0.6031
4848.2222 8592.6667 0.5642
4551.2222 8592.6667 0.5297
4162.4444 8592.6667 0.4844
3680.3333 8592.6667 0.4283
3371 8592.6667 0.3923