851.3333 2902 0.2934
786.1111 2902 0.2709
730.3333 2902 0.2517
748.5556 2902 0.2579
712.8889 2902 0.2457
739.3333 2902 0.2548
729.8889 2902 0.2515
771.2222 2902 0.2658
814.6667 2902 0.2807
865.7778 2902 0.2983
868.6667 2902 0.2993
906.1111 2902 0.3122
863.4444 2902 0.2975
869.8889 2902 0.2998
845.8889 2902 0.2915
872.2222 2902 0.3006
846 2902 0.2915
852.6667 2902 0.2938
897.8889 2902 0.3094
980.3333 2902 0.3378
1049.1111 2902 0.3615
1063.5556 2902 0.3665
965.1111 2902 0.3326
841.4444 2902 0.29
849.3333 2902 0.2927
797.8889 2902 0.2749
766.8889 2902 0.2643
809 2902 0.2788
849.6667 2902 0.2928
941.6667 2902 0.3245
1035.2222 2902 0.3567
987.8889 2902 0.3404
918 2902 0.3163
905 2902 0.3119
851.2222 2902 0.2933
805.8889 2902 0.2777
794.6667 2902 0.2738
789 2902 0.2719
774.8889 2902 0.267
828.1111 2902 0.2854
869.5556 2902 0.2996
983.5556 2902 0.3389
1027.4444 2902 0.354
1018.2222 2902 0.3509
1013.4444 2902 0.3492
1034.8889 2902 0.3566
909.1111 2902 0.3133
747 2902 0.2574
703.8889 2902 0.2426
693.3333 2902 0.2389
651.8889 2902 0.2246
641.6667 2902 0.2211
708.1111 2902 0.244
720.4444 2902 0.2483
738.2222 2902 0.2544
712.8889 2902 0.2457
712.3333 2902 0.2455
731.4444 2902 0.252
759.6667 2902 0.2618
794.2222 2902 0.2737
811.2222 2902 0.2795
803.7778 2902 0.277
751.4444 2902 0.2589
758.2222 2902 0.2613
647.7778 2902 0.2232
604.5556 2902 0.2083
581.5556 2902 0.2004
576.1111 2902 0.1985
551.5556 2902 0.1901
567.3333 2902 0.1955
578.5556 2902 0.1994
557.4444 2902 0.1921
566.7778 2902 0.1953
523.4444 2902 0.1804
532.5556 2902 0.1835
532.7778 2902 0.1836
572.3333 2902 0.1972
687.5556 2902 0.2369
729.8889 2902 0.2515
752.6667 2902 0.2594
742.8889 2902 0.256
751 2902 0.2588
798.4444 2902 0.2751
830.1111 2902 0.286
855.5556 2902 0.2948
887.4444 2902 0.3058
897.6667 2902 0.3093
915 2902 0.3153
1075.7778 2902 0.3707
1145.5556 2902 0.3947
1184.1111 2902 0.408
1152.4444 2902 0.3971
1195.4444 2902 0.4119
1122.7778 2902 0.3869
1027.7778 2902 0.3542
930.7778 2902 0.3207
835.4444 2902 0.2879
779.6667 2902 0.2687
750.1111 2902 0.2585
717.3333 2902 0.2472
827.5556 2902 0.2852
915.4444 2902 0.3155
951.4444 2902 0.3279
1056.8889 2902 0.3642
980.6667 2902 0.3379
941.3333 2902 0.3244
911.6667 2902 0.3142
921.3333 2902 0.3175
931.6667 2902 0.321
948.4444 2902 0.3268
893.8889 2902 0.308
838.4444 2902 0.2889
730.6667 2902 0.2518
778.7778 2902 0.2684
827.5556 2902 0.2852
918.2222 2902 0.3164
978 2902 0.337
1037.3333 2902 0.3575
884.2222 2902 0.3047
783.1111 2902 0.2699
704 2902 0.2426
731.1111 2902 0.2519
685.3333 2902 0.2362
670.7778 2902 0.2311
752.1111 2902 0.2592
864.5556 2902 0.2979
1070.2222 2902 0.3688
1290.1111 2902 0.4446
1247.7778 2902 0.43
1202.6667 2902 0.4144
1272.7778 2902 0.4386
1187.8889 2902 0.4093
1075.1111 2902 0.3705
1031.5556 2902 0.3555
1021.2222 2902 0.3519
1024 2902 0.3529
1117.8889 2902 0.3852
1232.2222 2902 0.4246
1252.8889 2902 0.4317
1198.3333 2902 0.4129
1211.4444 2902 0.4175
1150 2902 0.3963
1056.2222 2902 0.364
902.4444 2902 0.311
793.2222 2902 0.2733
712.3333 2902 0.2455
687 2902 0.2367
694.7778 2902 0.2394
705.4444 2902 0.2431
742.3333 2902 0.2558
790.7778 2902 0.2725
846.8889 2902 0.2918
849.5556 2902 0.2927
806.3333 2902 0.2779
819.5556 2902 0.2824
901.7778 2902 0.3107
925 2902 0.3187
935.4444 2902 0.3223
947.7778 2902 0.3266
867.3333 2902 0.2989
826.5556 2902 0.2848
879 2902 0.3029
884.7778 2902 0.3049
882.6667 2902 0.3042
871.5556 2902 0.3003
886.2222 2902 0.3054
851.1111 2902 0.2933
761.7778 2902 0.2625
713.8889 2902 0.246
726.8889 2902 0.2505
713.8889 2902 0.246
689.7778 2902 0.2377
654.5556 2902 0.2256
689.8889 2902 0.2377
753.1111 2902 0.2595
757.2222 2902 0.2609
672.7778 2902 0.2318
634.3333 2902 0.2186
612.2222 2902 0.211
563.5556 2902 0.1942
605.2222 2902 0.2086
565.1111 2902 0.1947
529.6667 2902 0.1825
467.7778 2902 0.1612
454.8889 2902 0.1568
518.7778 2902 0.1788
608 2902 0.2095
664.8889 2902 0.2291
707 2902 0.2436
711.2222 2902 0.2451
725.7778 2902 0.2501
730.3333 2902 0.2517
636.5556 2902 0.2194
580.1111 2902 0.1999
553.5556 2902 0.1907
553.4444 2902 0.1907
609.2222 2902 0.2099
673.6667 2902 0.2321
789.2222 2902 0.272
927.7778 2902 0.3197
937.2222 2902 0.323
874.2222 2902 0.3012
928.4444 2902 0.3199
987.4444 2902 0.3403
978.4444 2902 0.3372
901.8889 2902 0.3108
975.1111 2902 0.336
1060 2902 0.3653
1121.8889 2902 0.3866
1093.3333 2902 0.3768
1216.3333 2902 0.4191
1314.1111 2902 0.4528
1376.7778 2902 0.4744
1487 2902 0.5124
1337.1111 2902 0.4608
1173.3333 2902 0.4043
1114.5556 2902 0.3841
1003.6667 2902 0.3459
903.8889 2902 0.3115
838.1111 2902 0.2888
853.2222 2902 0.294
943.6667 2902 0.3252
1042.8889 2902 0.3594
1171 2902 0.4035
1168.3333 2902 0.4026
1126.6667 2902 0.3882
1102.3333 2902 0.3799
1082.4444 2902 0.373
927.6667 2902 0.3197
852 2902 0.2936
769.2222 2902 0.2651
759.6667 2902 0.2618
790.7778 2902 0.2725
804.8889 2902 0.2774
796.7778 2902 0.2746
753.4444 2902 0.2596
744.5556 2902 0.2566
700.7778 2902 0.2415
684.3333 2902 0.2358
702.8889 2902 0.2422
724.6667 2902 0.2497
695.4444 2902 0.2396
691.7778 2902 0.2384
695 2902 0.2395
693.7778 2902 0.2391
756.3333 2902 0.2606
870.7778 2902 0.3001
1025.5556 2902 0.3534
961.5556 2902 0.3313
902.7778 2902 0.3111
1014 2902 0.3494
977.3333 2902 0.3368
969.6667 2902 0.3341
918.6667 2902 0.3166
952.4444 2902 0.3282
924.8889 2902 0.3187
965.1111 2902 0.3326
1059.4444 2902 0.3651
1165.3333 2902 0.4016
1211.4444 2902 0.4175
1215.4444 2902 0.4188
1129.6667 2902 0.3893
1089 2902 0.3753
1100.4444 2902 0.3792
1025.1111 2902 0.3532
971.1111 2902 0.3346
891 2902 0.307
849.1111 2902 0.2926
859.8889 2902 0.2963
995.8889 2902 0.3432
1075.6667 2902 0.3707
1201.5556 2902 0.414
1124.5556 2902 0.3875
1075.5556 2902 0.3706
1061.2222 2902 0.3657
1037.7778 2902 0.3576
1026.1111 2902 0.3536
1035.7778 2902 0.3569
982.4444 2902 0.3385
1033.7778 2902 0.3562
1007.3333 2902 0.3471
1051.2222 2902 0.3622
977.2222 2902 0.3367
924.8889 2902 0.3187
880.4444 2902 0.3034
865.4444 2902 0.2982
809.5556 2902 0.279
774.5556 2902 0.2669
747.7778 2902 0.2577
692 2902 0.2385
650.7778 2902 0.2243
711.2222 2902 0.2451
654.1111 2902 0.2254
776.7778 2902 0.2677
874.4444 2902 0.3013
974.5556 2902 0.3358
1037.5556 2902 0.3575
1078.7778 2902 0.3717
980.7778 2902 0.338
959.7778 2902 0.3307
979.8889 2902 0.3377
1194.4444 2902 0.4116
1276.5556 2902 0.4399
1266.6667 2902 0.4365
1324.2222 2902 0.4563
1514.7778 2902 0.522
1587.5556 2902 0.5471
1647.6667 2902 0.5678
1660.3333 2902 0.5721
1593.2222 2902 0.549
1536.6667 2902 0.5295
1432.3333 2902 0.4936
1220.4444 2902 0.4206
1172.1111 2902 0.4039
1111.1111 2902 0.3829
1069 2902 0.3684
1006.7778 2902 0.3469
1006.4444 2902 0.3468
1031 2902 0.3553
1055.8889 2902 0.3638
902.5556 2902 0.311
854.2222 2902 0.2944
810.1111 2902 0.2792
792.5556 2902 0.2731
769.6667 2902 0.2652
749.5556 2902 0.2583
763.3333 2902 0.263
784.2222 2902 0.2702
866.6667 2902 0.2986
979.5556 2902 0.3375
1061.3333 2902 0.3657
1117.2222 2902 0.385
1156.8889 2902 0.3987
1162.2222 2902 0.4005
1054.5556 2902 0.3634
939.7778 2902 0.3238
884.1111 2902 0.3047
877.8889 2902 0.3025
917.5556 2902 0.3162
989.8889 2902 0.3411
965.8889 2902 0.3328
1067.1111 2902 0.3677
1148.6667 2902 0.3958
1178.1111 2902 0.406
1118.7778 2902 0.3855
1010 2902 0.348
976.1111 2902 0.3364
969.6667 2902 0.3341
938.3333 2902 0.3233
915 2902 0.3153
938.6667 2902 0.3235
895.1111 2902 0.3084
980.5556 2902 0.3379
1109.1111 2902 0.3822
1123.6667 2902 0.3872
1156.5556 2902 0.3985
1183.8889 2902 0.408
1125.1111 2902 0.3877
1007 2902 0.347
833.2222 2902 0.2871
758.4444 2902 0.2614
719.7778 2902 0.248
731.8889 2902 0.2522
648.2222 2902 0.2234
629.1111 2902 0.2168
712.7778 2902 0.2456
797.1111 2902 0.2747
957.2222 2902 0.3298
996.2222 2902 0.3433
999.6667 2902 0.3445
960.7778 2902 0.3311
1008.7778 2902 0.3476
993.4444 2902 0.3423
994.4444 2902 0.3427
995.1111 2902 0.3429
976.3333 2902 0.3364
986.1111 2902 0.3398
1006.3333 2902 0.3468
1016.2222 2902 0.3502
1058.4444 2902 0.3647
1116.8889 2902 0.3849
1169.1111 2902 0.4029
1079.5556 2902 0.372
985.4444 2902 0.3396
889.7778 2902 0.3066
842.7778 2902 0.2904
760.5556 2902 0.2621
756.6667 2902 0.2607
705.8889 2902 0.2432
719.7778 2902 0.248
861.3333 2902 0.2968
927.4444 2902 0.3196
860 2902 0.2963
793.5556 2902 0.2735
799.8889 2902 0.2756
851.2222 2902 0.2933
906.4444 2902 0.3124
923.6667 2902 0.3183
981.4444 2902 0.3382
1033.5556 2902 0.3562
1138 2902 0.3921
1165.6667 2902 0.4017
1185.2222 2902 0.4084
1182.7778 2902 0.4076
1196.2222 2902 0.4122
1187.8889 2902 0.4093
1002.8889 2902 0.3456
901.5556 2902 0.3107
832.7778 2902 0.287
782.5556 2902 0.2697
785.2222 2902 0.2706
721.8889 2902 0.2488
766.3333 2902 0.2641
826.8889 2902 0.2849
942.1111 2902 0.3246
1072.1111 2902 0.3694
1070.8889 2902 0.369
1034.8889 2902 0.3566
1025.7778 2902 0.3535
1077 2902 0.3711
1102.8889 2902 0.38
1122 2902 0.3866
1100.5556 2902 0.3792
1157 2902 0.3987
1198.6667 2902 0.413
1387.5556 2902 0.4781
1492.3333 2902 0.5142
1499.2222 2902 0.5166
1538 2902 0.53
1538.1111 2902 0.53
1360.4444 2902 0.4688
1244.3333 2902 0.4288
1152.7778 2902 0.3972
1028.3333 2902 0.3544
833.4444 2902 0.2872
798.8889 2902 0.2753
755.7778 2902 0.2604
897.3333 2902 0.3092
1065.7778 2902 0.3673
1122.8889 2902 0.3869
1122 2902 0.3866
1062.4444 2902 0.3661
1055.4444 2902 0.3637
1032.4444 2902 0.3558
1002.3333 2902 0.3454
1017.1111 2902 0.3505
987.7778 2902 0.3404
1081.8889 2902 0.3728
1107.3333 2902 0.3816
1341.4444 2902 0.4622
1380.2222 2902 0.4756
1404.1111 2902 0.4838
1464.3333 2902 0.5046
1463.6667 2902 0.5044
1407.4444 2902 0.485
1308.3333 2902 0.4508
1195.4444 2902 0.4119
1172.7778 2902 0.4041
1095 2902 0.3773
1035 2902 0.3567
955.8889 2902 0.3294
1089.7778 2902 0.3755
1296.7778 2902 0.4469
1420.2222 2902 0.4894
1471.4444 2902 0.507
1452.3333 2902 0.5005
1390.7778 2902 0.4792
1306.6667 2902 0.4503
1242.1111 2902 0.428
1233.6667 2902 0.4251
1276.5556 2902 0.4399
1244.3333 2902 0.4288
1199.5556 2902 0.4134
1386.1111 2902 0.4776
1447 2902 0.4986
1494.6667 2902 0.515
1466.2222 2902 0.5052
1513.1111 2902 0.5214
1409.7778 2902 0.4858
1263.8889 2902 0.4355
1152.4444 2902 0.3971
1091 2902 0.3759
983 2902 0.3387
914.5556 2902 0.3151
874 2902 0.3012
947 2902 0.3263
1047.5556 2902 0.361
1257.3333 2902 0.4333
1303.6667 2902 0.4492
1225.4444 2902 0.4223
1140.3333 2902 0.3929
1111.8889 2902 0.3831
1109.2222 2902 0.3822
1155 2902 0.398
1202.6667 2902 0.4144
1233.8889 2902 0.4252
1261.3333 2902 0.4346
1318 2902 0.4542
1326.6667 2902 0.4572
1316 2902 0.4535
1224.8889 2902 0.4221
1239.6667 2902 0.4272
1213.6667 2902 0.4182
1117.7778 2902 0.3852
1056.7778 2902 0.3642
922.4444 2902 0.3179
849.1111 2902 0.2926
813.8889 2902 0.2805
812.3333 2902 0.2799
915.4444 2902 0.3155
1034.6667 2902 0.3565
1156.2222 2902 0.3984
1179.7778 2902 0.4065
1131.3333 2902 0.3898
1104.4444 2902 0.3806
1133.2222 2902 0.3905
1132.1111 2902 0.3901
1091.8889 2902 0.3763
1162.2222 2902 0.4005
1223.5556 2902 0.4216
1197.4444 2902 0.4126
1181.7778 2902 0.4072
1260.7778 2902 0.4345
1350.3333 2902 0.4653
1349 2902 0.4649
1291.8889 2902 0.4452
1209.6667 2902 0.4168
1172.1111 2902 0.4039
1159.5556 2902 0.3996
1099.7778 2902 0.379
1035 2902 0.3567
1047.7778 2902 0.3611
1069.8889 2902 0.3687
1098.3333 2902 0.3785
1138.6667 2902 0.3924
1219.4444 2902 0.4202
1195 2902 0.4118
1094.6667 2902 0.3772
1191.8889 2902 0.4107
1181.7778 2902 0.4072
1204.2222 2902 0.415
1195.8889 2902 0.4121
1224 2902 0.4218
1232.7778 2902 0.4248
1253.4444 2902 0.4319
1405.1111 2902 0.4842
1403.2222 2902 0.4835
1438.3333 2902 0.4956
1465 2902 0.5048
1427.5556 2902 0.4919
1340.3333 2902 0.4619
1275.4444 2902 0.4395
1278.6667 2902 0.4406
1201.4444 2902 0.414
1112 2902 0.3832
1072.8889 2902 0.3697
1072.1111 2902 0.3694
1090.4444 2902 0.3758
1143.4444 2902 0.394
1220.8889 2902 0.4207
1251.4444 2902 0.4312
1270.4444 2902 0.4378
1218.2222 2902 0.4198
1189.4444 2902 0.4099
1172 2902 0.4039
1152.6667 2902 0.3972
1071 2902 0.3691
1126.7778 2902 0.3883
1160.5556 2902 0.3999
1246 2902 0.4294
1324.1111 2902 0.4563
1348.5556 2902 0.4647
1372.7778 2902 0.473
1398.5556 2902 0.4819
1352.7778 2902 0.4662
1335 2902 0.46
1284.2222 2902 0.4425
1241.8889 2902 0.4279
1215 2902 0.4187
1129.5556 2902 0.3892
1127.6667 2902 0.3886
1251.2222 2902 0.4312
1246 2902 0.4294
1330.7778 2902 0.4586
1320 2902 0.4549
1257.7778 2902 0.4334
1238.8889 2902 0.4269
1183.6667 2902 0.4079
1121 2902 0.3863
1095 2902 0.3773
1074.2222 2902 0.3702
1050.4444 2902 0.362
1111.4444 2902 0.383
1145.7778 2902 0.3948
1150.1111 2902 0.3963
1136.7778 2902 0.3917
1084.8889 2902 0.3738
1035.8889 2902 0.357
1012.5556 2902 0.3489
951.2222 2902 0.3278
901.4444 2902 0.3106
869.5556 2902 0.2996
837.7778 2902 0.2887
849.3333 2902 0.2927
901.4444 2902 0.3106
953.7778 2902 0.3287
1072.4444 2902 0.3696
1142.2222 2902 0.3936
1126.3333 2902 0.3881
1082.7778 2902 0.3731
1103.4444 2902 0.3802
1132 2902 0.3901
1176 2902 0.4052
1152.4444 2902 0.3971
1107.1111 2902 0.3815
1157 2902 0.3987
1231.2222 2902 0.4243
1445.7778 2902 0.4982
1452.4444 2902 0.5005
1377.5556 2902 0.4747
1354 2902 0.4666
1334.2222 2902 0.4598
1324.8889 2902 0.4565
1184.6667 2902 0.4082
1091.3333 2902 0.3761
986.6667 2902 0.34
941.5556 2902 0.3245
949.3333 2902 0.3271
1045.3333 2902 0.3602
1115.7778 2902 0.3845
1192.7778 2902 0.411
1203.7778 2902 0.4148
1201.3333 2902 0.414
1177 2902 0.4056
1149.8889 2902 0.3962
1194.1111 2902 0.4115
1142.6667 2902 0.3938
1124.1111 2902 0.3874
1077.7778 2902 0.3714
1032.8889 2902 0.3559
1101.7778 2902 0.3797
1195.4444 2902 0.4119
1248.6667 2902 0.4303
1286.6667 2902 0.4434
1288.8889 2902 0.4441
1226.2222 2902 0.4225
1187.6667 2902 0.4093
1099.1111 2902 0.3787
1035.2222 2902 0.3567
964.1111 2902 0.3322
881 2902 0.3036
881.4444 2902 0.3037
871.1111 2902 0.3002
893.4444 2902 0.3079
969.4444 2902 0.3341
1062.4444 2902 0.3661
1019.8889 2902 0.3514
906.3333 2902 0.3123
786.6667 2902 0.2711
707 2902 0.2436
726.6667 2902 0.2504
743 2902 0.256
705.1111 2902 0.243
746.8889 2902 0.2574
857.4444 2902 0.2955
932.2222 2902 0.3212
945.4444 2902 0.3258
923.6667 2902 0.3183
932.7778 2902 0.3214
877.4444 2902 0.3024
820.8889 2902 0.2829
766.4444 2902 0.2641
676.5556 2902 0.2331
648.2222 2902 0.2234
689.6667 2902 0.2377
710.3333 2902 0.2448
771.8889 2902 0.266
870.3333 2902 0.2999
912.2222 2902 0.3143
1002 2902 0.3453
945.3333 2902 0.3258
874.6667 2902 0.3014
816 2902 0.2812
727.7778 2902 0.2508
698.2222 2902 0.2406
704.3333 2902 0.2427
730.2222 2902 0.2516
817.2222 2902 0.2816
835 2902 0.2877
926.4444 2902 0.3192
1009.3333 2902 0.3478
1052.6667 2902 0.3627
1058.5556 2902 0.3648
1085.8889 2902 0.3742
1089.3333 2902 0.3754
1070.8889 2902 0.369
985.6667 2902 0.3397
922.7778 2902 0.318
873.5556 2902 0.301
861.6667 2902 0.2969
943.6667 2902 0.3252
1049.2222 2902 0.3616
1278.5556 2902 0.4406
1508.8889 2902 0.5199
1478.1111 2902 0.5093
1424.2222 2902 0.4908
1392.4444 2902 0.4798
1287.2222 2902 0.4436
1217.1111 2902 0.4194
1121.3333 2902 0.3864
1086.1111 2902 0.3743
937 2902 0.3229
978.1111 2902 0.337
1076 2902 0.3708
1095.1111 2902 0.3774
1107.8889 2902 0.3818
1082.4444 2902 0.373
1041.1111 2902 0.3588
997 2902 0.3436
950.3333 2902 0.3275