691.1111 2902 0.2381
705.1111 2902 0.243
650 2902 0.224
615.8889 2902 0.2122
549.7778 2902 0.1894
483.3333 2902 0.1666
460.6667 2902 0.1587
400.3333 2902 0.138
436 2902 0.1502
455.3333 2902 0.1569
473.6667 2902 0.1632
527.4444 2902 0.1818
581.4444 2902 0.2004
576.7778 2902 0.1988
592.5556 2902 0.2042
605 2902 0.2085
632.5556 2902 0.218
620.3333 2902 0.2138
605.7778 2902 0.2087
583.5556 2902 0.2011
605.8889 2902 0.2088
656.4444 2902 0.2262
639.6667 2902 0.2204
684.3333 2902 0.2358
793.5556 2902 0.2735
762 2902 0.2626
681.4444 2902 0.2348
719.3333 2902 0.2479
785.7778 2902 0.2708
850.4444 2902 0.2931
818.6667 2902 0.2821
757.3333 2902 0.261
699 2902 0.2409
636.5556 2902 0.2194
619.7778 2902 0.2136
596.5556 2902 0.2056
603.3333 2902 0.2079
589.1111 2902 0.203
581.4444 2902 0.2004
588.7778 2902 0.2029
624.6667 2902 0.2153
624 2902 0.215
634.3333 2902 0.2186
609.8889 2902 0.2102
610.4444 2902 0.2104
590.8889 2902 0.2036
586.1111 2902 0.202
578.5556 2902 0.1994
617.7778 2902 0.2129
555.8889 2902 0.1916
523.6667 2902 0.1805
503 2902 0.1733
535.1111 2902 0.1844
488.3333 2902 0.1683
456.2222 2902 0.1572
424.6667 2902 0.1463
404.6667 2902 0.1394
417.6667 2902 0.1439
451.3333 2902 0.1555
470.7778 2902 0.1622
541.4444 2902 0.1866
555.4444 2902 0.1914
594.7778 2902 0.205
644.3333 2902 0.222
606.3333 2902 0.2089
564 2902 0.1943
550 2902 0.1895
565.5556 2902 0.1949
495.1111 2902 0.1706
493.7778 2902 0.1702
472.8889 2902 0.163
552.8889 2902 0.1905
529.4444 2902 0.1824
487.6667 2902 0.168
456.3333 2902 0.1572
481.5556 2902 0.1659
479.5556 2902 0.1653
528.4444 2902 0.1821
548.3333 2902 0.189
476.5556 2902 0.1642
510.5556 2902 0.1759
537.1111 2902 0.1851
515 2902 0.1775
499.2222 2902 0.172
520.3333 2902 0.1793
507.4444 2902 0.1749
467.2222 2902 0.161
494.7778 2902 0.1705
494.5556 2902 0.1704
481 2902 0.1657
413.4444 2902 0.1425
410.1111 2902 0.1413
432.1111 2902 0.1489
424.6667 2902 0.1463
376.2222 2902 0.1296
339.2222 2902 0.1169
369.2222 2902 0.1272
364 2902 0.1254
359.8889 2902 0.124
392.1111 2902 0.1351
378.6667 2902 0.1305
403.7778 2902 0.1391
418.2222 2902 0.1441
378.6667 2902 0.1305
355.2222 2902 0.1224
383 2902 0.132
414.4444 2902 0.1428
454.4444 2902 0.1566
512.5556 2902 0.1766
461.6667 2902 0.1591
506.1111 2902 0.1744
535.8889 2902 0.1847
599.4444 2902 0.2066
616.1111 2902 0.2123
635.3333 2902 0.2189
646.7778 2902 0.2229
646 2902 0.2226
642.5556 2902 0.2214
619.3333 2902 0.2134
664.5556 2902 0.229
636.6667 2902 0.2194
547.8889 2902 0.1888
487.1111 2902 0.1679
479.2222 2902 0.1651
497.4444 2902 0.1714
520.2222 2902 0.1793
556.8889 2902 0.1919
524.1111 2902 0.1806
520.3333 2902 0.1793
611.7778 2902 0.2108
650.7778 2902 0.2243
584.4444 2902 0.2014
514.4444 2902 0.1773
531.7778 2902 0.1832
490.3333 2902 0.169
521.3333 2902 0.1796
570.8889 2902 0.1967
531.3333 2902 0.1831
513.6667 2902 0.177
504.2222 2902 0.1737
512.5556 2902 0.1766
547.7778 2902 0.1888
553.6667 2902 0.1908
564 2902 0.1943
546.6667 2902 0.1884
452 2902 0.1558
459.6667 2902 0.1584
454.1111 2902 0.1565
540.8889 2902 0.1864
543.4444 2902 0.1873
525.6667 2902 0.1811
458.8889 2902 0.1581
437.8889 2902 0.1509
446.1111 2902 0.1537
441.5556 2902 0.1522
510.2222 2902 0.1758
572.8889 2902 0.1974
570.1111 2902 0.1965
534.3333 2902 0.1841
605.6667 2902 0.2087
552.4444 2902 0.1904
469.6667 2902 0.1618
481.8889 2902 0.1661
443.4444 2902 0.1528
489.3333 2902 0.1686
494.5556 2902 0.1704
506 2902 0.1744
438.2222 2902 0.151
363.3333 2902 0.1252
392.3333 2902 0.1352
452.3333 2902 0.1559
471.4444 2902 0.1625
449.5556 2902 0.1549
437.7778 2902 0.1509
396.6667 2902 0.1367
398.5556 2902 0.1373
352.7778 2902 0.1216
299.6667 2902 0.1033
359.4444 2902 0.1239
408.6667 2902 0.1408
434.8889 2902 0.1499
461.4444 2902 0.159
469.2222 2902 0.1617
533.7778 2902 0.1839
526.8889 2902 0.1816
421.1111 2902 0.1451
349 2902 0.1203
410.7778 2902 0.1415
468.4444 2902 0.1614
530.6667 2902 0.1829
407 2902 0.1402
366.7778 2902 0.1264
361.4444 2902 0.1246
350 2902 0.1206
376.6667 2902 0.1298
431.6667 2902 0.1487
418.1111 2902 0.1441
379.1111 2902 0.1306
375 2902 0.1292
312.6667 2902 0.1077
294.4444 2902 0.1015
350.4444 2902 0.1208
365.7778 2902 0.126
388 2902 0.1337
448.7778 2902 0.1546
484.6667 2902 0.167
515.1111 2902 0.1775
599.1111 2902 0.2064
557.2222 2902 0.192
487.1111 2902 0.1679
454.5556 2902 0.1566
451.1111 2902 0.1554
477.2222 2902 0.1644
472.8889 2902 0.163
470.7778 2902 0.1622
455.7778 2902 0.1571
506.3333 2902 0.1745
481.6667 2902 0.166
498.1111 2902 0.1716
387.5556 2902 0.1335
542.8889 2902 0.1871
512.3333 2902 0.1765
529.4444 2902 0.1824
539.4444 2902 0.1859
591.5556 2902 0.2038
643.8889 2902 0.2219
712 2902 0.2453
712.4444 2902 0.2455
747.5556 2902 0.2576
766.6667 2902 0.2642
726.7778 2902 0.2504
834.8889 2902 0.2877
848.1111 2902 0.2923
817 2902 0.2815
725.3333 2902 0.2499
660.7778 2902 0.2277
684.2222 2902 0.2358
655 2902 0.2257
586.4444 2902 0.2021
476.7778 2902 0.1643
432 2902 0.1489
428.8889 2902 0.1478
416.4444 2902 0.1435
408.5556 2902 0.1408
396.7778 2902 0.1367
390.2222 2902 0.1345
483.5556 2902 0.1666
483.7778 2902 0.1667
432.3333 2902 0.149
409.8889 2902 0.1412
437.7778 2902 0.1509
491.1111 2902 0.1692
523.1111 2902 0.1803
537.8889 2902 0.1854
552.5556 2902 0.1904
577.3333 2902 0.1989
584.3333 2902 0.2014
537.4444 2902 0.1852
494.4444 2902 0.1704
497.2222 2902 0.1713
588.4444 2902 0.2028
654.7778 2902 0.2256
666.4444 2902 0.2297
717.1111 2902 0.2471
606.1111 2902 0.2089
631.8889 2902 0.2177
667.6667 2902 0.2301
592.5556 2902 0.2042
537.7778 2902 0.1853
490.3333 2902 0.169
509.3333 2902 0.1755
541.3333 2902 0.1865
510 2902 0.1757
563.1111 2902 0.194
603.6667 2902 0.208
691.6667 2902 0.2383
759.1111 2902 0.2616
821.5556 2902 0.2831
784.7778 2902 0.2704
829.7778 2902 0.2859
868.7778 2902 0.2994
794.6667 2902 0.2738
728.1111 2902 0.2509
708.2222 2902 0.244
700.2222 2902 0.2413
744.2222 2902 0.2565
690.3333 2902 0.2379
558.3333 2902 0.1924
416.1111 2902 0.1434
375.8889 2902 0.1295
467.7778 2902 0.1612
430.1111 2902 0.1482
421.6667 2902 0.1453
434.6667 2902 0.1498
421.5556 2902 0.1453
496.5556 2902 0.1711
515 2902 0.1775
477.4444 2902 0.1645
554.5556 2902 0.1911
660.2222 2902 0.2275
767.7778 2902 0.2646
866 2902 0.2984
907.1111 2902 0.3126
916.3333 2902 0.3158
1060.2222 2902 0.3653
1074 2902 0.3701
905.6667 2902 0.3121
784.6667 2902 0.2704
747.5556 2902 0.2576
692.7778 2902 0.2387
614.5556 2902 0.2118
572.4444 2902 0.1973
640 2902 0.2205
586.4444 2902 0.2021
555.5556 2902 0.1914
549.5556 2902 0.1894
606.2222 2902 0.2089
589.7778 2902 0.2032
581.5556 2902 0.2004
574.8889 2902 0.1981
545 2902 0.1878
483.1111 2902 0.1665
469.6667 2902 0.1618
485.6667 2902 0.1674
516.8889 2902 0.1781
536.1111 2902 0.1847
531.5556 2902 0.1832
503.2222 2902 0.1734
457.2222 2902 0.1576
393.1111 2902 0.1355
372.5556 2902 0.1284
340.5556 2902 0.1174
360.5556 2902 0.1242
368.2222 2902 0.1269
368.5556 2902 0.127
308.5556 2902 0.1063
266.1111 2902 0.0917
267.6667 2902 0.0922
280.4444 2902 0.0966
300.2222 2902 0.1035
310.1111 2902 0.1069
276.5556 2902 0.0953
288.2222 2902 0.0993
248.8889 2902 0.0858
215.6667 2902 0.0743
210.8889 2902 0.0727
215.4444 2902 0.0742
212.3333 2902 0.0732
245.6667 2902 0.0847
266.6667 2902 0.0919
276.2222 2902 0.0952
291.1111 2902 0.1003
330.2222 2902 0.1138
347.6667 2902 0.1198
353.3333 2902 0.1218
338.2222 2902 0.1165
397.6667 2902 0.137
481.5556 2902 0.1659
522.4444 2902 0.18
571.2222 2902 0.1968
602.3333 2902 0.2076
588.2222 2902 0.2027
574.7778 2902 0.1981
581.8889 2902 0.2005
647.2222 2902 0.223
626.4444 2902 0.2159
559.6667 2902 0.1929
458 2902 0.1578
485.4444 2902 0.1673
512.1111 2902 0.1765
465.5556 2902 0.1604
428.7778 2902 0.1478
411.4444 2902 0.1418
442.4444 2902 0.1525
525.5556 2902 0.1811
534.5556 2902 0.1842
552.7778 2902 0.1905
537.1111 2902 0.1851
484.8889 2902 0.1671
456.4444 2902 0.1573
489.6667 2902 0.1687
483.3333 2902 0.1666
420.7778 2902 0.145
368.2222 2902 0.1269
369 2902 0.1272
410.7778 2902 0.1415
430 2902 0.1482
425.3333 2902 0.1466
417.1111 2902 0.1437
389.2222 2902 0.1341
410 2902 0.1413
378.8889 2902 0.1306
386 2902 0.133
466.2222 2902 0.1607
445.6667 2902 0.1536
480.7778 2902 0.1657
468.8889 2902 0.1616
494.4444 2902 0.1704
492 2902 0.1695
543.7778 2902 0.1874
680.6667 2902 0.2346
709.2222 2902 0.2444
704.4444 2902 0.2427
774.2222 2902 0.2668
815.4444 2902 0.281
801.7778 2902 0.2763
797.7778 2902 0.2749
797 2902 0.2746
700.1111 2902 0.2413
652.3333 2902 0.2248
641.1111 2902 0.2209
605.2222 2902 0.2086
616.8889 2902 0.2126
558.1111 2902 0.1923
553.3333 2902 0.1907
598.6667 2902 0.2063
598.6667 2902 0.2063
742.1111 2902 0.2557
811.1111 2902 0.2795
814.5556 2902 0.2807
811.7778 2902 0.2797
824.2222 2902 0.284
811.8889 2902 0.2798
847.4444 2902 0.292
802 2902 0.2764
719.1111 2902 0.2478
677.7778 2902 0.2336
626.6667 2902 0.2159
619.1111 2902 0.2133
602.1111 2902 0.2075
593.6667 2902 0.2046
561.1111 2902 0.1934
533.4444 2902 0.1838
507.1111 2902 0.1747
505.2222 2902 0.1741
480.2222 2902 0.1655
452.1111 2902 0.1558
456.7778 2902 0.1574
456 2902 0.1571
391.8889 2902 0.135
366.3333 2902 0.1262
352.4444 2902 0.1214
353.2222 2902 0.1217
340.5556 2902 0.1174
363.4444 2902 0.1252
357.4444 2902 0.1232
385.2222 2902 0.1327
406 2902 0.1399
388.2222 2902 0.1338
360.8889 2902 0.1244
332.2222 2902 0.1145
308.8889 2902 0.1064
346.2222 2902 0.1193
375.3333 2902 0.1293
360.6667 2902 0.1243
388.8889 2902 0.134
399.3333 2902 0.1376
408.5556 2902 0.1408
407.5556 2902 0.1404
362.3333 2902 0.1249
341.5556 2902 0.1177
387.3333 2902 0.1335
378.2222 2902 0.1303
343.4444 2902 0.1183
324.6667 2902 0.1119
314.4444 2902 0.1084
325.5556 2902 0.1122
324.4444 2902 0.1118
400.8889 2902 0.1381
411.2222 2902 0.1417
429 2902 0.1478
481.6667 2902 0.166
486.1111 2902 0.1675
463.3333 2902 0.1597
399.1111 2902 0.1375
381.6667 2902 0.1315
414.4444 2902 0.1428
450.2222 2902 0.1551
511.3333 2902 0.1762
531.4444 2902 0.1831
570 2902 0.1964
600 2902 0.2068
586.1111 2902 0.202
528.8889 2902 0.1822
582.5556 2902 0.2007
561.5556 2902 0.1935
560.7778 2902 0.1932
459.2222 2902 0.1582
433.4444 2902 0.1494
458.5556 2902 0.158
524.5556 2902 0.1808
580.7778 2902 0.2001
628.8889 2902 0.2167
656.3333 2902 0.2262
673.1111 2902 0.2319
727.3333 2902 0.2506
760.3333 2902 0.262
727.6667 2902 0.2507
673.3333 2902 0.232
653.3333 2902 0.2251
658.8889 2902 0.227
612 2902 0.2109
647.7778 2902 0.2232
644 2902 0.2219
528 2902 0.1819
563.8889 2902 0.1943
519 2902 0.1788
497.5556 2902 0.1715
510 2902 0.1757
525.1111 2902 0.1809
570.1111 2902 0.1965
596.1111 2902 0.2054
601.5556 2902 0.2073
607.6667 2902 0.2094
575.6667 2902 0.1984
575.4444 2902 0.1983
656.7778 2902 0.2263
768.1111 2902 0.2647
841.6667 2902 0.29
807.2222 2902 0.2782
855 2902 0.2946
810.8889 2902 0.2794
804.8889 2902 0.2774
876.8889 2902 0.3022
893.3333 2902 0.3078
871 2902 0.3001
910.8889 2902 0.3139
827.7778 2902 0.2852
765.5556 2902 0.2638
648.6667 2902 0.2235
628 2902 0.2164
600.8889 2902 0.2071
553.3333 2902 0.1907
500.1111 2902 0.1723
508.2222 2902 0.1751
522.5556 2902 0.1801
541.4444 2902 0.1866
581.8889 2902 0.2005
582.8889 2902 0.2009
515.6667 2902 0.1777
520.2222 2902 0.1793
536.1111 2902 0.1847
520.7778 2902 0.1795
524.5556 2902 0.1808
473.5556 2902 0.1632
405.1111 2902 0.1396
334.5556 2902 0.1153
295 2902 0.1017
305.8889 2902 0.1054
356.4444 2902 0.1228
394.3333 2902 0.1359
387.4444 2902 0.1335
341.6667 2902 0.1177
400.7778 2902 0.1381
370.4444 2902 0.1277
360 2902 0.1241
345 2902 0.1189
286.8889 2902 0.0989
285.2222 2902 0.0983
281.6667 2902 0.0971
301.4444 2902 0.1039
327.2222 2902 0.1128
370.8889 2902 0.1278
458.5556 2902 0.158
476.8889 2902 0.1643
511.8889 2902 0.1764
527.7778 2902 0.1819
588.3333 2902 0.2027
560.8889 2902 0.1933
502.8889 2902 0.1733
444.8889 2902 0.1533
397.1111 2902 0.1368
376.8889 2902 0.1299
366.8889 2902 0.1264
390.4444 2902 0.1345
387.7778 2902 0.1336
351.3333 2902 0.1211
351.3333 2902 0.1211
332.7778 2902 0.1147
348.8889 2902 0.1202
379.3333 2902 0.1307
318.8889 2902 0.1099
284.4444 2902 0.098
304.6667 2902 0.105
290.1111 2902 0.1
254.5556 2902 0.0877
266.6667 2902 0.0919
289 2902 0.0996
303.1111 2902 0.1044
305.7778 2902 0.1054
283.8889 2902 0.0978
268.1111 2902 0.0924
269.1111 2902 0.0927
261.2222 2902 0.09
230.1111 2902 0.0793
189.7778 2902 0.0654
210.6667 2902 0.0726
265.1111 2902 0.0914
262.2222 2902 0.0904
294.2222 2902 0.1014
300.8889 2902 0.1037
283.1111 2902 0.0976
271.1111 2902 0.0934
295.3333 2902 0.1018
339.5556 2902 0.117
310.4444 2902 0.107
327.7778 2902 0.1129
297.8889 2902 0.1026
338 2902 0.1165
421.2222 2902 0.1451
461.7778 2902 0.1591
452.7778 2902 0.156
468.8889 2902 0.1616
490.1111 2902 0.1689
448.7778 2902 0.1546
451.5556 2902 0.1556
496.4444 2902 0.1711
546 2902 0.1881
494.6667 2902 0.1705
440.6667 2902 0.1518
477.6667 2902 0.1646
541.4444 2902 0.1866
555.2222 2902 0.1913
490.7778 2902 0.1691
501 2902 0.1726
536.3333 2902 0.1848
519.6667 2902 0.1791
509.2222 2902 0.1755
515.5556 2902 0.1777
546.1111 2902 0.1882
559.7778 2902 0.1929
584.6667 2902 0.2015
626.4444 2902 0.2159
695.8889 2902 0.2398
779.3333 2902 0.2686
839.1111 2902 0.2891
823.5556 2902 0.2838
819.2222 2902 0.2823
819.1111 2902 0.2823
819.1111 2902 0.2823
801 2902 0.276
710 2902 0.2447
647.6667 2902 0.2232
631.2222 2902 0.2175
656.3333 2902 0.2262
684.6667 2902 0.2359
684 2902 0.2357
642.4444 2902 0.2214
645.3333 2902 0.2224
651.7778 2902 0.2246
641 2902 0.2209
629.3333 2902 0.2169
630 2902 0.2171
576.4444 2902 0.1986
518.5556 2902 0.1787
447.8889 2902 0.1543
421.7778 2902 0.1453
409.1111 2902 0.141
439.1111 2902 0.1513
494.6667 2902 0.1705
623.4444 2902 0.2148
744 2902 0.2564
774.8889 2902 0.267
808.7778 2902 0.2787
821.3333 2902 0.283
734.5556 2902 0.2531
712.7778 2902 0.2456
690 2902 0.2378
673.4444 2902 0.2321
632.2222 2902 0.2179
593.8889 2902 0.2046
621 2902 0.214
609.4444 2902 0.21
564.7778 2902 0.1946
553.5556 2902 0.1907
504.7778 2902 0.1739
439.1111 2902 0.1513
441.1111 2902 0.152
413.1111 2902 0.1424
367.6667 2902 0.1267
374.3333 2902 0.129
378.1111 2902 0.1303
441.6667 2902 0.1522
506.6667 2902 0.1746
623.4444 2902 0.2148
686.7778 2902 0.2367
753.5556 2902 0.2597
800.3333 2902 0.2758
815.8889 2902 0.2811
794.1111 2902 0.2736
757.1111 2902 0.2609
683 2902 0.2354
690.3333 2902 0.2379
709.6667 2902 0.2445
673.5556 2902 0.2321
639.8889 2902 0.2205
703.7778 2902 0.2425
607.2222 2902 0.2092
547.7778 2902 0.1888
577 2902 0.1988
562.4444 2902 0.1938
487.7778 2902 0.1681
425.6667 2902 0.1467
369.2222 2902 0.1272
447 2902 0.154
462.5556 2902 0.1594
491.6667 2902 0.1694
553.6667 2902 0.1908
596.6667 2902 0.2056
613.2222 2902 0.2113
675.2222 2902 0.2327
683.1111 2902 0.2354
723.5556 2902 0.2493
680.4444 2902 0.2345
605.5556 2902 0.2087
575.7778 2902 0.1984
610.6667 2902 0.2104
670.3333 2902 0.231
680 2902 0.2343
595.2222 2902 0.2051