541.2222 2902 0.1865
568.6667 2902 0.196
629.5556 2902 0.2169
594.6667 2902 0.2049
585.4444 2902 0.2017
537.1111 2902 0.1851
472.1111 2902 0.1627
435.3333 2902 0.15
413.7778 2902 0.1426
456.7778 2902 0.1574
524.4444 2902 0.1807
613.7778 2902 0.2115
730.1111 2902 0.2516
778.7778 2902 0.2684
766.7778 2902 0.2642
718 2902 0.2474
698.5556 2902 0.2407
648.8889 2902 0.2236
601.7778 2902 0.2074
525.7778 2902 0.1812
606.8889 2902 0.2091
666.8889 2902 0.2298
711.4444 2902 0.2452
754.5556 2902 0.26
757.8889 2902 0.2612
698.6667 2902 0.2408
577.7778 2902 0.1991
439.1111 2902 0.1513
375.5556 2902 0.1294
308.6667 2902 0.1064
292.6667 2902 0.1009
317.5556 2902 0.1094
334.1111 2902 0.1151
363.7778 2902 0.1254
447.7778 2902 0.1543
555.2222 2902 0.1913
584.1111 2902 0.2013
577.5556 2902 0.199
578.5556 2902 0.1994
586.3333 2902 0.202
672.5556 2902 0.2318
597.5556 2902 0.2059
561.1111 2902 0.1934
489.7778 2902 0.1688
436.1111 2902 0.1503
364.6667 2902 0.1257
367 2902 0.1265
336.3333 2902 0.1159
297.6667 2902 0.1026
270 2902 0.093
208.1111 2902 0.0717
189.6667 2902 0.0654
197.8889 2902 0.0682
207.1111 2902 0.0714
190.7778 2902 0.0657
153 2902 0.0527
149.8889 2902 0.0517
200.5556 2902 0.0691
236 2902 0.0813
269.4444 2902 0.0928
289.8889 2902 0.0999
333.8889 2902 0.1151
353.5556 2902 0.1218
379.3333 2902 0.1307
355.3333 2902 0.1224
312.2222 2902 0.1076
272.3333 2902 0.0938
233.2222 2902 0.0804
270.8889 2902 0.0933
332.6667 2902 0.1146
358.5556 2902 0.1236
363.8889 2902 0.1254
349.6667 2902 0.1205
342 2902 0.1178
359.4444 2902 0.1239
295.2222 2902 0.1017
264.3333 2902 0.0911
211.8889 2902 0.073
178.6667 2902 0.0616
142.3333 2902 0.049
109.4444 2902 0.0377
106.7778 2902 0.0368
124.5556 2902 0.0429
133.7778 2902 0.0461
185.4444 2902 0.0639
263.2222 2902 0.0907
282.2222 2902 0.0973
304.2222 2902 0.1048
304.2222 2902 0.1048
298.3333 2902 0.1028
252.3333 2902 0.087
227.5556 2902 0.0784
225.6667 2902 0.0778
250.1111 2902 0.0862
292.4444 2902 0.1008
318.6667 2902 0.1098
357.4444 2902 0.1232
318.4444 2902 0.1097
309.3333 2902 0.1066
309.1111 2902 0.1065
292.8889 2902 0.1009
275.6667 2902 0.095
243.3333 2902 0.0839
206.2222 2902 0.0711
179.6667 2902 0.0619
220 2902 0.0758
263.8889 2902 0.0909
294.2222 2902 0.1014
321.4444 2902 0.1108
348.7778 2902 0.1202
354.6667 2902 0.1222
398.3333 2902 0.1373
401.2222 2902 0.1383
389.8889 2902 0.1344
332.7778 2902 0.1147
338.3333 2902 0.1166
377.1111 2902 0.1299
404.3333 2902 0.1393
447.5556 2902 0.1542
522.8889 2902 0.1802
560.7778 2902 0.1932
525.5556 2902 0.1811
535 2902 0.1844
475 2902 0.1637
494.4444 2902 0.1704
470.3333 2902 0.1621
500.1111 2902 0.1723
416.4444 2902 0.1435
331 2902 0.1141
336 2902 0.1158
442.7778 2902 0.1526
483.1111 2902 0.1665
515.4444 2902 0.1776
559.2222 2902 0.1927
534.2222 2902 0.1841
544.7778 2902 0.1877
503 2902 0.1733
486.7778 2902 0.1677
483.3333 2902 0.1666
470.3333 2902 0.1621
505.4444 2902 0.1742
598 2902 0.2061
606.7778 2902 0.2091
625.1111 2902 0.2154
631.8889 2902 0.2177
552.4444 2902 0.1904
541.1111 2902 0.1865
529 2902 0.1823
500.6667 2902 0.1725
486.1111 2902 0.1675
500.5556 2902 0.1725
451.8889 2902 0.1557
419.3333 2902 0.1445
483 2902 0.1664
521.8889 2902 0.1798
568.6667 2902 0.196
607.5556 2902 0.2094
622.6667 2902 0.2146
564.7778 2902 0.1946
551.7778 2902 0.1901
577.5556 2902 0.199
569.2222 2902 0.1961
486.5556 2902 0.1677
397.1111 2902 0.1368
391.4444 2902 0.1349
396.7778 2902 0.1367
409.6667 2902 0.1412
366.3333 2902 0.1262
372 2902 0.1282
350.2222 2902 0.1207
350.1111 2902 0.1206
308.3333 2902 0.1062
286.3333 2902 0.0987
279.6667 2902 0.0964
278 2902 0.0958
293.1111 2902 0.101
260.6667 2902 0.0898
255.3333 2902 0.088
270.6667 2902 0.0933
312.4444 2902 0.1077
294.3333 2902 0.1014
342.5556 2902 0.118
365.1111 2902 0.1258
423.8889 2902 0.1461
437.2222 2902 0.1507
416.1111 2902 0.1434
346.1111 2902 0.1193
305 2902 0.1051
335.4444 2902 0.1156
350.6667 2902 0.1208
382.6667 2902 0.1319
416.1111 2902 0.1434
420 2902 0.1447
468.6667 2902 0.1615
448.1111 2902 0.1544
360.3333 2902 0.1242
330.5556 2902 0.1139
313.2222 2902 0.1079
257.6667 2902 0.0888
260.2222 2902 0.0897
247 2902 0.0851
275.6667 2902 0.095
263.3333 2902 0.0907
295.7778 2902 0.1019
347.4444 2902 0.1197
401.8889 2902 0.1385
465 2902 0.1602
625.4444 2902 0.2155
613.2222 2902 0.2113
603.7778 2902 0.2081
582 2902 0.2006
485.7778 2902 0.1674
471.2222 2902 0.1624
507.2222 2902 0.1748
498.3333 2902 0.1717
495.2222 2902 0.1706
487 2902 0.1678
440.7778 2902 0.1519
411 2902 0.1416
379.8889 2902 0.1309
358.1111 2902 0.1234
346.7778 2902 0.1195
326.6667 2902 0.1126
322.7778 2902 0.1112
322.1111 2902 0.111
341.7778 2902 0.1178
382.5556 2902 0.1318
469.1111 2902 0.1617
531 2902 0.183
538.2222 2902 0.1855
532.5556 2902 0.1835
562.1111 2902 0.1937
604.3333 2902 0.2082
579.3333 2902 0.1996
470 2902 0.162
400.4444 2902 0.138
399.4444 2902 0.1376
389.4444 2902 0.1342
334.2222 2902 0.1152
300 2902 0.1034
318.3333 2902 0.1097
298.1111 2902 0.1027
302.8889 2902 0.1044
296.3333 2902 0.1021
257.4444 2902 0.0887
224.4444 2902 0.0773
166.5556 2902 0.0574
98.3333 2902 0.0339
70.5556 2902 0.0243
80.7778 2902 0.0278
112.7778 2902 0.0389
165.4444 2902 0.057
239.6667 2902 0.0826
309.7778 2902 0.1067
349.8889 2902 0.1206
335.4444 2902 0.1156
323.7778 2902 0.1116
298.7778 2902 0.103
272.3333 2902 0.0938
232.7778 2902 0.0802
233.2222 2902 0.0804
238.7778 2902 0.0823
239.4444 2902 0.0825
245.3333 2902 0.0845
258.5556 2902 0.0891
246.3333 2902 0.0849
244.5556 2902 0.0843
234.5556 2902 0.0808
217 2902 0.0748
216.1111 2902 0.0745
229 2902 0.0789
219.4444 2902 0.0756
167.5556 2902 0.0577
169.6667 2902 0.0585
210.2222 2902 0.0724
264.8889 2902 0.0913
321.5556 2902 0.1108
351.5556 2902 0.1211
366.6667 2902 0.1263
387.5556 2902 0.1335
356 2902 0.1227
365.1111 2902 0.1258
329.7778 2902 0.1136
319.3333 2902 0.11
403.7778 2902 0.1391
456.2222 2902 0.1572
429.1111 2902 0.1479
374.3333 2902 0.129
397.8889 2902 0.1371
417 2902 0.1437
430 2902 0.1482
453.1111 2902 0.1561
502.4444 2902 0.1731
501 2902 0.1726
464.4444 2902 0.16
381 2902 0.1313
400 2902 0.1378
412.5556 2902 0.1422
427.6667 2902 0.1474
458.7778 2902 0.1581
470.1111 2902 0.162
464.7778 2902 0.1602
480.1111 2902 0.1654
507.3333 2902 0.1748
500 2902 0.1723
454.6667 2902 0.1567
379.2222 2902 0.1307
344.3333 2902 0.1187
415.4444 2902 0.1432
483.7778 2902 0.1667
495.6667 2902 0.1708
441 2902 0.152
519.6667 2902 0.1791
511.5556 2902 0.1763
474.3333 2902 0.1635
426.4444 2902 0.1469
383.8889 2902 0.1323
344.7778 2902 0.1188
300.8889 2902 0.1037
257.6667 2902 0.0888
242 2902 0.0834
234.1111 2902 0.0807
275.3333 2902 0.0949
298.1111 2902 0.1027
316.3333 2902 0.109
363 2902 0.1251
368.7778 2902 0.1271
401.8889 2902 0.1385
374.8889 2902 0.1292
398.1111 2902 0.1372
443.3333 2902 0.1528
482.4444 2902 0.1662
573.6667 2902 0.1977
604.4444 2902 0.2083
675.8889 2902 0.2329
694.4444 2902 0.2393
611.6667 2902 0.2108
620 2902 0.2136
603.6667 2902 0.208
506.6667 2902 0.1746
456.6667 2902 0.1574
490.6667 2902 0.1691
439.3333 2902 0.1514
440.1111 2902 0.1517
365.2222 2902 0.1259
383.1111 2902 0.132
390.6667 2902 0.1346
417.1111 2902 0.1437
466.8889 2902 0.1609
528.4444 2902 0.1821
571.2222 2902 0.1968
579.3333 2902 0.1996
592.1111 2902 0.204
574.3333 2902 0.1979
521 2902 0.1795
462.3333 2902 0.1593
504.2222 2902 0.1737
480 2902 0.1654
459.6667 2902 0.1584
376.4444 2902 0.1297
375.1111 2902 0.1293
399.7778 2902 0.1378
383.2222 2902 0.1321
369.7778 2902 0.1274
338.1111 2902 0.1165
322.8889 2902 0.1113
306.6667 2902 0.1057
277.5556 2902 0.0956
272.8889 2902 0.094
363.7778 2902 0.1254
392.7778 2902 0.1353
455.8889 2902 0.1571
529.6667 2902 0.1825
593.3333 2902 0.2045
584.4444 2902 0.2014
530.2222 2902 0.1827
469.4444 2902 0.1618
458.5556 2902 0.158
402.6667 2902 0.1388
365.2222 2902 0.1259
350.6667 2902 0.1208
365.8889 2902 0.1261
346 2902 0.1192
315.7778 2902 0.1088
371.8889 2902 0.1281
419.7778 2902 0.1447
436.7778 2902 0.1505
455.7778 2902 0.1571
445.2222 2902 0.1534
427.5556 2902 0.1473
373.5556 2902 0.1287
321.6667 2902 0.1108
356.2222 2902 0.1228
373.2222 2902 0.1286
451.8889 2902 0.1557
494.3333 2902 0.1703
535.5556 2902 0.1845
573.1111 2902 0.1975
537.2222 2902 0.1851
524.6667 2902 0.1808
597.6667 2902 0.2059
536.8889 2902 0.185
494.3333 2902 0.1703
410.8889 2902 0.1416
422.8889 2902 0.1457
433.4444 2902 0.1494
412.4444 2902 0.1421
405.7778 2902 0.1398
387.6667 2902 0.1336
369.3333 2902 0.1273
353.5556 2902 0.1218
318 2902 0.1096
278.3333 2902 0.0959
283.2222 2902 0.0976
255.2222 2902 0.0879
180.2222 2902 0.0621
171.8889 2902 0.0592
195.1111 2902 0.0672
251.2222 2902 0.0866
324 2902 0.1116
358.7778 2902 0.1236
408.8889 2902 0.1409
525 2902 0.1809
526.4444 2902 0.1814
588.1111 2902 0.2027
578.6667 2902 0.1994
479 2902 0.1651
475.4444 2902 0.1638
597.6667 2902 0.2059
655.5556 2902 0.2259
645.7778 2902 0.2225
523.3333 2902 0.1803
420.5556 2902 0.1449
395.3333 2902 0.1362
360.4444 2902 0.1242
380.1111 2902 0.131
402.5556 2902 0.1387
504.4444 2902 0.1738
538.2222 2902 0.1855
484.1111 2902 0.1668
467.1111 2902 0.161
459.5556 2902 0.1584
485.2222 2902 0.1672
533.1111 2902 0.1837
630 2902 0.2171
661.4444 2902 0.2279
663.4444 2902 0.2286
603.3333 2902 0.2079
586.3333 2902 0.202
513.5556 2902 0.177
406.4444 2902 0.1401
339.5556 2902 0.117
351.2222 2902 0.121
411.7778 2902 0.1419
464 2902 0.1599
472 2902 0.1626
482.2222 2902 0.1662
408.6667 2902 0.1408
377.3333 2902 0.13
377.5556 2902 0.1301
382.3333 2902 0.1317
347.2222 2902 0.1196
360.5556 2902 0.1242
369.5556 2902 0.1273
384.4444 2902 0.1325
419.4444 2902 0.1445
488.4444 2902 0.1683
511.6667 2902 0.1763
592.7778 2902 0.2043
616.5556 2902 0.2125
603.4444 2902 0.2079
610.4444 2902 0.2104
582.5556 2902 0.2007
530.5556 2902 0.1828
485.5556 2902 0.1673
462.7778 2902 0.1595
488.7778 2902 0.1684
526.1111 2902 0.1813
588.7778 2902 0.2029
562.1111 2902 0.1937
530 2902 0.1826
507.3333 2902 0.1748
538.1111 2902 0.1854
547.4444 2902 0.1886
540.5556 2902 0.1863
541.8889 2902 0.1867
474 2902 0.1633
483 2902 0.1664
458 2902 0.1578
439.1111 2902 0.1513
430.5556 2902 0.1484
429.5556 2902 0.148
455.6667 2902 0.157
453.7778 2902 0.1564
445.1111 2902 0.1534
418.5556 2902 0.1442
398.3333 2902 0.1373
384 2902 0.1323
360.6667 2902 0.1243
355.1111 2902 0.1224
408.1111 2902 0.1406
463.5556 2902 0.1597
521.7778 2902 0.1798
491.4444 2902 0.1693
458.3333 2902 0.1579
455 2902 0.1568
424.5556 2902 0.1463
415.3333 2902 0.1431
408.4444 2902 0.1407
466.4444 2902 0.1607
450.4444 2902 0.1552
391.1111 2902 0.1348
397.4444 2902 0.137
430 2902 0.1482
506.5556 2902 0.1746
571.6667 2902 0.197
589 2902 0.203
575.5556 2902 0.1983
540.5556 2902 0.1863
520.8889 2902 0.1795
502.8889 2902 0.1733
472.8889 2902 0.163
438.8889 2902 0.1512
500.8889 2902 0.1726
545 2902 0.1878
536.2222 2902 0.1848
531 2902 0.183
541.4444 2902 0.1866
530.3333 2902 0.1827
517.8889 2902 0.1785
517.8889 2902 0.1785
511.4444 2902 0.1762
467.6667 2902 0.1612
475.6667 2902 0.1639
392.8889 2902 0.1354
329 2902 0.1134
301 2902 0.1037
349.6667 2902 0.1205
370.4444 2902 0.1277
376.3333 2902 0.1297
393 2902 0.1354
432.2222 2902 0.1489
476.5556 2902 0.1642
528.1111 2902 0.182
556.1111 2902 0.1916
531.5556 2902 0.1832
494.8889 2902 0.1705
487.4444 2902 0.168
443.2222 2902 0.1527
451.2222 2902 0.1555
483.3333 2902 0.1666
456.8889 2902 0.1574
441.8889 2902 0.1523
447.7778 2902 0.1543
456.3333 2902 0.1572
415.6667 2902 0.1432
389.6667 2902 0.1343
371.5556 2902 0.128
390.3333 2902 0.1345
423.8889 2902 0.1461
420.6667 2902 0.145
445 2902 0.1533
485.1111 2902 0.1672
529.3333 2902 0.1824
536.8889 2902 0.185
564.7778 2902 0.1946
542 2902 0.1868
469.7778 2902 0.1619
456.7778 2902 0.1574
468.5556 2902 0.1615
405.4444 2902 0.1397
372.1111 2902 0.1282
368.5556 2902 0.127
381.1111 2902 0.1313
355.4444 2902 0.1225
342.2222 2902 0.1179
333.7778 2902 0.115
343.1111 2902 0.1182
343.3333 2902 0.1183
342.3333 2902 0.118
341.1111 2902 0.1175
358.6667 2902 0.1236
374 2902 0.1289
341.1111 2902 0.1175
343.5556 2902 0.1184
370.4444 2902 0.1277
445.6667 2902 0.1536
514 2902 0.1771
540.8889 2902 0.1864
571.5556 2902 0.197
607.7778 2902 0.2094
555 2902 0.1912
500.8889 2902 0.1726
434.4444 2902 0.1497
359.2222 2902 0.1238
304.6667 2902 0.105
307.7778 2902 0.1061
366.2222 2902 0.1262
423.8889 2902 0.1461
425 2902 0.1465
430.3333 2902 0.1483
441.7778 2902 0.1522
413.8889 2902 0.1426
463.2222 2902 0.1596
445.2222 2902 0.1534
428.5556 2902 0.1477
383 2902 0.132
315.8889 2902 0.1089
328.8889 2902 0.1133
412 2902 0.142
470 2902 0.162
542.5556 2902 0.187
599.7778 2902 0.2067
625.2222 2902 0.2154
610.1111 2902 0.2102
554 2902 0.1909
476.1111 2902 0.1641
400.4444 2902 0.138
346.4444 2902 0.1194
358.8889 2902 0.1237
420.5556 2902 0.1449
502.8889 2902 0.1733
531.3333 2902 0.1831
558.6667 2902 0.1925
542.2222 2902 0.1868
502.6667 2902 0.1732
399.1111 2902 0.1375
335.6667 2902 0.1157
314.5556 2902 0.1084
265.4444 2902 0.0915
241.7778 2902 0.0833
214.3333 2902 0.0739
171.3333 2902 0.059
177.5556 2902 0.0612
214.7778 2902 0.074
274.7778 2902 0.0947
315.1111 2902 0.1086
346.6667 2902 0.1195
364.4444 2902 0.1256
389.1111 2902 0.1341
381.3333 2902 0.1314
376.1111 2902 0.1296
354.7778 2902 0.1223
362.5556 2902 0.1249
382.5556 2902 0.1318
377.3333 2902 0.13
404.4444 2902 0.1394
416.2222 2902 0.1434
436.6667 2902 0.1505
457.7778 2902 0.1577
463.6667 2902 0.1598
434.3333 2902 0.1497
439.3333 2902 0.1514
540 2902 0.1861
546.6667 2902 0.1884
503.3333 2902 0.1734
507.1111 2902 0.1747
567.2222 2902 0.1955
600.1111 2902 0.2068
585.1111 2902 0.2016
609.7778 2902 0.2101
646 2902 0.2226
640.3333 2902 0.2207
590.1111 2902 0.2033
539.6667 2902 0.186
474.2222 2902 0.1634
434.4444 2902 0.1497
411.3333 2902 0.1417
401.1111 2902 0.1382
400.6667 2902 0.1381
337.4444 2902 0.1163
285.4444 2902 0.0984
317 2902 0.1092
268.6667 2902 0.0926
258.4444 2902 0.0891
246.2222 2902 0.0848
251.6667 2902 0.0867
305.6667 2902 0.1053
321.6667 2902 0.1108
244.6667 2902 0.0843
186.3333 2902 0.0642
203.5556 2902 0.0701
238.5556 2902 0.0822
263.2222 2902 0.0907
309.5556 2902 0.1067
382.8889 2902 0.1319
425.8889 2902 0.1468
417.6667 2902 0.1439
406 2902 0.1399
379 2902 0.1306
319.6667 2902 0.1102
324.6667 2902 0.1119
366.2222 2902 0.1262
380.4444 2902 0.1311
444.6667 2902 0.1532
429.1111 2902 0.1479
382.2222 2902 0.1317
356.1111 2902 0.1227
394.4444 2902 0.1359
329.4444 2902 0.1135
333.7778 2902 0.115
328.4444 2902 0.1132
313.4444 2902 0.108
200.8889 2902 0.0692
180.3333 2902 0.0621
181.3333 2902 0.0625
217.3333 2902 0.0749
278.6667 2902 0.096
309 2902 0.1065
325 2902 0.112
345.6667 2902 0.1191
363.4444 2902 0.1252
396.6667 2902 0.1367
345.7778 2902 0.1192
281.5556 2902 0.097
249.5556 2902 0.086
273.3333 2902 0.0942
307.8889 2902 0.1061
310 2902 0.1068
313.1111 2902 0.1079
339 2902 0.1168
327.8889 2902 0.113
352.6667 2902 0.1215
324.8889 2902 0.112
338.1111 2902 0.1165
392.1111 2902 0.1351
350.5556 2902 0.1208
242.4444 2902 0.0835
205.8889 2902 0.0709
207.3333 2902 0.0714
305.4444 2902 0.1053
383.4444 2902 0.1321
446.5556 2902 0.1539
498.4444 2902 0.1718
520.6667 2902 0.1794
518.2222 2902 0.1786
439.8889 2902 0.1516
394.6667 2902 0.136
399 2902 0.1375
407.8889 2902 0.1406
423.8889 2902 0.1461
450.8889 2902 0.1554
474 2902 0.1633
479.4444 2902 0.1652