809.2222 2902 0.2788
774.3333 2902 0.2668
765.8889 2902 0.2639
835.8889 2902 0.288
860.2222 2902 0.2964
905.1111 2902 0.3119
951.8889 2902 0.328
872 2902 0.3005
843.4444 2902 0.2906
820.3333 2902 0.2827
805.6667 2902 0.2776
812 2902 0.2798
808.6667 2902 0.2787
782.8889 2902 0.2698
764.7778 2902 0.2635
807.6667 2902 0.2783
811.7778 2902 0.2797
766 2902 0.264
791.2222 2902 0.2726
831.2222 2902 0.2864
784.7778 2902 0.2704
724.3333 2902 0.2496
746.3333 2902 0.2572
770.3333 2902 0.2654
752.4444 2902 0.2593
700.1111 2902 0.2413
638 2902 0.2198
666.3333 2902 0.2296
688 2902 0.2371
773.4444 2902 0.2665
726.1111 2902 0.2502
680.1111 2902 0.2344
604.4444 2902 0.2083
581.2222 2902 0.2003
648.2222 2902 0.2234
727.4444 2902 0.2507
818.5556 2902 0.2821
851.4444 2902 0.2934
638.1111 2902 0.2199
772.1111 2902 0.2661
745.5556 2902 0.2569
715 2902 0.2464
640.4444 2902 0.2207
649.5556 2902 0.2238
729 2902 0.2512
744.4444 2902 0.2565
726.1111 2902 0.2502
709.7778 2902 0.2446
602.8889 2902 0.2077
634.3333 2902 0.2186
645.2222 2902 0.2223
635.5556 2902 0.219
648.4444 2902 0.2234
600.8889 2902 0.2071
668.1111 2902 0.2302
684.2222 2902 0.2358
706.4444 2902 0.2434
762.7778 2902 0.2628
814.4444 2902 0.2806
831.8889 2902 0.2867
833.6667 2902 0.2873
858 2902 0.2957
907 2902 0.3125
1067.3333 2902 0.3678
1125.2222 2902 0.3877
1171.3333 2902 0.4036
1156.6667 2902 0.3986
1205.6667 2902 0.4155
1108 2902 0.3818
1067 2902 0.3677
1059.2222 2902 0.365
1024.7778 2902 0.3531
943 2902 0.3249
966.2222 2902 0.333
1012.1111 2902 0.3488
973.8889 2902 0.3356
1106.1111 2902 0.3812
1182.2222 2902 0.4074
1260.5556 2902 0.4344
1297.7778 2902 0.4472
1218.3333 2902 0.4198
1222.2222 2902 0.4212
1213.6667 2902 0.4182
1265.8889 2902 0.4362
1201.6667 2902 0.4141
1230.2222 2902 0.4239
1257.4444 2902 0.4333
1301.1111 2902 0.4483
1321.7778 2902 0.4555
1280.1111 2902 0.4411
1387.4444 2902 0.4781
1498.1111 2902 0.5162
1506.4444 2902 0.5191
1421.5556 2902 0.4899
1358.7778 2902 0.4682
1250.7778 2902 0.431
1150.3333 2902 0.3964
1061.2222 2902 0.3657
1011.3333 2902 0.3485
925.2222 2902 0.3188
862 2902 0.297
892.3333 2902 0.3075
867.7778 2902 0.299
837.1111 2902 0.2885
837.3333 2902 0.2885
859.4444 2902 0.2962
884.2222 2902 0.3047
919.8889 2902 0.317
909.6667 2902 0.3135
897.4444 2902 0.3093
866.8889 2902 0.2987
903.4444 2902 0.3113
858.8889 2902 0.296
742.8889 2902 0.256
735.8889 2902 0.2536
794.1111 2902 0.2736
775.4444 2902 0.2672
729.6667 2902 0.2514
685.1111 2902 0.2361
648.3333 2902 0.2234
573.3333 2902 0.1976
534.8889 2902 0.1843
492 2902 0.1695
470.3333 2902 0.1621
502.1111 2902 0.173
536.8889 2902 0.185
630.6667 2902 0.2173
609.5556 2902 0.21
557.3333 2902 0.1921
577.8889 2902 0.1991
616.7778 2902 0.2125
688.1111 2902 0.2371
755.4444 2902 0.2603
847.7778 2902 0.2921
911.8889 2902 0.3142
977.8889 2902 0.337
1025.5556 2902 0.3534
1030.4444 2902 0.3551
1043.8889 2902 0.3597
1099.4444 2902 0.3789
1109 2902 0.3822
1112.8889 2902 0.3835
1047.4444 2902 0.3609
926.8889 2902 0.3194
878.5556 2902 0.3027
862 2902 0.297
863 2902 0.2974
877.7778 2902 0.3025
906.4444 2902 0.3124
965.5556 2902 0.3327
1066 2902 0.3673
1110.6667 2902 0.3827
1082 2902 0.3728
1072.2222 2902 0.3695
986.3333 2902 0.3399
935.1111 2902 0.3222
965.2222 2902 0.3326
988.3333 2902 0.3406
1002.8889 2902 0.3456
1054.1111 2902 0.3632
1076.1111 2902 0.3708
913.7778 2902 0.3149
924.6667 2902 0.3186
998.6667 2902 0.3441
900.3333 2902 0.3102
820.3333 2902 0.2827
612.1111 2902 0.2109
618 2902 0.213
622.8889 2902 0.2146
571.5556 2902 0.197
644.7778 2902 0.2222
747 2902 0.2574
877.5556 2902 0.3024
986.4444 2902 0.3399
971.6667 2902 0.3348
916.4444 2902 0.3158
770 2902 0.2653
649.7778 2902 0.2239
619.2222 2902 0.2134
595.3333 2902 0.2051
571.1111 2902 0.1968
561.3333 2902 0.1934
539 2902 0.1857
564.3333 2902 0.1945
664.1111 2902 0.2288
641.8889 2902 0.2212
661.5556 2902 0.228
729.7778 2902 0.2515
738.6667 2902 0.2545
790.8889 2902 0.2725
704.2222 2902 0.2427
625.6667 2902 0.2156
603.7778 2902 0.2081
556.8889 2902 0.1919
494.6667 2902 0.1705
507.1111 2902 0.1747
561.8889 2902 0.1936
656.1111 2902 0.2261
669.4444 2902 0.2307
619.8889 2902 0.2136
565.3333 2902 0.1948
568.6667 2902 0.196
541.5556 2902 0.1866
576 2902 0.1985
577.5556 2902 0.199
588 2902 0.2026
639.1111 2902 0.2202
661.4444 2902 0.2279
728.4444 2902 0.251
757.6667 2902 0.2611
787.2222 2902 0.2713
850.4444 2902 0.2931
862.6667 2902 0.2973
855.7778 2902 0.2949
865.2222 2902 0.2981
836.8889 2902 0.2884
802.5556 2902 0.2766
793.4444 2902 0.2734
793.3333 2902 0.2734
823.8889 2902 0.2839
820.8889 2902 0.2829
928.6667 2902 0.32
1098.5556 2902 0.3786
1145.3333 2902 0.3947
1036.5556 2902 0.3572
1003.2222 2902 0.3457
1054.4444 2902 0.3634
1119.5556 2902 0.3858
1156.1111 2902 0.3984
1109.2222 2902 0.3822
1088 2902 0.3749
1213 2902 0.418
1254 2902 0.4321
1221.8889 2902 0.4211
1097.2222 2902 0.3781
1005.6667 2902 0.3465
996.1111 2902 0.3432
953 2902 0.3284
863.3333 2902 0.2975
833.7778 2902 0.2873
781.2222 2902 0.2692
807.2222 2902 0.2782
832.7778 2902 0.287
844.1111 2902 0.2909
886.8889 2902 0.3056
971.1111 2902 0.3346
917.2222 2902 0.3161
952.1111 2902 0.3281
970.3333 2902 0.3344
1028.4444 2902 0.3544
1095.7778 2902 0.3776
1088.7778 2902 0.3752
1085.7778 2902 0.3741
1057.3333 2902 0.3643
966.2222 2902 0.333
981.3333 2902 0.3382
1076.2222 2902 0.3709
1013.1111 2902 0.3491
951 2902 0.3277
924.6667 2902 0.3186
905 2902 0.3119
840.6667 2902 0.2897
755.8889 2902 0.2605
698.7778 2902 0.2408
686.1111 2902 0.2364
640.7778 2902 0.2208
595.5556 2902 0.2052
605.5556 2902 0.2087
674.6667 2902 0.2325
776.5556 2902 0.2676
776.2222 2902 0.2675
784.5556 2902 0.2703
775.7778 2902 0.2673
833.4444 2902 0.2872
897.3333 2902 0.3092
928.6667 2902 0.32
979.6667 2902 0.3376
983.8889 2902 0.339
961.6667 2902 0.3314
993.5556 2902 0.3424
1026.1111 2902 0.3536
987.2222 2902 0.3402
948.3333 2902 0.3268
944.1111 2902 0.3253
903.8889 2902 0.3115
871.3333 2902 0.3003
808.5556 2902 0.2786
772.4444 2902 0.2662
650 2902 0.224
578.3333 2902 0.1993
582.8889 2902 0.2009
573.2222 2902 0.1975
622.4444 2902 0.2145
679.1111 2902 0.234
651 2902 0.2243
626 2902 0.2157
617.2222 2902 0.2127
718.3333 2902 0.2475
811.2222 2902 0.2795
839.3333 2902 0.2892
902.6667 2902 0.311
894.6667 2902 0.3083
782.2222 2902 0.2695
841.1111 2902 0.2898
846.1111 2902 0.2916
701.1111 2902 0.2416
652.4444 2902 0.2248
579 2902 0.1995
593 2902 0.2043
540.6667 2902 0.1863
495.5556 2902 0.1708
516.2222 2902 0.1779
537.1111 2902 0.1851
586.5556 2902 0.2021
615 2902 0.2119
666.1111 2902 0.2295
710.4444 2902 0.2448
793.8889 2902 0.2736
771.1111 2902 0.2657
745.3333 2902 0.2568
741 2902 0.2553
718.6667 2902 0.2476
739.1111 2902 0.2547
736.1111 2902 0.2537
750.7778 2902 0.2587
738.8889 2902 0.2546
750.2222 2902 0.2585
729 2902 0.2512
769.4444 2902 0.2651
718.2222 2902 0.2475
730.8889 2902 0.2519
711.4444 2902 0.2452
709.1111 2902 0.2444
734 2902 0.2529
778.3333 2902 0.2682
791.2222 2902 0.2726
850.5556 2902 0.2931
781 2902 0.2691
818.3333 2902 0.282
840.6667 2902 0.2897
909.7778 2902 0.3135
934.2222 2902 0.3219
885.7778 2902 0.3052
845.4444 2902 0.2913
896.5556 2902 0.3089
899.6667 2902 0.31
934.2222 2902 0.3219
980.1111 2902 0.3377
999.8889 2902 0.3446
956.2222 2902 0.3295
986.4444 2902 0.3399
1048.2222 2902 0.3612
1002.5556 2902 0.3455
982.5556 2902 0.3386
991 2902 0.3415
1011 2902 0.3484
1120.4444 2902 0.3861
1106.8889 2902 0.3814
969.6667 2902 0.3341
829.2222 2902 0.2857
840.7778 2902 0.2897
825.7778 2902 0.2846
731 2902 0.2519
771 2902 0.2657
854.8889 2902 0.2946
811.8889 2902 0.2798
820.3333 2902 0.2827
888.2222 2902 0.3061
862.2222 2902 0.2971
833.8889 2902 0.2873
842.7778 2902 0.2904
919.3333 2902 0.3168
942.3333 2902 0.3247
842.4444 2902 0.2903
823.6667 2902 0.2838
846.8889 2902 0.2918
908.6667 2902 0.3131
934.5556 2902 0.322
973.6667 2902 0.3355
1118 2902 0.3853
1147 2902 0.3952
1141.8889 2902 0.3935
1039.6667 2902 0.3583
971.1111 2902 0.3346
1044.8889 2902 0.3601
1054.5556 2902 0.3634
1034.7778 2902 0.3566
1043.8889 2902 0.3597
1048 2902 0.3611
1057.8889 2902 0.3645
1055.6667 2902 0.3638
964.1111 2902 0.3322
920.6667 2902 0.3173
903.1111 2902 0.3112
902 2902 0.3108
901 2902 0.3105
941.2222 2902 0.3243
949.7778 2902 0.3273
948.8889 2902 0.327
1007.4444 2902 0.3472
1014.6667 2902 0.3496
978.8889 2902 0.3373
975.7778 2902 0.3362
1001.1111 2902 0.345
1007.5556 2902 0.3472
959.7778 2902 0.3307
944.2222 2902 0.3254
885.3333 2902 0.3051
899.2222 2902 0.3099
864.1111 2902 0.2978
834.4444 2902 0.2875
801.7778 2902 0.2763
778.6667 2902 0.2683
739.5556 2902 0.2548
636.2222 2902 0.2192
530.3333 2902 0.1827
528.5556 2902 0.1821
537.2222 2902 0.1851
584.5556 2902 0.2014
568.3333 2902 0.1958
601.5556 2902 0.2073
609.7778 2902 0.2101
624.1111 2902 0.2151
598 2902 0.2061
609.4444 2902 0.21
581.7778 2902 0.2005
548.5556 2902 0.189
610.6667 2902 0.2104
681.4444 2902 0.2348
705.6667 2902 0.2432
604.6667 2902 0.2084
563.3333 2902 0.1941
631.2222 2902 0.2175
659.7778 2902 0.2274
723.5556 2902 0.2493
765.4444 2902 0.2638
786.5556 2902 0.271
906.8889 2902 0.3125
988.1111 2902 0.3405
1024.4444 2902 0.353
974.7778 2902 0.3359
1032.4444 2902 0.3558
1104.3333 2902 0.3805
1110.3333 2902 0.3826
1087.1111 2902 0.3746
1075.8889 2902 0.3707
1127.3333 2902 0.3885
1161.8889 2902 0.4004
1152 2902 0.397
1071.1111 2902 0.3691
1070.5556 2902 0.3689
1028.7778 2902 0.3545
1017.5556 2902 0.3506
975.7778 2902 0.3362
1007.8889 2902 0.3473
962 2902 0.3315
898.5556 2902 0.3096
897 2902 0.3091
964.5556 2902 0.3324
958.6667 2902 0.3303
988.5556 2902 0.3406
992 2902 0.3418
985.6667 2902 0.3397
846.8889 2902 0.2918
822 2902 0.2833
887 2902 0.3057
900.7778 2902 0.3104
852.5556 2902 0.2938
832.6667 2902 0.2869
845.5556 2902 0.2914
889.1111 2902 0.3064
924.6667 2902 0.3186
902.5556 2902 0.311
779.4444 2902 0.2686
750.6667 2902 0.2587
749.1111 2902 0.2581
698.6667 2902 0.2408
591.6667 2902 0.2039
583.6667 2902 0.2011
539.2222 2902 0.1858
538.1111 2902 0.1854
509.5556 2902 0.1756
491.4444 2902 0.1693
537.4444 2902 0.1852
605.4444 2902 0.2086
731.4444 2902 0.252
752.3333 2902 0.2592
623.1111 2902 0.2147
576 2902 0.1985
616 2902 0.2123
640.6667 2902 0.2208
683.5556 2902 0.2355
716.3333 2902 0.2468
675.3333 2902 0.2327
703.1111 2902 0.2423
697.1111 2902 0.2402
671.7778 2902 0.2315
657.7778 2902 0.2267
703.6667 2902 0.2425
716.6667 2902 0.247
734.4444 2902 0.2531
694.4444 2902 0.2393
716 2902 0.2467
615.3333 2902 0.212
509.1111 2902 0.1754
601 2902 0.2071
595.4444 2902 0.2052
634.4444 2902 0.2186
678.7778 2902 0.2339
626.3333 2902 0.2158
581.1111 2902 0.2002
542.2222 2902 0.1868
546.7778 2902 0.1884
585 2902 0.2016
632 2902 0.2178
675.4444 2902 0.2328
710.5556 2902 0.2449
796.8889 2902 0.2746
826.5556 2902 0.2848
889.1111 2902 0.3064
916.3333 2902 0.3158
916.8889 2902 0.316
949.4444 2902 0.3272
958.6667 2902 0.3303
933 2902 0.3215
888.1111 2902 0.306
865.4444 2902 0.2982
872.3333 2902 0.3006
864.6667 2902 0.298
831.1111 2902 0.2864
833.6667 2902 0.2873
885.2222 2902 0.305
1000.1111 2902 0.3446
1044.3333 2902 0.3599
1002 2902 0.3453
894.5556 2902 0.3083
821 2902 0.2829
804.1111 2902 0.2771
784.2222 2902 0.2702
837.5556 2902 0.2886
875.6667 2902 0.3017
843.4444 2902 0.2906
840.5556 2902 0.2896
866.6667 2902 0.2986
913.8889 2902 0.3149
929.1111 2902 0.3202
833.8889 2902 0.2873
804.8889 2902 0.2774
758.5556 2902 0.2614
726.7778 2902 0.2504
734.4444 2902 0.2531
670 2902 0.2309
619.8889 2902 0.2136
635.6667 2902 0.219
621.1111 2902 0.214
654.4444 2902 0.2255
642.4444 2902 0.2214
784.7778 2902 0.2704
825.2222 2902 0.2844
736.8889 2902 0.2539
656.8889 2902 0.2264
611.8889 2902 0.2109
611.4444 2902 0.2107
602.6667 2902 0.2077
604.4444 2902 0.2083
615.5556 2902 0.2121
628.7778 2902 0.2167
628.2222 2902 0.2165
666.2222 2902 0.2296
614.8889 2902 0.2119
570.5556 2902 0.1966
612.8889 2902 0.2112
664 2902 0.2288
661.1111 2902 0.2278
656.7778 2902 0.2263
603.2222 2902 0.2079
564.3333 2902 0.1945
545.6667 2902 0.188
539.8889 2902 0.186
583.2222 2902 0.201
634.2222 2902 0.2185
683.4444 2902 0.2355
719.4444 2902 0.2479
753.4444 2902 0.2596
779.8889 2902 0.2687
766.3333 2902 0.2641
776 2902 0.2674
843.8889 2902 0.2908
896.4444 2902 0.3089
938.2222 2902 0.3233
1001.2222 2902 0.345
1004.7778 2902 0.3462
992.7778 2902 0.3421
925.6667 2902 0.319
879.1111 2902 0.3029
924.3333 2902 0.3185
924.5556 2902 0.3186
804.7778 2902 0.2773
738.4444 2902 0.2545
690.6667 2902 0.238
638.4444 2902 0.22
623.6667 2902 0.2149
662.4444 2902 0.2283
674.4444 2902 0.2324
748.4444 2902 0.2579
804.3333 2902 0.2772
778 2902 0.2681
703.4444 2902 0.2424
702.5556 2902 0.2421
679.8889 2902 0.2343
738.5556 2902 0.2545
759 2902 0.2615
862.2222 2902 0.2971
898.5556 2902 0.3096
967.5556 2902 0.3334
967.5556 2902 0.3334
941.2222 2902 0.3243
895.5556 2902 0.3086
932.5556 2902 0.3213
982.2222 2902 0.3385
1007.5556 2902 0.3472
912.2222 2902 0.3143
783.6667 2902 0.27
623.6667 2902 0.2149
650.1111 2902 0.224
586.5556 2902 0.2021
596.7778 2902 0.2056
591.6667 2902 0.2039
591.7778 2902 0.2039
698.8889 2902 0.2408
743.5556 2902 0.2562
750.1111 2902 0.2585
700 2902 0.2412
635.6667 2902 0.219
731.8889 2902 0.2522
834.7778 2902 0.2877
836.5556 2902 0.2883
906.1111 2902 0.3122
930.2222 2902 0.3205
985.3333 2902 0.3395
965.5556 2902 0.3327
913.8889 2902 0.3149
923.4444 2902 0.3182
965.2222 2902 0.3326
924.4444 2902 0.3186
858.1111 2902 0.2957
722 2902 0.2488
671.7778 2902 0.2315
703.8889 2902 0.2426
693.1111 2902 0.2388
649.3333 2902 0.2238
711.7778 2902 0.2453
721.7778 2902 0.2487
743.5556 2902 0.2562
757.8889 2902 0.2612
775.7778 2902 0.2673
839.3333 2902 0.2892
925.5556 2902 0.3189
899.6667 2902 0.31
875.4444 2902 0.3017
999.4444 2902 0.3444
1000.8889 2902 0.3449
1021.1111 2902 0.3519
977.3333 2902 0.3368
944 2902 0.3253
898.2222 2902 0.3095
880 2902 0.3032
886.7778 2902 0.3056
859.6667 2902 0.2962
876 2902 0.3019
804.5556 2902 0.2772
684.3333 2902 0.2358
614.2222 2902 0.2117
580.4444 2902 0.2
589.8889 2902 0.2033
542.6667 2902 0.187
603 2902 0.2078
692.5556 2902 0.2386
708.6667 2902 0.2442
738.7778 2902 0.2546
640.5556 2902 0.2207
561.2222 2902 0.1934
563.5556 2902 0.1942
554.5556 2902 0.1911
537.1111 2902 0.1851
524.3333 2902 0.1807
536.2222 2902 0.1848
534 2902 0.184
567.4444 2902 0.1955
557.6667 2902 0.1922
566.1111 2902 0.1951
574 2902 0.1978
630.4444 2902 0.2172
610.1111 2902 0.2102
562.6667 2902 0.1939
563.3333 2902 0.1941
563 2902 0.194
539.7778 2902 0.186
586.8889 2902 0.2022
644.3333 2902 0.222
684.8889 2902 0.236
690.1111 2902 0.2378
705.1111 2902 0.243
615.8889 2902 0.2122
554.7778 2902 0.1912
531.5556 2902 0.1832
557.6667 2902 0.1922
519.3333 2902 0.179
569.7778 2902 0.1963
607.1111 2902 0.2092
658.4444 2902 0.2269
679.6667 2902 0.2342
724.4444 2902 0.2496
750.5556 2902 0.2586
698.7778 2902 0.2408
713.2222 2902 0.2458
818.8889 2902 0.2822
793.6667 2902 0.2735
713 2902 0.2457
597.1111 2902 0.2058