1177.3333 2902 0.4057
1125.7778 2902 0.3879
1025.6667 2902 0.3534
1027.7778 2902 0.3542
1048.3333 2902 0.3612
1084 2902 0.3735
1163 2902 0.4008
1230 2902 0.4238
1211.6667 2902 0.4175
1253.1111 2902 0.4318
1293.5556 2902 0.4457
1300.7778 2902 0.4482
1389 2902 0.4786
1366.2222 2902 0.4708
1309.3333 2902 0.4512
1328.2222 2902 0.4577
1331.7778 2902 0.4589
1392 2902 0.4797
1415.5556 2902 0.4878
1437.5556 2902 0.4954
1411.6667 2902 0.4864
1365.3333 2902 0.4705
1339.2222 2902 0.4615
1294 2902 0.4459
1269.2222 2902 0.4374
1223.7778 2902 0.4217
1249.1111 2902 0.4304
1152.4444 2902 0.3971
1170.7778 2902 0.4034
1192.1111 2902 0.4108
1312.3333 2902 0.4522
1292.3333 2902 0.4453
1282.2222 2902 0.4418
1277 2902 0.44
1284.3333 2902 0.4426
1346.1111 2902 0.4639
1318.6667 2902 0.4544
1255.5556 2902 0.4327
1231.6667 2902 0.4244
1219.5556 2902 0.4202
1255.4444 2902 0.4326
1379.1111 2902 0.4752
1400.3333 2902 0.4825
1393.1111 2902 0.4801
1299.5556 2902 0.4478
1175.6667 2902 0.4051
1110.3333 2902 0.3826
1113.7778 2902 0.3838
1122.8889 2902 0.3869
1137.4444 2902 0.392
1172.4444 2902 0.404
1096.8889 2902 0.378
1094.6667 2902 0.3772
1094.8889 2902 0.3773
1143.7778 2902 0.3941
1070.8889 2902 0.369
961.5556 2902 0.3313
1028 2902 0.3542
1112 2902 0.3832
1011.5556 2902 0.3486
964.2222 2902 0.3323
957.4444 2902 0.3299
943.5556 2902 0.3251
927.5556 2902 0.3196
951.5556 2902 0.3279
963.8889 2902 0.3321
938.2222 2902 0.3233
861.8889 2902 0.297
825 2902 0.2843
852.5556 2902 0.2938
897.8889 2902 0.3094
948.3333 2902 0.3268
980.8889 2902 0.338
988.4444 2902 0.3406
967.3333 2902 0.3333
931.8889 2902 0.3211
916.2222 2902 0.3157
991.1111 2902 0.3415
1174.1111 2902 0.4046
1283.7778 2902 0.4424
1314.2222 2902 0.4529
1392.5556 2902 0.4799
1567.3333 2902 0.5401
1576.2222 2902 0.5432
1555.4444 2902 0.536
1573.1111 2902 0.5421
1501.8889 2902 0.5175
1522.8889 2902 0.5248
1490.3333 2902 0.5136
1605.5556 2902 0.5533
1607.8889 2902 0.5541
1657.5556 2902 0.5712
1598.7778 2902 0.5509
1551.2222 2902 0.5345
1500.5556 2902 0.5171
1428.6667 2902 0.4923
1285.1111 2902 0.4428
1226.3333 2902 0.4226
1138.1111 2902 0.3922
1043.1111 2902 0.3594
987.1111 2902 0.3401
971.4444 2902 0.3347
957.2222 2902 0.3298
1010 2902 0.348
1035.1111 2902 0.3567
1001.7778 2902 0.3452
1007.6667 2902 0.3472
1066.1111 2902 0.3674
1130.3333 2902 0.3895
1142.4444 2902 0.3937
1194.8889 2902 0.4117
1221.6667 2902 0.421
1222.1111 2902 0.4211
1214.4444 2902 0.4185
1209.8889 2902 0.4169
1258.2222 2902 0.4336
1291.6667 2902 0.4451
1334.1111 2902 0.4597
1298.8889 2902 0.4476
1189.2222 2902 0.4098
1116.1111 2902 0.3846
1120 2902 0.3859
1022.1111 2902 0.3522
1041.5556 2902 0.3589
1042.5556 2902 0.3593
1057.7778 2902 0.3645
1023 2902 0.3525
1028.3333 2902 0.3544
983.1111 2902 0.3388
943.5556 2902 0.3251
926.6667 2902 0.3193
955.7778 2902 0.3294
999.8889 2902 0.3446
1014.8889 2902 0.3497
1010.1111 2902 0.3481
1001.1111 2902 0.345
996.5556 2902 0.3434
1018.8889 2902 0.3511
1018.3333 2902 0.3509
1060.6667 2902 0.3655
1094.7778 2902 0.3772
1067.1111 2902 0.3677
1040.5556 2902 0.3586
1018.6667 2902 0.351
952.4444 2902 0.3282
907.1111 2902 0.3126
924.1111 2902 0.3184
965.4444 2902 0.3327
976.8889 2902 0.3366
955.6667 2902 0.3293
1036.4444 2902 0.3571
1067.1111 2902 0.3677
1140.2222 2902 0.3929
1131.1111 2902 0.3898
1175.2222 2902 0.405
1226 2902 0.4225
1326.6667 2902 0.4572
1395.1111 2902 0.4807
1398.6667 2902 0.482
1399.7778 2902 0.4823
1387 2902 0.4779
1337.2222 2902 0.4608
1363.1111 2902 0.4697
1419.3333 2902 0.4891
1452.4444 2902 0.5005
1464.1111 2902 0.5045
1472.6667 2902 0.5075
1455.3333 2902 0.5015
1319.8889 2902 0.4548
1339.5556 2902 0.4616
1260 2902 0.4342
1189.5556 2902 0.4099
1160.2222 2902 0.3998
1215 2902 0.4187
1217.8889 2902 0.4197
1285 2902 0.4428
1295.1111 2902 0.4463
1246.8889 2902 0.4297
1197.5556 2902 0.4127
1195.8889 2902 0.4121
1172.5556 2902 0.4041
1129.2222 2902 0.3891
1128.4444 2902 0.3889
1075.6667 2902 0.3707
1085 2902 0.3739
1121.5556 2902 0.3865
1158.8889 2902 0.3993
1180.6667 2902 0.4068
1222.6667 2902 0.4213
1235.3333 2902 0.4257
1201.2222 2902 0.4139
1210.5556 2902 0.4171
1210.1111 2902 0.417
1193 2902 0.4111
1201.2222 2902 0.4139
1232.8889 2902 0.4248
1234.4444 2902 0.4254
1174.4444 2902 0.4047
1228.8889 2902 0.4235
1302.4444 2902 0.4488
1353 2902 0.4662
1290.4444 2902 0.4447
1247.3333 2902 0.4298
1238 2902 0.4266
1192.8889 2902 0.4111
1095 2902 0.3773
1012 2902 0.3487
948.7778 2902 0.3269
906.6667 2902 0.3124
934.7778 2902 0.3221
998.5556 2902 0.3441
1085.8889 2902 0.3742
1162.2222 2902 0.4005
1205.8889 2902 0.4155
1172.3333 2902 0.404
1139.4444 2902 0.3926
1075.7778 2902 0.3707
1104.4444 2902 0.3806
1093.8889 2902 0.3769
1110.4444 2902 0.3826
1120.7778 2902 0.3862
1044.7778 2902 0.36
1084 2902 0.3735
1176.8889 2902 0.4055
1225.8889 2902 0.4224
1302.1111 2902 0.4487
1335.6667 2902 0.4603
1339.5556 2902 0.4616
1404.1111 2902 0.4838
1474.4444 2902 0.5081
1523.6667 2902 0.525
1553.2222 2902 0.5352
1602.1111 2902 0.5521
1736.6667 2902 0.5984
1710.3333 2902 0.5894
1715.7778 2902 0.5912
1677.4444 2902 0.578
1644.7778 2902 0.5668
1654.2222 2902 0.57
1554.5556 2902 0.5357
1454.4444 2902 0.5012
1313.6667 2902 0.4527
1269.7778 2902 0.4376
1189.5556 2902 0.4099
1299.8889 2902 0.4479
1287.8889 2902 0.4438
1466.8889 2902 0.5055
1522.1111 2902 0.5245
1494.1111 2902 0.5149
1432.4444 2902 0.4936
1394.3333 2902 0.4805
1402 2902 0.4831
1400.7778 2902 0.4827
1390.6667 2902 0.4792
1401.8889 2902 0.4831
1444.8889 2902 0.4979
1419.8889 2902 0.4893
1491.7778 2902 0.5141
1513.8889 2902 0.5217
1590.6667 2902 0.5481
1566.2222 2902 0.5397
1582.8889 2902 0.5454
1488.7778 2902 0.513
1246 2902 0.4294
1276 2902 0.4397
1199.1111 2902 0.4132
1107.3333 2902 0.3816
1109.8889 2902 0.3825
1111.8889 2902 0.3831
1066.4444 2902 0.3675
1023.7778 2902 0.3528
1079.8889 2902 0.3721
1024.7778 2902 0.3531
1000.5556 2902 0.3448
997.7778 2902 0.3438
1073.5556 2902 0.3699
1165.7778 2902 0.4017
1211.6667 2902 0.4175
1295.7778 2902 0.4465
1309.2222 2902 0.4511
1293.2222 2902 0.4456
1375.8889 2902 0.4741
1431.8889 2902 0.4934
1477 2902 0.509
1500.7778 2902 0.5172
1485.5556 2902 0.5119
1395.3333 2902 0.4808
1308.2222 2902 0.4508
1293.7778 2902 0.4458
1324.7778 2902 0.4565
1251.6667 2902 0.4313
1206.5556 2902 0.4158
1188.5556 2902 0.4096
1180 2902 0.4066
1168.8889 2902 0.4028
1187.7778 2902 0.4093
1130 2902 0.3894
1054.3333 2902 0.3633
976.4444 2902 0.3365
888 2902 0.306
896.2222 2902 0.3088
881.7778 2902 0.3039
854.7778 2902 0.2945
852.5556 2902 0.2938
806.2222 2902 0.2778
796.8889 2902 0.2746
825 2902 0.2843
800.6667 2902 0.2759
762.8889 2902 0.2629
771.3333 2902 0.2658
800.2222 2902 0.2757
765.8889 2902 0.2639
723.5556 2902 0.2493
693.3333 2902 0.2389
646.6667 2902 0.2228
613.6667 2902 0.2115
536.3333 2902 0.1848
497.6667 2902 0.1715
440.8889 2902 0.1519
398 2902 0.1371
368.4444 2902 0.127
335.1111 2902 0.1155
318.6667 2902 0.1098
302.4444 2902 0.1042
284.4444 2902 0.098
266.1111 2902 0.0917
259.6667 2902 0.0895
251.1111 2902 0.0865
260.6667 2902 0.0898
322.3333 2902 0.1111
461.7778 2902 0.1591
572.8889 2902 0.1974
632.6667 2902 0.218
698.3333 2902 0.2406
767 2902 0.2643
751.4444 2902 0.2589
758.8889 2902 0.2615
770.3333 2902 0.2654
754.1111 2902 0.2599
778.6667 2902 0.2683
790.4444 2902 0.2724
875.1111 2902 0.3016
909.3333 2902 0.3133
949.4444 2902 0.3272
936.3333 2902 0.3227
929.3333 2902 0.3202
949.1111 2902 0.3271
945.1111 2902 0.3257
910.7778 2902 0.3138
930.2222 2902 0.3205
929.6667 2902 0.3204
926.7778 2902 0.3194
918.8889 2902 0.3166
949.8889 2902 0.3273
990.1111 2902 0.3412
1048.1111 2902 0.3612
1056.6667 2902 0.3641
1095.4444 2902 0.3775
1075.6667 2902 0.3707
1001.3333 2902 0.345
957.7778 2902 0.33
937.4444 2902 0.323
953 2902 0.3284
965.5556 2902 0.3327
981.2222 2902 0.3381
920.4444 2902 0.3172
967.4444 2902 0.3334
1062.5556 2902 0.3661
1048.3333 2902 0.3612
1021.2222 2902 0.3519
972.4444 2902 0.3351
943.8889 2902 0.3253
970.4444 2902 0.3344
983.6667 2902 0.339
961.3333 2902 0.3313
879.3333 2902 0.303
843.7778 2902 0.2908
832.1111 2902 0.2867
819.5556 2902 0.2824
787 2902 0.2712
760.7778 2902 0.2622
774.2222 2902 0.2668
812.8889 2902 0.2801
832.5556 2902 0.2869
828.3333 2902 0.2854
839.5556 2902 0.2893
855.5556 2902 0.2948
861.8889 2902 0.297
882.5556 2902 0.3041
932.1111 2902 0.3212
1032.3333 2902 0.3557
1148 2902 0.3956
1165.6667 2902 0.4017
1093.8889 2902 0.3769
1064.4444 2902 0.3668
1078.3333 2902 0.3716
1060.1111 2902 0.3653
1097.5556 2902 0.3782
1155.8889 2902 0.3983
1189.7778 2902 0.41
1242.3333 2902 0.4281
1424.6667 2902 0.4909
1491.3333 2902 0.5139
1541.6667 2902 0.5312
1557 2902 0.5365
1555.3333 2902 0.536
1557 2902 0.5365
1514.4444 2902 0.5219
1409.7778 2902 0.4858
1311.1111 2902 0.4518
1271.3333 2902 0.4381
1260.8889 2902 0.4345
1221.5556 2902 0.4209
1248.1111 2902 0.4301
1228.8889 2902 0.4235
1271.2222 2902 0.4381
1210.2222 2902 0.417
1162.3333 2902 0.4005
1067.6667 2902 0.3679
1071.7778 2902 0.3693
1105.5556 2902 0.381
1107 2902 0.3815
1103.2222 2902 0.3802
1022.3333 2902 0.3523
1028.8889 2902 0.3545
1112 2902 0.3832
1200.6667 2902 0.4137
1263.5556 2902 0.4354
1300.2222 2902 0.448
1304.2222 2902 0.4494
1278.2222 2902 0.4405
1239.8889 2902 0.4273
1268.2222 2902 0.437
1203.4444 2902 0.4147
1158.3333 2902 0.3992
1112.5556 2902 0.3834
1057.7778 2902 0.3645
1087.1111 2902 0.3746
1070.8889 2902 0.369
1187.5556 2902 0.4092
1189.4444 2902 0.4099
1233.2222 2902 0.425
1151.3333 2902 0.3967
1090.1111 2902 0.3756
1093 2902 0.3766
1084 2902 0.3735
1107.1111 2902 0.3815
1167.2222 2902 0.4022
1137 2902 0.3918
1151.6667 2902 0.3969
1126.5556 2902 0.3882
1054.8889 2902 0.3635
1027.4444 2902 0.354
1036.4444 2902 0.3571
1004.6667 2902 0.3462
917.4444 2902 0.3161
913.3333 2902 0.3147
829.2222 2902 0.2857
749.3333 2902 0.2582
734.2222 2902 0.253
731.6667 2902 0.2521
678.3333 2902 0.2337
726.6667 2902 0.2504
822.1111 2902 0.2833
854 2902 0.2943
772.5556 2902 0.2662
703.3333 2902 0.2424
636 2902 0.2192
465.1111 2902 0.1603
394.1111 2902 0.1358
348.5556 2902 0.1201
355.6667 2902 0.1226
371.5556 2902 0.128
459.8889 2902 0.1585
484 2902 0.1668
492.2222 2902 0.1696
489.6667 2902 0.1687
508.6667 2902 0.1753
518.3333 2902 0.1786
508.7778 2902 0.1753
491 2902 0.1692
504.1111 2902 0.1737
509.8889 2902 0.1757
448.3333 2902 0.1545
434.5556 2902 0.1497
421.3333 2902 0.1452
455.7778 2902 0.1571
476.2222 2902 0.1641
491.3333 2902 0.1693
476.7778 2902 0.1643
460.6667 2902 0.1587
432.1111 2902 0.1489
381.1111 2902 0.1313
322.2222 2902 0.111
302.4444 2902 0.1042
316.4444 2902 0.109
339.4444 2902 0.117
384.7778 2902 0.1326
414.3333 2902 0.1428
454.3333 2902 0.1566
474.1111 2902 0.1634
449 2902 0.1547
461 2902 0.1589
412.3333 2902 0.1421
409.6667 2902 0.1412
411.3333 2902 0.1417
446 2902 0.1537
505.6667 2902 0.1742
499.8889 2902 0.1723
466 2902 0.1606
492.2222 2902 0.1696
574.2222 2902 0.1979
648.6667 2902 0.2235
677 2902 0.2333
710.8889 2902 0.245
755.6667 2902 0.2604
777.7778 2902 0.268
783.7778 2902 0.2701
793.1111 2902 0.2733
851.6667 2902 0.2935
834.6667 2902 0.2876
794 2902 0.2736
857.2222 2902 0.2954
966.8889 2902 0.3332
1037 2902 0.3573
1069.6667 2902 0.3686
1096 2902 0.3777
1076 2902 0.3708
989.8889 2902 0.3411
975.7778 2902 0.3362
1027.6667 2902 0.3541
966.6667 2902 0.3331
1000.7778 2902 0.3449
978.8889 2902 0.3373
1103.4444 2902 0.3802
1259.6667 2902 0.4341
1247.4444 2902 0.4299
1212.4444 2902 0.4178
1200.7778 2902 0.4138
1179.8889 2902 0.4066
1137.8889 2902 0.3921
1122.8889 2902 0.3869
1090.7778 2902 0.3759
1135.8889 2902 0.3914
1118.1111 2902 0.3853
1139.8889 2902 0.3928
1099.6667 2902 0.3789
1091.5556 2902 0.3761
1062.2222 2902 0.366
1020.7778 2902 0.3517
930.6667 2902 0.3207
911.1111 2902 0.314
873.2222 2902 0.3009
851.1111 2902 0.2933
862.8889 2902 0.2973
832.6667 2902 0.2869
797.7778 2902 0.2749
775.7778 2902 0.2673
778.4444 2902 0.2682
787.1111 2902 0.2712
764.7778 2902 0.2635
780.3333 2902 0.2689
747.7778 2902 0.2577
760.1111 2902 0.2619
794.7778 2902 0.2739
884.6667 2902 0.3048
864.8889 2902 0.298
822.8889 2902 0.2836
814.1111 2902 0.2805
791 2902 0.2726
789.4444 2902 0.272
807.5556 2902 0.2783
778.8889 2902 0.2684
750.3333 2902 0.2586
739.5556 2902 0.2548
697.7778 2902 0.2404
652.8889 2902 0.225
584.5556 2902 0.2014
564.6667 2902 0.1946
588.7778 2902 0.2029
605.2222 2902 0.2086
591.8889 2902 0.204
597.3333 2902 0.2058
618.7778 2902 0.2132
639.8889 2902 0.2205
645.8889 2902 0.2226
707.8889 2902 0.2439
728.3333 2902 0.251
752 2902 0.2591
749.5556 2902 0.2583
749.1111 2902 0.2581
722.1111 2902 0.2488
712.2222 2902 0.2454
752.4444 2902 0.2593
817.1111 2902 0.2816
883.4444 2902 0.3044
931.4444 2902 0.321
998.3333 2902 0.344
974 2902 0.3356
866.5556 2902 0.2986
835.3333 2902 0.2878
801.2222 2902 0.2761
799.5556 2902 0.2755
802.1111 2902 0.2764
816.7778 2902 0.2815
826.4444 2902 0.2848
978.1111 2902 0.337
1188.3333 2902 0.4095
1182.4444 2902 0.4075
1164.7778 2902 0.4014
1150.4444 2902 0.3964
1164.2222 2902 0.4012
1147.4444 2902 0.3954
1156.7778 2902 0.3986
1196 2902 0.4121
1137 2902 0.3918
1266.7778 2902 0.4365
1386.6667 2902 0.4778
1455.7778 2902 0.5016
1435.2222 2902 0.4946
1384.3333 2902 0.477
1312.1111 2902 0.4521
1236 2902 0.4259
972 2902 0.3349
892.6667 2902 0.3076
826.1111 2902 0.2847
767.4444 2902 0.2645
768.4444 2902 0.2648
777.4444 2902 0.2679
855.2222 2902 0.2947
973.1111 2902 0.3353
1073.2222 2902 0.3698
1137.1111 2902 0.3918
1174.6667 2902 0.4048
1165.5556 2902 0.4016
1210.8889 2902 0.4173
1172.1111 2902 0.4039
1268.2222 2902 0.437
1206.5556 2902 0.4158
1233.6667 2902 0.4251
1237.5556 2902 0.4264
1241.4444 2902 0.4278
1285.2222 2902 0.4429
1321.4444 2902 0.4554
1434.6667 2902 0.4944
1392 2902 0.4797
1334.6667 2902 0.4599
1157.8889 2902 0.399
1035.6667 2902 0.3569
971 2902 0.3346
918.1111 2902 0.3164
901.7778 2902 0.3107
910.1111 2902 0.3136
969.5556 2902 0.3341
1010 2902 0.348
1056.4444 2902 0.364
1085.4444 2902 0.374
1102 2902 0.3797
1074.5556 2902 0.3703
1092.8889 2902 0.3766
1099 2902 0.3787
1116.7778 2902 0.3848
1141.7778 2902 0.3934
1161.3333 2902 0.4002
1187.7778 2902 0.4093
1183.6667 2902 0.4079
1198 2902 0.4128
1141 2902 0.3932
1158 2902 0.399
1175.1111 2902 0.4049
1130.2222 2902 0.3895
1096.7778 2902 0.3779
1122.1111 2902 0.3867
1063.8889 2902 0.3666
1064.1111 2902 0.3667
1096.4444 2902 0.3778
1059.3333 2902 0.365
1085.1111 2902 0.3739
1166.6667 2902 0.402
1182.6667 2902 0.4075
1179.5556 2902 0.4065
1159.1111 2902 0.3994
1138.5556 2902 0.3923
1083.1111 2902 0.3732
1077.7778 2902 0.3714
1060.6667 2902 0.3655
1032.1111 2902 0.3557
1080.6667 2902 0.3724
1075.5556 2902 0.3706
1090.8889 2902 0.3759
1096.8889 2902 0.378
1072.6667 2902 0.3696
1068.1111 2902 0.3681
1090 2902 0.3756
1120.7778 2902 0.3862
1093.8889 2902 0.3769
1123.1111 2902 0.387
1078.6667 2902 0.3717
1054.5556 2902 0.3634
1039.2222 2902 0.3581
980.1111 2902 0.3377
973.7778 2902 0.3356
1129.1111 2902 0.3891
1242.8889 2902 0.4283
1190.3333 2902 0.4102
1187.3333 2902 0.4091
1191.2222 2902 0.4105
1130.5556 2902 0.3896
1088.5556 2902 0.3751
1092.3333 2902 0.3764
1086.6667 2902 0.3745
986.1111 2902 0.3398
905.7778 2902 0.3121
872.8889 2902 0.3008
893.7778 2902 0.308
870.2222 2902 0.2999
882.4444 2902 0.3041
838.2222 2902 0.2888
898.4444 2902 0.3096
988.4444 2902 0.3406
1015.3333 2902 0.3499
1032 2902 0.3556
1041.7778 2902 0.359
1094.3333 2902 0.3771
1161.3333 2902 0.4002
1219.1111 2902 0.4201
1239 2902 0.4269
1237.6667 2902 0.4265
1176.8889 2902 0.4055
1119.8889 2902 0.3859
1107.1111 2902 0.3815
1118.6667 2902 0.3855
1086.8889 2902 0.3745
1100 2902 0.379
1031.5556 2902 0.3555
1082.6667 2902 0.3731
1224.2222 2902 0.4219
1318 2902 0.4542
1349.1111 2902 0.4649
1366.1111 2902 0.4707
1369.3333 2902 0.4719
1356.1111 2902 0.4673
1248 2902 0.43
1194.7778 2902 0.4117