1158.5556 2902 0.3992
1187.8889 2902 0.4093
1157 2902 0.3987
1213.8889 2902 0.4183
1158 2902 0.399
1029.3333 2902 0.3547
1015.2222 2902 0.3498
1121.1111 2902 0.3863
1051.7778 2902 0.3624
1058.4444 2902 0.3647
1027.6667 2902 0.3541
1055.7778 2902 0.3638
1089.7778 2902 0.3755
1136.8889 2902 0.3918
1146.5556 2902 0.3951
1136 2902 0.3915
1160.8889 2902 0.4
1172.3333 2902 0.404
1184.7778 2902 0.4083
1182.7778 2902 0.4076
1204.5556 2902 0.4151
1203.6667 2902 0.4148
1189.2222 2902 0.4098
1142.6667 2902 0.3938
1075.4444 2902 0.3706
1072.5556 2902 0.3696
1068.1111 2902 0.3681
1096.4444 2902 0.3778
1073.1111 2902 0.3698
1050 2902 0.3618
1022.3333 2902 0.3523
1024 2902 0.3529
1041.8889 2902 0.359
1041.2222 2902 0.3588
1009.3333 2902 0.3478
1037.6667 2902 0.3576
1046.4444 2902 0.3606
1038.7778 2902 0.358
981.2222 2902 0.3381
917.1111 2902 0.316
886.6667 2902 0.3055
907.7778 2902 0.3128
913.5556 2902 0.3148
991.3333 2902 0.3416
1048.7778 2902 0.3614
1022.2222 2902 0.3522
945 2902 0.3256
921.6667 2902 0.3176
1016.3333 2902 0.3502
962.7778 2902 0.3318
897.2222 2902 0.3092
902.5556 2902 0.311
883.5556 2902 0.3045
923.3333 2902 0.3182
922.5556 2902 0.3179
1004.6667 2902 0.3462
1024.2222 2902 0.3529
1087.7778 2902 0.3748
1072.8889 2902 0.3697
1095 2902 0.3773
1106.4444 2902 0.3813
1169.2222 2902 0.4029
1195.1111 2902 0.4118
1223 2902 0.4214
1253.1111 2902 0.4318
1300.1111 2902 0.448
1429 2902 0.4924
1512.5556 2902 0.5212
1460.3333 2902 0.5032
1442.4444 2902 0.4971
1409.1111 2902 0.4856
1337.5556 2902 0.4609
1192.6667 2902 0.411
1144.1111 2902 0.3942
1131.5556 2902 0.3899
1092.5556 2902 0.3765
1014.2222 2902 0.3495
1063.1111 2902 0.3663
968.8889 2902 0.3339
946.8889 2902 0.3263
858.2222 2902 0.2957
802.1111 2902 0.2764
741.7778 2902 0.2556
750.6667 2902 0.2587
732.7778 2902 0.2525
751.4444 2902 0.2589
835.8889 2902 0.288
889.2222 2902 0.3064
872.2222 2902 0.3006
870.7778 2902 0.3001
894.6667 2902 0.3083
939.5556 2902 0.3238
983.1111 2902 0.3388
1079.1111 2902 0.3719
1139.1111 2902 0.3925
1105.8889 2902 0.3811
1048 2902 0.3611
982.1111 2902 0.3384
976.3333 2902 0.3364
921.1111 2902 0.3174
856.6667 2902 0.2952
775.7778 2902 0.2673
747.6667 2902 0.2576
799.8889 2902 0.2756
837.2222 2902 0.2885
884.8889 2902 0.3049
902 2902 0.3108
914.4444 2902 0.3151
893.7778 2902 0.308
980.7778 2902 0.338
963.2222 2902 0.3319
959.4444 2902 0.3306
1006.4444 2902 0.3468
1066.2222 2902 0.3674
1139.2222 2902 0.3926
1212.5556 2902 0.4178
1220.5556 2902 0.4206
1180.6667 2902 0.4068
1077.2222 2902 0.3712
1020.6667 2902 0.3517
961 2902 0.3312
895.4444 2902 0.3086
912.6667 2902 0.3145
866 2902 0.2984
844.8889 2902 0.2911
825.8889 2902 0.2846
801.8889 2902 0.2763
791.3333 2902 0.2727
791.6667 2902 0.2728
762.8889 2902 0.2629
750.6667 2902 0.2587
747.4444 2902 0.2576
781.6667 2902 0.2694
745.2222 2902 0.2568
720.5556 2902 0.2483
672.4444 2902 0.2317
654.1111 2902 0.2254
749 2902 0.2581
783.2222 2902 0.2699
773.8889 2902 0.2667
783.8889 2902 0.2701
761.6667 2902 0.2625
743.4444 2902 0.2562
723.4444 2902 0.2493
666.2222 2902 0.2296
608.2222 2902 0.2096
640.1111 2902 0.2206
653.2222 2902 0.2251
710.4444 2902 0.2448
710 2902 0.2447
724 2902 0.2495
782.4444 2902 0.2696
840.5556 2902 0.2896
815.6667 2902 0.2811
762.5556 2902 0.2628
768.7778 2902 0.2649
812.8889 2902 0.2801
804.8889 2902 0.2774
842.3333 2902 0.2903
969.4444 2902 0.3341
1027.2222 2902 0.354
1093.3333 2902 0.3768
1229.8889 2902 0.4238
1194.7778 2902 0.4117
1090.1111 2902 0.3756
1085.4444 2902 0.374
1095.8889 2902 0.3776
977.2222 2902 0.3367
911 2902 0.3139
868.6667 2902 0.2993
812.7778 2902 0.2801
803.6667 2902 0.2769
774.7778 2902 0.267
769.4444 2902 0.2651
834.5556 2902 0.2876
855.2222 2902 0.2947
815.1111 2902 0.2809
716.1111 2902 0.2468
674.1111 2902 0.2323
674 2902 0.2323
757.5556 2902 0.261
836.2222 2902 0.2882
814.2222 2902 0.2806
866 2902 0.2984
860.6667 2902 0.2966
879.7778 2902 0.3032
915.5556 2902 0.3155
954.5556 2902 0.3289
1024.3333 2902 0.353
991.5556 2902 0.3417
910.6667 2902 0.3138
859.6667 2902 0.2962
822.5556 2902 0.2834
780.4444 2902 0.2689
713.5556 2902 0.2459
656.2222 2902 0.2261
651.4444 2902 0.2245
627 2902 0.2161
678.2222 2902 0.2337
732.7778 2902 0.2525
717 2902 0.2471
708.3333 2902 0.2441
713.7778 2902 0.246
741.6667 2902 0.2556
814.8889 2902 0.2808
901.1111 2902 0.3105
918.5556 2902 0.3165
961.3333 2902 0.3313
977.6667 2902 0.3369
1020.7778 2902 0.3517
1034.8889 2902 0.3566
1019.3333 2902 0.3513
1035.1111 2902 0.3567
1042 2902 0.3591
1041 2902 0.3587
1011.2222 2902 0.3485
917.2222 2902 0.3161
844.1111 2902 0.2909
796.6667 2902 0.2745
754.1111 2902 0.2599
761.4444 2902 0.2624
682.5556 2902 0.2352
668.3333 2902 0.2303
660.1111 2902 0.2275
673.8889 2902 0.2322
716.2222 2902 0.2468
750.5556 2902 0.2586
799.4444 2902 0.2755
880.8889 2902 0.3035
977.4444 2902 0.3368
1017.2222 2902 0.3505
1063.6667 2902 0.3665
1061 2902 0.3656
1027.5556 2902 0.3541
1047.4444 2902 0.3609
1078.2222 2902 0.3715
1078.5556 2902 0.3717
1079.5556 2902 0.372
1066.2222 2902 0.3674
1019.1111 2902 0.3512
992.4444 2902 0.342
1035.4444 2902 0.3568
1088.2222 2902 0.375
1056.8889 2902 0.3642
995.3333 2902 0.343
963.3333 2902 0.332
957.2222 2902 0.3298
935.3333 2902 0.3223
889.5556 2902 0.3065
805.4444 2902 0.2775
732.4444 2902 0.2524
702.3333 2902 0.242
667 2902 0.2298
712.2222 2902 0.2454
755.5556 2902 0.2604
822.8889 2902 0.2836
830.3333 2902 0.2861
780 2902 0.2688
793 2902 0.2733
815.4444 2902 0.281
884.2222 2902 0.3047
955.5556 2902 0.3293
1021.3333 2902 0.3519
1106.3333 2902 0.3812
1145.4444 2902 0.3947
1188.6667 2902 0.4096
1154.4444 2902 0.3978
1114.4444 2902 0.384
1144.4444 2902 0.3944
1129.1111 2902 0.3891
1155.7778 2902 0.3983
1142.4444 2902 0.3937
1114.7778 2902 0.3841
1069.6667 2902 0.3686
1091.6667 2902 0.3762
1060.2222 2902 0.3653
1101.6667 2902 0.3796
1159 2902 0.3994
1151.2222 2902 0.3967
1172.8889 2902 0.4042
1160.7778 2902 0.4
1137.8889 2902 0.3921
1176 2902 0.4052
1193 2902 0.4111
1218.4444 2902 0.4199
1223 2902 0.4214
1192.8889 2902 0.4111
1122.6667 2902 0.3869
1009.2222 2902 0.3478
972.8889 2902 0.3352
845 2902 0.2912
889.5556 2902 0.3065
906 2902 0.3122
926.8889 2902 0.3194
906.3333 2902 0.3123
939.3333 2902 0.3237
931.5556 2902 0.321
859.5556 2902 0.2962
790.5556 2902 0.2724
763.1111 2902 0.263
748.7778 2902 0.258
794 2902 0.2736
829.5556 2902 0.2859
882.1111 2902 0.304
927.7778 2902 0.3197
901.8889 2902 0.3108
896.8889 2902 0.3091
943.7778 2902 0.3252
990.2222 2902 0.3412
1026.7778 2902 0.3538
1064.6667 2902 0.3669
1059 2902 0.3649
1147.6667 2902 0.3955
1217.4444 2902 0.4195
1180.4444 2902 0.4068
1205.6667 2902 0.4155
1177.2222 2902 0.4057
1114.3333 2902 0.384
1129 2902 0.389
1165 2902 0.4014
1146 2902 0.3949
1176.1111 2902 0.4053
1189.4444 2902 0.4099
1227.7778 2902 0.4231
1276 2902 0.4397
1308.7778 2902 0.451
1279.5556 2902 0.4409
1233.4444 2902 0.425
1242.5556 2902 0.4282
1288.8889 2902 0.4441
1316.6667 2902 0.4537
1364.4444 2902 0.4702
1335.5556 2902 0.4602
1319.5556 2902 0.4547
1319.3333 2902 0.4546
1226.8889 2902 0.4228
1179.2222 2902 0.4063
1183.1111 2902 0.4077
1203.5556 2902 0.4147
1218.2222 2902 0.4198
1222.8889 2902 0.4214
1190.1111 2902 0.4101
1210.2222 2902 0.417
1286.3333 2902 0.4433
1264.7778 2902 0.4358
1203.4444 2902 0.4147
1195.1111 2902 0.4118
1130.4444 2902 0.3895
1060 2902 0.3653
1083.4444 2902 0.3733
1044.3333 2902 0.3599
982.7778 2902 0.3387
873.1111 2902 0.3009
806.2222 2902 0.2778
756.3333 2902 0.2606
802.6667 2902 0.2766
803.1111 2902 0.2767
774.2222 2902 0.2668
711.5556 2902 0.2452
683.2222 2902 0.2354
632.5556 2902 0.218
589.2222 2902 0.203
539.4444 2902 0.1859
545.4444 2902 0.188
569 2902 0.1961
592.3333 2902 0.2041
627.3333 2902 0.2162
673.6667 2902 0.2321
702.1111 2902 0.2419
684.6667 2902 0.2359
659.1111 2902 0.2271
617.5556 2902 0.2128
565.2222 2902 0.1948
535.1111 2902 0.1844
545.3333 2902 0.1879
473.5556 2902 0.1632
424.2222 2902 0.1462
439 2902 0.1513
458.1111 2902 0.1579
502.4444 2902 0.1731
531.6667 2902 0.1832
555.1111 2902 0.1913
549.4444 2902 0.1893
543.2222 2902 0.1872
568.5556 2902 0.1959
569.2222 2902 0.1961
593.1111 2902 0.2044
579.5556 2902 0.1997
599 2902 0.2064
665.1111 2902 0.2292
715.2222 2902 0.2465
796.5556 2902 0.2745
853.6667 2902 0.2942
862.5556 2902 0.2972
872.2222 2902 0.3006
924.3333 2902 0.3185
952.8889 2902 0.3284
949.4444 2902 0.3272
978.7778 2902 0.3373
962.4444 2902 0.3316
949.7778 2902 0.3273
957.6667 2902 0.33
1013.2222 2902 0.3491
1009.1111 2902 0.3477
1025.4444 2902 0.3534
1023 2902 0.3525
977.5556 2902 0.3369
992.3333 2902 0.3419
1038.1111 2902 0.3577
1060.6667 2902 0.3655
1045.7778 2902 0.3604
1046 2902 0.3604
1025.2222 2902 0.3533
1003.7778 2902 0.3459
976.3333 2902 0.3364
962.3333 2902 0.3316
965.4444 2902 0.3327
926.7778 2902 0.3194
919.1111 2902 0.3167
888.8889 2902 0.3063
898.4444 2902 0.3096
923.5556 2902 0.3182
921.1111 2902 0.3174
948.2222 2902 0.3267
1003 2902 0.3456
1146.5556 2902 0.3951
1329.2222 2902 0.458
1373.4444 2902 0.4733
1383.4444 2902 0.4767
1383.7778 2902 0.4768
1400 2902 0.4824
1338.1111 2902 0.4611
1280.1111 2902 0.4411
1210.6667 2902 0.4172
1099.6667 2902 0.3789
1113.3333 2902 0.3836
1069.3333 2902 0.3685
1143.1111 2902 0.3939
1185 2902 0.4083
1219.5556 2902 0.4202
1205.4444 2902 0.4154
1103.6667 2902 0.3803
1080 2902 0.3722
1165.5556 2902 0.4016
1208.6667 2902 0.4165
1159.2222 2902 0.3995
1108.7778 2902 0.3821
1063.6667 2902 0.3665
1098.6667 2902 0.3786
1083.3333 2902 0.3733
1123.5556 2902 0.3872
1100.4444 2902 0.3792
1163.4444 2902 0.4009
1071.5556 2902 0.3692
928.5556 2902 0.32
852.6667 2902 0.2938
775.3333 2902 0.2672
707 2902 0.2436
729.4444 2902 0.2514
700.8889 2902 0.2415
739.6667 2902 0.2549
748.4444 2902 0.2579
798 2902 0.275
912.5556 2902 0.3145
838.2222 2902 0.2888
860.4444 2902 0.2965
873.3333 2902 0.3009
829 2902 0.2857
885.2222 2902 0.305
871 2902 0.3001
905.7778 2902 0.3121
857.5556 2902 0.2955
986 2902 0.3398
1108.8889 2902 0.3821
1220.6667 2902 0.4206
1322.6667 2902 0.4558
1348.8889 2902 0.4648
1315.8889 2902 0.4534
1266.8889 2902 0.4366
1164.2222 2902 0.4012
1103.7778 2902 0.3804
1017.3333 2902 0.3506
956.1111 2902 0.3295
902.4444 2902 0.311
904.1111 2902 0.3115
942.3333 2902 0.3247
988.2222 2902 0.3405
1073 2902 0.3697
1090 2902 0.3756
1026.8889 2902 0.3539
975.6667 2902 0.3362
923.1111 2902 0.3181
835.8889 2902 0.288
790 2902 0.2722
757.7778 2902 0.2611
709 2902 0.2443
708.5556 2902 0.2442
677.1111 2902 0.2333
641.2222 2902 0.221
659.8889 2902 0.2274
690 2902 0.2378
680 2902 0.2343
699.8889 2902 0.2412
698.5556 2902 0.2407
664.6667 2902 0.229
710.3333 2902 0.2448
709.3333 2902 0.2444
756.2222 2902 0.2606
796.8889 2902 0.2746
796.7778 2902 0.2746
806.8889 2902 0.278
808.5556 2902 0.2786
765.7778 2902 0.2639
724.1111 2902 0.2495
692.6667 2902 0.2387
717.5556 2902 0.2473
716.5556 2902 0.2469
691.1111 2902 0.2381
727 2902 0.2505
707.3333 2902 0.2437
717 2902 0.2471
739.5556 2902 0.2548
829.6667 2902 0.2859
912.7778 2902 0.3145
936.4444 2902 0.3227
1014.3333 2902 0.3495
1098.6667 2902 0.3786
1015.3333 2902 0.3499
926.3333 2902 0.3192
873.6667 2902 0.3011
860.2222 2902 0.2964
835.5556 2902 0.2879
795.7778 2902 0.2742
782.8889 2902 0.2698
910.8889 2902 0.3139
950.8889 2902 0.3277
893.7778 2902 0.308
878.7778 2902 0.3028
860.8889 2902 0.2967
802.6667 2902 0.2766
780.1111 2902 0.2688
866.5556 2902 0.2986
849.4444 2902 0.2927
817.2222 2902 0.2816
832.1111 2902 0.2867
831.7778 2902 0.2866
924.1111 2902 0.3184
998.2222 2902 0.344
1043.8889 2902 0.3597
999.5556 2902 0.3444
983.2222 2902 0.3388
881 2902 0.3036
857.4444 2902 0.2955
895.5556 2902 0.3086
924.8889 2902 0.3187
935.2222 2902 0.3223
941.8889 2902 0.3246
905.5556 2902 0.312
952.4444 2902 0.3282
1037.8889 2902 0.3576
1035.3333 2902 0.3568
1100.7778 2902 0.3793
1164 2902 0.4011
1184.5556 2902 0.4082
1207.5556 2902 0.4161
1148 2902 0.3956
1144.5556 2902 0.3944
1130.8889 2902 0.3897
1175.4444 2902 0.405
1170.6667 2902 0.4034
1199 2902 0.4132
1292.3333 2902 0.4453
1359.2222 2902 0.4684
1371.7778 2902 0.4727
1287.5556 2902 0.4437
1192.6667 2902 0.411
1142.5556 2902 0.3937
1153.8889 2902 0.3976
1086.8889 2902 0.3745
1018.8889 2902 0.3511
988.1111 2902 0.3405
1042.6667 2902 0.3593
1140 2902 0.3928
1105.3333 2902 0.3809
1193.5556 2902 0.4113
1193.4444 2902 0.4112
1274.1111 2902 0.439
1312.3333 2902 0.4522
1242.6667 2902 0.4282
1266.3333 2902 0.4364
1232.4444 2902 0.4247
1196.5556 2902 0.4123
1204.4444 2902 0.415
1353.3333 2902 0.4663
1391.3333 2902 0.4794
1446.5556 2902 0.4985
1423.8889 2902 0.4907
1366.1111 2902 0.4707
1221.7778 2902 0.421
1120.8889 2902 0.3862
1087.3333 2902 0.3747
1093.6667 2902 0.3769
1028.1111 2902 0.3543
943.7778 2902 0.3252
962.7778 2902 0.3318
995.1111 2902 0.3429
989 2902 0.3408
932.1111 2902 0.3212
839.7778 2902 0.2894
759.3333 2902 0.2617
722 2902 0.2488
812.1111 2902 0.2798
808 2902 0.2784
859.1111 2902 0.296
831.8889 2902 0.2867
838.2222 2902 0.2888
933 2902 0.3215
1037.8889 2902 0.3576
1086.1111 2902 0.3743
1156.6667 2902 0.3986
1194.3333 2902 0.4116
1214 2902 0.4183
1251.7778 2902 0.4314
1238 2902 0.4266
1196.7778 2902 0.4124
1208.4444 2902 0.4164
1158.1111 2902 0.3991
1168.1111 2902 0.4025
1182.6667 2902 0.4075
1164 2902 0.4011
1124.4444 2902 0.3875
1174.6667 2902 0.4048
1108.1111 2902 0.3818
999 2902 0.3442
1034.2222 2902 0.3564
1008.6667 2902 0.3476
1010.7778 2902 0.3483
1034.1111 2902 0.3563
1008.1111 2902 0.3474
1026 2902 0.3535
1038.1111 2902 0.3577
1075.5556 2902 0.3706
1134 2902 0.3908
1108.1111 2902 0.3818
1072.5556 2902 0.3696
1062.7778 2902 0.3662
1018.6667 2902 0.351
806.3333 2902 0.2779
847.3333 2902 0.292
680.2222 2902 0.2344
583 2902 0.2009
582.3333 2902 0.2007
578 2902 0.1992
647 2902 0.2229
798.4444 2902 0.2751
832.3333 2902 0.2868
814 2902 0.2805
809.6667 2902 0.279
780.4444 2902 0.2689
792.2222 2902 0.273
768 2902 0.2646
804.5556 2902 0.2772
865.6667 2902 0.2983
878.5556 2902 0.3027
990.4444 2902 0.3413
1043.1111 2902 0.3594
1068 2902 0.368
1065.6667 2902 0.3672
1079.7778 2902 0.3721
1050.5556 2902 0.362
1012 2902 0.3487
866.7778 2902 0.2987