571.2222 2902 0.1968
558.8889 2902 0.1926
580.7778 2902 0.2001
559.2222 2902 0.1927
569.8889 2902 0.1964
670.1111 2902 0.2309
762.3333 2902 0.2627
722.6667 2902 0.249
712.7778 2902 0.2456
721.7778 2902 0.2487
715.2222 2902 0.2465
720 2902 0.2481
800.7778 2902 0.2759
831 2902 0.2864
814.3333 2902 0.2806
858.3333 2902 0.2958
875.3333 2902 0.3016
826.3333 2902 0.2847
809.2222 2902 0.2788
844.1111 2902 0.2909
902.2222 2902 0.3109
876 2902 0.3019
880.8889 2902 0.3035
830.7778 2902 0.2863
793.1111 2902 0.2733
715.3333 2902 0.2465
700.5556 2902 0.2414
721.8889 2902 0.2488
645.3333 2902 0.2224
730.1111 2902 0.2516
749.7778 2902 0.2584
717.7778 2902 0.2473
657.6667 2902 0.2266
642.5556 2902 0.2214
692.5556 2902 0.2386
681.2222 2902 0.2347
683.8889 2902 0.2357
731.7778 2902 0.2522
747 2902 0.2574
778.7778 2902 0.2684
775.5556 2902 0.2672
739.1111 2902 0.2547
720 2902 0.2481
765.8889 2902 0.2639
755.3333 2902 0.2603
680.5556 2902 0.2345
636.2222 2902 0.2192
610.8889 2902 0.2105
676 2902 0.2329
646.1111 2902 0.2226
627.8889 2902 0.2164
629.4444 2902 0.2169
581.5556 2902 0.2004
696.5556 2902 0.24
814.5556 2902 0.2807
805.6667 2902 0.2776
776.6667 2902 0.2676
777.6667 2902 0.268
831.2222 2902 0.2864
873.7778 2902 0.3011
920.5556 2902 0.3172
959.7778 2902 0.3307
960.7778 2902 0.3311
903.7778 2902 0.3114
884.5556 2902 0.3048
803.8889 2902 0.277
897.5556 2902 0.3093
968.2222 2902 0.3336
992.5556 2902 0.342
913.8889 2902 0.3149
739.4444 2902 0.2548
691.8889 2902 0.2384
607.2222 2902 0.2092
527.6667 2902 0.1818
491.7778 2902 0.1695
464.1111 2902 0.1599
507.3333 2902 0.1748
709.7778 2902 0.2446
917.5556 2902 0.3162
907.4444 2902 0.3127
843.8889 2902 0.2908
802.8889 2902 0.2767
738.8889 2902 0.2546
706.1111 2902 0.2433
661.1111 2902 0.2278
595.6667 2902 0.2053
580.6667 2902 0.2001
609.8889 2902 0.2102
611.1111 2902 0.2106
593.1111 2902 0.2044
630.3333 2902 0.2172
624.6667 2902 0.2153
557.1111 2902 0.192
514 2902 0.1771
495.6667 2902 0.1708
365.3333 2902 0.1259
380 2902 0.1309
343.1111 2902 0.1182
372.8889 2902 0.1285
370.8889 2902 0.1278
431 2902 0.1485
440.4444 2902 0.1518
478.3333 2902 0.1648
508.4444 2902 0.1752
493.1111 2902 0.1699
521.7778 2902 0.1798
553.3333 2902 0.1907
581.6667 2902 0.2004
647.1111 2902 0.223
700.4444 2902 0.2414
699.8889 2902 0.2412
666.4444 2902 0.2297
625.2222 2902 0.2154
559.8889 2902 0.1929
601.1111 2902 0.2071
700.2222 2902 0.2413
720.4444 2902 0.2483
715.8889 2902 0.2467
674.3333 2902 0.2324
593.8889 2902 0.2046
543.5556 2902 0.1873
439.5556 2902 0.1515
415.6667 2902 0.1432
441.8889 2902 0.1523
511.1111 2902 0.1761
551.7778 2902 0.1901
607.8889 2902 0.2095
568.7778 2902 0.196
512.7778 2902 0.1767
469.2222 2902 0.1617
445.2222 2902 0.1534
450.5556 2902 0.1553
452.2222 2902 0.1558
477.5556 2902 0.1646
571.4444 2902 0.1969
523.6667 2902 0.1805
535.3333 2902 0.1845
529.4444 2902 0.1824
567.5556 2902 0.1956
588.6667 2902 0.2028
616.4444 2902 0.2124
613 2902 0.2112
608.6667 2902 0.2097
558.8889 2902 0.1926
564.2222 2902 0.1944
539.3333 2902 0.1858
534.5556 2902 0.1842
594.4444 2902 0.2048
672.8889 2902 0.2319
666.4444 2902 0.2297
679.6667 2902 0.2342
680.1111 2902 0.2344
724 2902 0.2495
731 2902 0.2519
809.2222 2902 0.2788
834 2902 0.2874
857.6667 2902 0.2955
895.2222 2902 0.3085
917.1111 2902 0.316
918.7778 2902 0.3166
837.4444 2902 0.2886
786.3333 2902 0.271
756.2222 2902 0.2606
838.8889 2902 0.2891
852.8889 2902 0.2939
843.5556 2902 0.2907
734.8889 2902 0.2532
579.2222 2902 0.1996
517.4444 2902 0.1783
489.3333 2902 0.1686
463.6667 2902 0.1598
457.6667 2902 0.1577
531.6667 2902 0.1832
549 2902 0.1892
542.4444 2902 0.1869
564.8889 2902 0.1947
584.2222 2902 0.2013
620.1111 2902 0.2137
559.4444 2902 0.1928
463.6667 2902 0.1598
513.4444 2902 0.1769
470.1111 2902 0.162
518.4444 2902 0.1787
553.7778 2902 0.1908
547 2902 0.1885
569 2902 0.1961
682.3333 2902 0.2351
762.4444 2902 0.2627
802.7778 2902 0.2766
808.5556 2902 0.2786
706.4444 2902 0.2434
649.8889 2902 0.2239
530.4444 2902 0.1828
474.4444 2902 0.1635
509.7778 2902 0.1757
545.5556 2902 0.188
622.4444 2902 0.2145
715.7778 2902 0.2466
718.5556 2902 0.2476
695.8889 2902 0.2398
729.5556 2902 0.2514
764.7778 2902 0.2635
753.2222 2902 0.2596
746.2222 2902 0.2571
707.7778 2902 0.2439
649.2222 2902 0.2237
672 2902 0.2316
679.2222 2902 0.2341
669.1111 2902 0.2306
643.1111 2902 0.2216
615.1111 2902 0.212
644.1111 2902 0.222
676.3333 2902 0.2331
676.1111 2902 0.233
624.1111 2902 0.2151
535.6667 2902 0.1846
420.6667 2902 0.145
381.1111 2902 0.1313
362 2902 0.1247
374.6667 2902 0.1291
438.1111 2902 0.151
480 2902 0.1654
560.4444 2902 0.1931
495.2222 2902 0.1706
430 2902 0.1482
478 2902 0.1647
468.7778 2902 0.1615
501.5556 2902 0.1728
521.4444 2902 0.1797
563 2902 0.194
616.1111 2902 0.2123
667.2222 2902 0.2299
667 2902 0.2298
695.6667 2902 0.2397
796.4444 2902 0.2744
944.8889 2902 0.3256
998.5556 2902 0.3441
1008.6667 2902 0.3476
972.2222 2902 0.335
846 2902 0.2915
782.8889 2902 0.2698
697.5556 2902 0.2404
681.4444 2902 0.2348
683.8889 2902 0.2357
749.4444 2902 0.2583
1030.1111 2902 0.355
1095.4444 2902 0.3775
1115.1111 2902 0.3843
1089 2902 0.3753
1034.8889 2902 0.3566
1041.7778 2902 0.359
1027.3333 2902 0.354
1040.4444 2902 0.3585
1011.4444 2902 0.3485
998.8889 2902 0.3442
1016.2222 2902 0.3502
1041.4444 2902 0.3589
1105.4444 2902 0.3809
1230.2222 2902 0.4239
1272.1111 2902 0.4384
1222 2902 0.4211
1090.7778 2902 0.3759
910.7778 2902 0.3138
758.4444 2902 0.2614
646 2902 0.2226
689.1111 2902 0.2375
607 2902 0.2092
634.3333 2902 0.2186
643.1111 2902 0.2216
910.8889 2902 0.3139
1016.7778 2902 0.3504
973.4444 2902 0.3354
855.3333 2902 0.2947
843.2222 2902 0.2906
883.4444 2902 0.3044
829.5556 2902 0.2859
861.2222 2902 0.2968
896.4444 2902 0.3089
911.2222 2902 0.314
890.6667 2902 0.3069
871.1111 2902 0.3002
890.2222 2902 0.3068
944.5556 2902 0.3255
990.5556 2902 0.3413
971.3333 2902 0.3347
951.2222 2902 0.3278
915 2902 0.3153
869.5556 2902 0.2996
744 2902 0.2564
651 2902 0.2243
617.1111 2902 0.2127
592.7778 2902 0.2043
608.5556 2902 0.2097
764.8889 2902 0.2636
799.2222 2902 0.2754
814.1111 2902 0.2805
782.8889 2902 0.2698
746 2902 0.2571
738.1111 2902 0.2543
762.4444 2902 0.2627
765.5556 2902 0.2638
758.2222 2902 0.2613
729.5556 2902 0.2514
827.5556 2902 0.2852
865.8889 2902 0.2984
874.5556 2902 0.3014
946.8889 2902 0.3263
948.2222 2902 0.3267
948.3333 2902 0.3268
878.5556 2902 0.3027
796 2902 0.2743
675 2902 0.2326
655 2902 0.2257
550.5556 2902 0.1897
515.5556 2902 0.1777
495.2222 2902 0.1706
588.4444 2902 0.2028
726.3333 2902 0.2503
770 2902 0.2653
753.4444 2902 0.2596
733.5556 2902 0.2528
739 2902 0.2547
728.6667 2902 0.2511
755.1111 2902 0.2602
721 2902 0.2484
680.3333 2902 0.2344
640.4444 2902 0.2207
598.1111 2902 0.2061
647.6667 2902 0.2232
638.8889 2902 0.2202
604.1111 2902 0.2082
615.8889 2902 0.2122
687.7778 2902 0.237
695 2902 0.2395
626.2222 2902 0.2158
614.7778 2902 0.2118
689.2222 2902 0.2375
650.3333 2902 0.2241
652.2222 2902 0.2247
666.7778 2902 0.2298
702.5556 2902 0.2421
721.7778 2902 0.2487
782.5556 2902 0.2697
843.5556 2902 0.2907
864.6667 2902 0.298
1007.1111 2902 0.347
1190.7778 2902 0.4103
1296.2222 2902 0.4467
1355.2222 2902 0.467
1358 2902 0.468
1377 2902 0.4745
1415.2222 2902 0.4877
1455.4444 2902 0.5015
1444.1111 2902 0.4976
1483.4444 2902 0.5112
1505.7778 2902 0.5189
1397.7778 2902 0.4817
1211 2902 0.4173
1091 2902 0.3759
994 2902 0.3425
1006.6667 2902 0.3469
979.4444 2902 0.3375
954.8889 2902 0.329
879 2902 0.3029
932 2902 0.3212
1033.5556 2902 0.3562
1090.1111 2902 0.3756
1102.1111 2902 0.3798
1011.5556 2902 0.3486
1050.8889 2902 0.3621
1038.2222 2902 0.3578
1081.6667 2902 0.3727
1122.2222 2902 0.3867
1083.6667 2902 0.3734
1142.8889 2902 0.3938
1210.5556 2902 0.4171
1195.3333 2902 0.4119
1156 2902 0.3983
1199.8889 2902 0.4135
1269.6667 2902 0.4375
1278.1111 2902 0.4404
1219 2902 0.4201
1013.6667 2902 0.3493
748.7778 2902 0.258
695.5556 2902 0.2397
689.2222 2902 0.2375
642.6667 2902 0.2215
643.5556 2902 0.2218
726.2222 2902 0.2502
876.6667 2902 0.3021
1038.3333 2902 0.3578
1066.7778 2902 0.3676
1107 2902 0.3815
1139.1111 2902 0.3925
1101.4444 2902 0.3795
1039.5556 2902 0.3582
1120.2222 2902 0.386
1088.6667 2902 0.3751
978.1111 2902 0.337
975.4444 2902 0.3361
1023.5556 2902 0.3527
1020 2902 0.3515
1063.8889 2902 0.3666
1077.3333 2902 0.3712
1095.7778 2902 0.3776
942.6667 2902 0.3248
751.4444 2902 0.2589
679.5556 2902 0.2342
669 2902 0.2305
603.1111 2902 0.2078
572.3333 2902 0.1972
602.3333 2902 0.2076
697.2222 2902 0.2403
817 2902 0.2815
868.1111 2902 0.2991
852.2222 2902 0.2937
807.4444 2902 0.2782
852 2902 0.2936
884.3333 2902 0.3047
967 2902 0.3332
1011.6667 2902 0.3486
976.6667 2902 0.3365
1031.2222 2902 0.3553
1000.2222 2902 0.3447
999.1111 2902 0.3443
1028.6667 2902 0.3545
1147.5556 2902 0.3954
1178.6667 2902 0.4062
1227.4444 2902 0.423
1094.3333 2902 0.3771
926.6667 2902 0.3193
745.3333 2902 0.2568
708.5556 2902 0.2442
683.7778 2902 0.2356
746 2902 0.2571
789.6667 2902 0.2721
954 2902 0.3287
1178.2222 2902 0.406
1458.3333 2902 0.5025
1438.6667 2902 0.4958
1402.4444 2902 0.4833
1325.2222 2902 0.4567
1289.2222 2902 0.4443
1297.5556 2902 0.4471
1387.1111 2902 0.478
1461 2902 0.5034
1472.6667 2902 0.5075
1535.8889 2902 0.5293
1512 2902 0.521
1443.5556 2902 0.4974
1453.5556 2902 0.5009
1422.2222 2902 0.4901
1309.1111 2902 0.4511
1129.4444 2902 0.3892
947.1111 2902 0.3264
889.6667 2902 0.3066
884.6667 2902 0.3048
880.5556 2902 0.3034
839.7778 2902 0.2894
830.7778 2902 0.2863
899.1111 2902 0.3098
887.1111 2902 0.3057
888.7778 2902 0.3063
848.6667 2902 0.2924
845 2902 0.2912
829.5556 2902 0.2859
805.2222 2902 0.2775
789.7778 2902 0.2721
726.5556 2902 0.2504
778.4444 2902 0.2682
783.8889 2902 0.2701
790.4444 2902 0.2724
795.3333 2902 0.2741
834.1111 2902 0.2874
867.8889 2902 0.2991
868 2902 0.2991
871.3333 2902 0.3003
778.8889 2902 0.2684
661.1111 2902 0.2278
687.2222 2902 0.2368
704.7778 2902 0.2429
678.5556 2902 0.2338
647.6667 2902 0.2232
644.5556 2902 0.2221
694 2902 0.2391
764.4444 2902 0.2634
777.8889 2902 0.2681
797.3333 2902 0.2748
863.7778 2902 0.2976
827.6667 2902 0.2852
833.5556 2902 0.2872
862.6667 2902 0.2973
883.2222 2902 0.3043
870.7778 2902 0.3001
905 2902 0.3119
908.1111 2902 0.3129
944.1111 2902 0.3253
975.5556 2902 0.3362
1078.2222 2902 0.3715
1075.1111 2902 0.3705
1077 2902 0.3711
1019.8889 2902 0.3514
988.2222 2902 0.3405
978.5556 2902 0.3372
911 2902 0.3139
842.6667 2902 0.2904
781 2902 0.2691
783.6667 2902 0.27
831.1111 2902 0.2864
879.5556 2902 0.3031
959 2902 0.3305
902.8889 2902 0.3111
825.2222 2902 0.2844
806.5556 2902 0.2779
866.3333 2902 0.2985
885.5556 2902 0.3052
872 2902 0.3005
894.5556 2902 0.3083
913.3333 2902 0.3147
920.4444 2902 0.3172
858 2902 0.2957
859.2222 2902 0.2961
841.5556 2902 0.29
892.7778 2902 0.3076
889.2222 2902 0.3064
787.7778 2902 0.2715
691.4444 2902 0.2383
610.6667 2902 0.2104
522.7778 2902 0.1801
432.5556 2902 0.1491
432.4444 2902 0.149
442.3333 2902 0.1524
485 2902 0.1671
605.2222 2902 0.2086
792.5556 2902 0.2731
875.7778 2902 0.3018
889.3333 2902 0.3065
858.1111 2902 0.2957
864.4444 2902 0.2979
871.4444 2902 0.3003
866.3333 2902 0.2985
847.6667 2902 0.2921
858.5556 2902 0.2958
937.2222 2902 0.323
996.3333 2902 0.3433
1033.2222 2902 0.356
1104.8889 2902 0.3807
1147.6667 2902 0.3955
1208.7778 2902 0.4165
1236.3333 2902 0.426
1090.5556 2902 0.3758
1002 2902 0.3453
906 2902 0.3122
774.6667 2902 0.2669
789.7778 2902 0.2721
823.8889 2902 0.2839
810.6667 2902 0.2793
812.3333 2902 0.2799
922.4444 2902 0.3179
963.7778 2902 0.3321
920.4444 2902 0.3172
919.2222 2902 0.3168
907.3333 2902 0.3127
864.4444 2902 0.2979
898.5556 2902 0.3096
969.5556 2902 0.3341
947.2222 2902 0.3264
1014.2222 2902 0.3495
1090.2222 2902 0.3757
1065.5556 2902 0.3672
1074.2222 2902 0.3702
1037.8889 2902 0.3576
943.7778 2902 0.3252
886 2902 0.3053
798.2222 2902 0.2751
704.8889 2902 0.2429
669.3333 2902 0.2306
605.6667 2902 0.2087
583.2222 2902 0.201
573 2902 0.1975
584.8889 2902 0.2015
757.2222 2902 0.2609
883.5556 2902 0.3045
925.5556 2902 0.3189
877.4444 2902 0.3024
813.5556 2902 0.2803
768.1111 2902 0.2647
749.5556 2902 0.2583
729 2902 0.2512
730.5556 2902 0.2517
694.6667 2902 0.2394
665 2902 0.2292
625.1111 2902 0.2154
586.6667 2902 0.2022
589.3333 2902 0.2031
601.5556 2902 0.2073
649.4444 2902 0.2238
641.2222 2902 0.221
634.7778 2902 0.2187
592.7778 2902 0.2043
594.8889 2902 0.205
553.3333 2902 0.1907
551.8889 2902 0.1902
597.4444 2902 0.2059
674.7778 2902 0.2325
744.7778 2902 0.2566
832.3333 2902 0.2868
864.8889 2902 0.298
823.6667 2902 0.2838
803 2902 0.2767
802.2222 2902 0.2764
816.2222 2902 0.2813
864.2222 2902 0.2978
809.7778 2902 0.279
829.2222 2902 0.2857
853.1111 2902 0.294
811.6667 2902 0.2797
789.3333 2902 0.272
765.6667 2902 0.2638
823.6667 2902 0.2838
854.6667 2902 0.2945
845 2902 0.2912
859.4444 2902 0.2962
791.5556 2902 0.2728
832.3333 2902 0.2868
774.2222 2902 0.2668
809.8889 2902 0.2791
795.5556 2902 0.2741
821 2902 0.2829
934 2902 0.3218
1047.1111 2902 0.3608
1085.7778 2902 0.3741
1020.8889 2902 0.3518
955 2902 0.3291
928.2222 2902 0.3199
960.6667 2902 0.331
979 2902 0.3374
976.7778 2902 0.3366
977.7778 2902 0.3369
966.3333 2902 0.333
922.8889 2902 0.318
947.8889 2902 0.3266
1024.7778 2902 0.3531
1010.1111 2902 0.3481
1039.5556 2902 0.3582
1081.1111 2902 0.3725
1048.5556 2902 0.3613
940.7778 2902 0.3242
870.7778 2902 0.3001
773 2902 0.2664
713 2902 0.2457
690.5556 2902 0.238
780.1111 2902 0.2688
927 2902 0.3194
1007 2902 0.347
1007 2902 0.347
945.4444 2902 0.3258
934.3333 2902 0.322
923.6667 2902 0.3183
934.7778 2902 0.3221
943.8889 2902 0.3253
974.4444 2902 0.3358
1009.7778 2902 0.348
1008.2222 2902 0.3474
919.5556 2902 0.3169
815.7778 2902 0.2811
815.3333 2902 0.281
831.8889 2902 0.2867
845.8889 2902 0.2915
847 2902 0.2919
806.1111 2902 0.2778
775.1111 2902 0.2671
803 2902 0.2767
783.3333 2902 0.2699
791.4444 2902 0.2727
818 2902 0.2819
874.4444 2902 0.3013
928.1111 2902 0.3198
964.1111 2902 0.3322
937 2902 0.3229
897.1111 2902 0.3091
925.4444 2902 0.3189
959.6667 2902 0.3307
1011.8889 2902 0.3487
1043.7778 2902 0.3597
1044.6667 2902 0.36
1051.3333 2902 0.3623
1064.4444 2902 0.3668
1057 2902 0.3642
1034.7778 2902 0.3566
1103.6667 2902 0.3803
1187 2902 0.409
1252.5556 2902 0.4316
1217.1111 2902 0.4194
1116.2222 2902 0.3846
931.6667 2902 0.321
838.7778 2902 0.289
804 2902 0.2771
722.3333 2902 0.2489
656.5556 2902 0.2262
679.8889 2902 0.2343
751.3333 2902 0.2589
792.6667 2902 0.2731
817.2222 2902 0.2816
840.4444 2902 0.2896
853.1111 2902 0.294
861.3333 2902 0.2968
874.3333 2902 0.3013
868.6667 2902 0.2993
882.7778 2902 0.3042
860.4444 2902 0.2965
857.3333 2902 0.2954
814.4444 2902 0.2806
848.2222 2902 0.2923
941.7778 2902 0.3245
1009.6667 2902 0.3479
1009.3333 2902 0.3478
967.7778 2902 0.3335
951.5556 2902 0.3279
919.1111 2902 0.3167
862.1111 2902 0.2971
773.3333 2902 0.2665
767.8889 2902 0.2646
793.7778 2902 0.2735
868.7778 2902 0.2994
931 2902 0.3208
1020.1111 2902 0.3515
1025.4444 2902 0.3534
1033.1111 2902 0.356
1023 2902 0.3525
1085.3333 2902 0.374
1104.5556 2902 0.3806
1155.8889 2902 0.3983
1155.6667 2902 0.3982
1122.7778 2902 0.3869
1023.1111 2902 0.3526
922.6667 2902 0.3179
897.8889 2902 0.3094
834.6667 2902 0.2876
925 2902 0.3187
976.1111 2902 0.3364
944.7778 2902 0.3256
937.8889 2902 0.3232
897.2222 2902 0.3092