597.1111 2902 0.2058
655.6667 2902 0.2259
636.4444 2902 0.2193
605 2902 0.2085
708.7778 2902 0.2442
853.6667 2902 0.2942
1006.8889 2902 0.347
893.2222 2902 0.3078
818.3333 2902 0.282
799.2222 2902 0.2754
802.4444 2902 0.2765
800.6667 2902 0.2759
814.8889 2902 0.2808
763.8889 2902 0.2632
821.3333 2902 0.283
912.2222 2902 0.3143
1045.7778 2902 0.3604
987.6667 2902 0.3403
999.3333 2902 0.3444
1043.4444 2902 0.3596
1059 2902 0.3649
956.2222 2902 0.3295
666.8889 2902 0.2298
539.1111 2902 0.1858
465.7778 2902 0.1605
459.2222 2902 0.1582
530.3333 2902 0.1827
493.1111 2902 0.1699
603 2902 0.2078
638.1111 2902 0.2199
744.1111 2902 0.2564
606.3333 2902 0.2089
610.3333 2902 0.2103
638.2222 2902 0.2199
708.6667 2902 0.2442
699.7778 2902 0.2411
780 2902 0.2688
857.3333 2902 0.2954
884.1111 2902 0.3047
953.1111 2902 0.3284
954.1111 2902 0.3288
903.3333 2902 0.3113
869.8889 2902 0.2998
882 2902 0.3039
847 2902 0.2919
816.7778 2902 0.2815
752.8889 2902 0.2594
659 2902 0.2271
598.1111 2902 0.2061
552.2222 2902 0.1903
537.6667 2902 0.1853
538.7778 2902 0.1857
605.3333 2902 0.2086
623.7778 2902 0.2149
665.1111 2902 0.2292
629.4444 2902 0.2169
551.3333 2902 0.19
497.3333 2902 0.1714
554.6667 2902 0.1911
580.2222 2902 0.1999
619.1111 2902 0.2133
681.3333 2902 0.2348
743.3333 2902 0.2561
768.1111 2902 0.2647
720.4444 2902 0.2483
594 2902 0.2047
593.8889 2902 0.2046
580.3333 2902 0.2
616.6667 2902 0.2125
613.7778 2902 0.2115
611.3333 2902 0.2107
577.5556 2902 0.199
556.3333 2902 0.1917
508 2902 0.1751
525.5556 2902 0.1811
527.7778 2902 0.1819
572.8889 2902 0.1974
701.3333 2902 0.2417
765.3333 2902 0.2637
815.2222 2902 0.2809
794.7778 2902 0.2739
821.5556 2902 0.2831
906.8889 2902 0.3125
936.1111 2902 0.3226
925.4444 2902 0.3189
976.4444 2902 0.3365
954.1111 2902 0.3288
937.6667 2902 0.3231
892.2222 2902 0.3075
749.4444 2902 0.2583
719.7778 2902 0.248
718.1111 2902 0.2475
759.7778 2902 0.2618
698.5556 2902 0.2407
537.1111 2902 0.1851
417.8889 2902 0.144
422 2902 0.1454
446.4444 2902 0.1538
370.7778 2902 0.1278
412.4444 2902 0.1421
470.4444 2902 0.1621
504.7778 2902 0.1739
507.7778 2902 0.175
466.1111 2902 0.1606
446.5556 2902 0.1539
445.6667 2902 0.1536
470.5556 2902 0.1621
515.8889 2902 0.1778
545.6667 2902 0.188
528.2222 2902 0.182
521.5556 2902 0.1797
554 2902 0.1909
565.7778 2902 0.195
472.8889 2902 0.163
431.3333 2902 0.1486
467.2222 2902 0.161
453.5556 2902 0.1563
468.6667 2902 0.1615
414.7778 2902 0.1429
450.4444 2902 0.1552
396.4444 2902 0.1366
336.3333 2902 0.1159
354.7778 2902 0.1223
433.1111 2902 0.1492
509 2902 0.1754
617.3333 2902 0.2127
618.5556 2902 0.2131
529 2902 0.1823
547 2902 0.1885
519 2902 0.1788
546.6667 2902 0.1884
600.4444 2902 0.2069
548 2902 0.1888
555 2902 0.1912
537.6667 2902 0.1853
667 2902 0.2298
733.8889 2902 0.2529
710.2222 2902 0.2447
663.3333 2902 0.2286
662.7778 2902 0.2284
697.8889 2902 0.2405
667 2902 0.2298
605.6667 2902 0.2087
506.5556 2902 0.1746
522.3333 2902 0.18
506.6667 2902 0.1746
487.4444 2902 0.168
490.4444 2902 0.169
535.6667 2902 0.1846
495.1111 2902 0.1706
499 2902 0.172
361.5556 2902 0.1246
302.3333 2902 0.1042
332.3333 2902 0.1145
384 2902 0.1323
447.3333 2902 0.1541
462.6667 2902 0.1594
495.7778 2902 0.1708
462.6667 2902 0.1594
478.1111 2902 0.1648
493.7778 2902 0.1702
508.2222 2902 0.1751
503.4444 2902 0.1735
524.8889 2902 0.1809
587 2902 0.2023
620.5556 2902 0.2138
628.6667 2902 0.2166
562.5556 2902 0.1939
563.6667 2902 0.1942
597.1111 2902 0.2058
620.7778 2902 0.2139
646.1111 2902 0.2226
701.3333 2902 0.2417
697.5556 2902 0.2404
652 2902 0.2247
526.7778 2902 0.1815
435 2902 0.1499
421.4444 2902 0.1452
434.3333 2902 0.1497
432.8889 2902 0.1492
427.8889 2902 0.1474
454.5556 2902 0.1566
445.3333 2902 0.1535
571.2222 2902 0.1968
609 2902 0.2099
573.4444 2902 0.1976
562.2222 2902 0.1937
604.7778 2902 0.2084
578.2222 2902 0.1992
550.1111 2902 0.1896
576.8889 2902 0.1988
554.6667 2902 0.1911
522.4444 2902 0.18
423.2222 2902 0.1458
393.4444 2902 0.1356
397 2902 0.1368
417.3333 2902 0.1438
438.4444 2902 0.1511
474.1111 2902 0.1634
395.7778 2902 0.1364
384.5556 2902 0.1325
404 2902 0.1392
469.1111 2902 0.1617
546.8889 2902 0.1885
643.6667 2902 0.2218
656.1111 2902 0.2261
657.8889 2902 0.2267
702.7778 2902 0.2422
698 2902 0.2405
627.4444 2902 0.2162
748 2902 0.2578
776.3333 2902 0.2675
759 2902 0.2615
595.8889 2902 0.2053
582.5556 2902 0.2007
507.5556 2902 0.1749
479.5556 2902 0.1653
459.5556 2902 0.1584
432.7778 2902 0.1491
439 2902 0.1513
468.7778 2902 0.1615
507.3333 2902 0.1748
618 2902 0.213
659.3333 2902 0.2272
621.8889 2902 0.2143
660.2222 2902 0.2275
668.5556 2902 0.2304
654.3333 2902 0.2255
688.8889 2902 0.2374
677.5556 2902 0.2335
677 2902 0.2333
685.6667 2902 0.2363
657.6667 2902 0.2266
570.3333 2902 0.1965
578.3333 2902 0.1993
576.6667 2902 0.1987
614.4444 2902 0.2117
547.6667 2902 0.1887
518.1111 2902 0.1785
466.8889 2902 0.1609
469.3333 2902 0.1617
519.8889 2902 0.1791
484.7778 2902 0.167
478 2902 0.1647
562.1111 2902 0.1937
577.1111 2902 0.1989
579.6667 2902 0.1997
516.5556 2902 0.178
473 2902 0.163
456.3333 2902 0.1572
502.1111 2902 0.173
517.8889 2902 0.1785
565.4444 2902 0.1948
599.4444 2902 0.2066
616.2222 2902 0.2123
682.7778 2902 0.2353
706.5556 2902 0.2435
674.2222 2902 0.2323
738.5556 2902 0.2545
859.1111 2902 0.296
903.2222 2902 0.3112
943.8889 2902 0.3253
846.2222 2902 0.2916
724.3333 2902 0.2496
644.1111 2902 0.222
612.7778 2902 0.2112
577.1111 2902 0.1989
574.8889 2902 0.1981
729.3333 2902 0.2513
835.2222 2902 0.2878
880.1111 2902 0.3033
779.2222 2902 0.2685
724 2902 0.2495
744.2222 2902 0.2565
735.7778 2902 0.2535
708.1111 2902 0.244
669.4444 2902 0.2307
639.6667 2902 0.2204
643.7778 2902 0.2218
658.2222 2902 0.2268
663.2222 2902 0.2285
671 2902 0.2312
729.3333 2902 0.2513
715.6667 2902 0.2466
703 2902 0.2422
715.8889 2902 0.2467
665 2902 0.2292
575.2222 2902 0.1982
552.4444 2902 0.1904
570.2222 2902 0.1965
554.2222 2902 0.191
581.2222 2902 0.2003
610.7778 2902 0.2105
610 2902 0.2102
575 2902 0.1981
465.1111 2902 0.1603
428.1111 2902 0.1475
459.4444 2902 0.1583
502.8889 2902 0.1733
524.5556 2902 0.1808
565.6667 2902 0.1949
582.8889 2902 0.2009
525.6667 2902 0.1811
579.8889 2902 0.1998
527.2222 2902 0.1817
472.4444 2902 0.1628
394.2222 2902 0.1358
384.5556 2902 0.1325
414.5556 2902 0.1429
411.3333 2902 0.1417
376.3333 2902 0.1297
360.1111 2902 0.1241
412.7778 2902 0.1422
334.5556 2902 0.1153
344.6667 2902 0.1188
348.5556 2902 0.1201
519.5556 2902 0.179
500.6667 2902 0.1725
452.6667 2902 0.156
412.6667 2902 0.1422
449.4444 2902 0.1549
464.2222 2902 0.16
487.4444 2902 0.168
541.1111 2902 0.1865
566.4444 2902 0.1952
548.4444 2902 0.189
562 2902 0.1937
555.8889 2902 0.1916
668.8889 2902 0.2305
668.5556 2902 0.2304
694 2902 0.2391
714.1111 2902 0.2461
717.7778 2902 0.2473
661 2902 0.2278
592.4444 2902 0.2042
491.6667 2902 0.1694
490.5556 2902 0.169
464 2902 0.1599
501.3333 2902 0.1728
552.2222 2902 0.1903
674.1111 2902 0.2323
708.3333 2902 0.2441
714 2902 0.246
748.3333 2902 0.2579
805.5556 2902 0.2776
920.3333 2902 0.3171
1018.6667 2902 0.351
977.3333 2902 0.3368
1004.3333 2902 0.3461
994.2222 2902 0.3426
882.8889 2902 0.3042
813.7778 2902 0.2804
833.8889 2902 0.2873
753.7778 2902 0.2597
714.2222 2902 0.2461
673.7778 2902 0.2322
652.6667 2902 0.2249
553.6667 2902 0.1908
536 2902 0.1847
489 2902 0.1685
456.3333 2902 0.1572
407.1111 2902 0.1403
437.5556 2902 0.1508
472.5556 2902 0.1628
474 2902 0.1633
494.1111 2902 0.1703
486 2902 0.1675
460.2222 2902 0.1586
471.4444 2902 0.1625
477.6667 2902 0.1646
575.1111 2902 0.1982
626.6667 2902 0.2159
608.3333 2902 0.2096
588.3333 2902 0.2027
574.3333 2902 0.1979
556.4444 2902 0.1917
553.5556 2902 0.1907
509 2902 0.1754
532.7778 2902 0.1836
505.7778 2902 0.1743
521.8889 2902 0.1798
529.1111 2902 0.1823
497.3333 2902 0.1714
527.6667 2902 0.1818
573.8889 2902 0.1978
529.7778 2902 0.1826
469.7778 2902 0.1619
455.3333 2902 0.1569
525 2902 0.1809
531.1111 2902 0.183
498.7778 2902 0.1719
453.8889 2902 0.1564
456.6667 2902 0.1574
506.2222 2902 0.1744
626.3333 2902 0.2158
715.8889 2902 0.2467
811.6667 2902 0.2797
800.7778 2902 0.2759
851.1111 2902 0.2933
955.1111 2902 0.3291
967.8889 2902 0.3335
928.3333 2902 0.3199
877.2222 2902 0.3023
866.7778 2902 0.2987
817.5556 2902 0.2817
786.2222 2902 0.2709
738.6667 2902 0.2545
625.8889 2902 0.2157
512.4444 2902 0.1766
453.6667 2902 0.1563
460.2222 2902 0.1586
462.5556 2902 0.1594
504.4444 2902 0.1738
608.7778 2902 0.2098
719 2902 0.2478
642.7778 2902 0.2215
599.8889 2902 0.2067
618.5556 2902 0.2131
705.7778 2902 0.2432
761.1111 2902 0.2623
792.6667 2902 0.2731
842.7778 2902 0.2904
856.2222 2902 0.295
939.8889 2902 0.3239
1013.1111 2902 0.3491
1050.2222 2902 0.3619
1005.4444 2902 0.3465
1006.8889 2902 0.347
1017.3333 2902 0.3506
945.2222 2902 0.3257
805.3333 2902 0.2775
683.4444 2902 0.2355
614.1111 2902 0.2116
609.5556 2902 0.21
568.8889 2902 0.196
545.1111 2902 0.1878
544.8889 2902 0.1878
477.1111 2902 0.1644
463.7778 2902 0.1598
369.4444 2902 0.1273
411.8889 2902 0.1419
456.8889 2902 0.1574
485.6667 2902 0.1674
447.6667 2902 0.1543
440.5556 2902 0.1518
423.4444 2902 0.1459
447.5556 2902 0.1542
459 2902 0.1582
440.8889 2902 0.1519
432 2902 0.1489
472 2902 0.1626
521.5556 2902 0.1797
567.7778 2902 0.1957
579.7778 2902 0.1998
519.5556 2902 0.179
515.8889 2902 0.1778
501.1111 2902 0.1727
454.6667 2902 0.1567
439.2222 2902 0.1514
423.4444 2902 0.1459
458.5556 2902 0.158
422.3333 2902 0.1455
440.4444 2902 0.1518
401.7778 2902 0.1384
376.3333 2902 0.1297
357.8889 2902 0.1233
389.6667 2902 0.1343
391.1111 2902 0.1348
437.4444 2902 0.1507
473.6667 2902 0.1632
480.1111 2902 0.1654
520.3333 2902 0.1793
525.2222 2902 0.181
541.7778 2902 0.1867
478.1111 2902 0.1648
426.7778 2902 0.1471
378.1111 2902 0.1303
369.7778 2902 0.1274
355.3333 2902 0.1224
376.6667 2902 0.1298
421.4444 2902 0.1452
363.2222 2902 0.1252
359.2222 2902 0.1238
358.1111 2902 0.1234
385.4444 2902 0.1328
349.8889 2902 0.1206
385 2902 0.1327
372.8889 2902 0.1285
389.7778 2902 0.1343
439.4444 2902 0.1514
459.6667 2902 0.1584
452 2902 0.1558
447.1111 2902 0.1541
428.4444 2902 0.1476
419.5556 2902 0.1446
477.4444 2902 0.1645
484 2902 0.1668
445.7778 2902 0.1536
447.1111 2902 0.1541
491.1111 2902 0.1692
545.3333 2902 0.1879
571.6667 2902 0.197
531.5556 2902 0.1832
486.3333 2902 0.1676
537.3333 2902 0.1852
571.2222 2902 0.1968
546 2902 0.1881
511.7778 2902 0.1764
490.2222 2902 0.1689
452 2902 0.1558
436.8889 2902 0.1505
476.7778 2902 0.1643
509.7778 2902 0.1757
500.7778 2902 0.1726
535.7778 2902 0.1846
556.3333 2902 0.1917
500.2222 2902 0.1724
459.6667 2902 0.1584
507 2902 0.1747
556 2902 0.1916
674 2902 0.2323
681.3333 2902 0.2348
653.4444 2902 0.2252
613.2222 2902 0.2113
575.7778 2902 0.1984
546.8889 2902 0.1885
565.5556 2902 0.1949
532.1111 2902 0.1834
562.3333 2902 0.1938
493.4444 2902 0.17
459 2902 0.1582
489.6667 2902 0.1687
589.1111 2902 0.203
578.2222 2902 0.1992
577.7778 2902 0.1991
480.4444 2902 0.1656
481.5556 2902 0.1659
448.6667 2902 0.1546
485 2902 0.1671
580.1111 2902 0.1999
625.5556 2902 0.2156
626.6667 2902 0.2159
616.3333 2902 0.2124
629.8889 2902 0.2171
569.2222 2902 0.1961
581 2902 0.2002
553 2902 0.1906
556.7778 2902 0.1919
603.4444 2902 0.2079
627.1111 2902 0.2161
667.3333 2902 0.23
613.8889 2902 0.2115
593.6667 2902 0.2046
507 2902 0.1747
470 2902 0.162
410.6667 2902 0.1415
461.8889 2902 0.1592
475.1111 2902 0.1637
443.6667 2902 0.1529
380.8889 2902 0.1313
333.8889 2902 0.1151
335 2902 0.1154
377.5556 2902 0.1301
402.3333 2902 0.1386
412.1111 2902 0.142
398.3333 2902 0.1373
437.2222 2902 0.1507
470.8889 2902 0.1623
490.6667 2902 0.1691
444.4444 2902 0.1532
456 2902 0.1571
482.7778 2902 0.1664
575.3333 2902 0.1983
583.8889 2902 0.2012
523 2902 0.1802
529.8889 2902 0.1826
559.6667 2902 0.1929
514.3333 2902 0.1772
422.3333 2902 0.1455
431.2222 2902 0.1486
546.4444 2902 0.1883
557.5556 2902 0.1921
569.2222 2902 0.1961
546.5556 2902 0.1883
555 2902 0.1912
590.7778 2902 0.2036
598.2222 2902 0.2061
611 2902 0.2105
696.5556 2902 0.24
616.7778 2902 0.2125
673.7778 2902 0.2322
813.5556 2902 0.2803
878.8889 2902 0.3029
883 2902 0.3043
839.6667 2902 0.2893
819.8889 2902 0.2825
928.5556 2902 0.32
975.2222 2902 0.3361
871.2222 2902 0.3002
794.2222 2902 0.2737
829.2222 2902 0.2857
808.3333 2902 0.2785
693.4444 2902 0.239
665.2222 2902 0.2292
604.4444 2902 0.2083
565.2222 2902 0.1948
575.1111 2902 0.1982
499 2902 0.172
437.2222 2902 0.1507
429.1111 2902 0.1479
483.3333 2902 0.1666
492.6667 2902 0.1698
556 2902 0.1916
560.3333 2902 0.1931
530.7778 2902 0.1829
562.8889 2902 0.194
585.4444 2902 0.2017
540.7778 2902 0.1863
526.7778 2902 0.1815
523.8889 2902 0.1805
604.6667 2902 0.2084
611.6667 2902 0.2108
511.5556 2902 0.1763
601.1111 2902 0.2071
633.3333 2902 0.2182
593.7778 2902 0.2046
546.6667 2902 0.1884
544.1111 2902 0.1875
457.4444 2902 0.1576
456.5556 2902 0.1573
455.7778 2902 0.1571
436.5556 2902 0.1504
460.3333 2902 0.1586
395.3333 2902 0.1362
402.1111 2902 0.1386
460.1111 2902 0.1585
546.5556 2902 0.1883
557.3333 2902 0.1921
565.8889 2902 0.195
555.3333 2902 0.1914
503.2222 2902 0.1734
430.4444 2902 0.1483
462.6667 2902 0.1594
439 2902 0.1513
508.2222 2902 0.1751
586.3333 2902 0.202
589.6667 2902 0.2032
526.2222 2902 0.1813
537.1111 2902 0.1851
506.7778 2902 0.1746
499.2222 2902 0.172
454.1111 2902 0.1565
358.2222 2902 0.1234
292.5556 2902 0.1008
250.7778 2902 0.0864
222 2902 0.0765
206.5556 2902 0.0712
219.2222 2902 0.0755
232.2222 2902 0.08
255.6667 2902 0.0881
349.1111 2902 0.1203
373.1111 2902 0.1286
361.8889 2902 0.1247
334 2902 0.1151
331.1111 2902 0.1141
336.7778 2902 0.1161
305.7778 2902 0.1054
301.5556 2902 0.1039
362.6667 2902 0.125
443 2902 0.1527
438.5556 2902 0.1511
486.2222 2902 0.1675
521.4444 2902 0.1797
522.5556 2902 0.1801
569.7778 2902 0.1963
567.8889 2902 0.1957
616.5556 2902 0.2125
546.6667 2902 0.1884
537.4444 2902 0.1852
508.7778 2902 0.1753
499.1111 2902 0.172
540.7778 2902 0.1863
494.5556 2902 0.1704
496.2222 2902 0.171
518.6667 2902 0.1787
514 2902 0.1771
534.4444 2902 0.1842
562.5556 2902 0.1939
566.8889 2902 0.1953
619.2222 2902 0.2134
700.1111 2902 0.2413
709.6667 2902 0.2445
753.8889 2902 0.2598
695.3333 2902 0.2396
618.1111 2902 0.213
627.1111 2902 0.2161
546.7778 2902 0.1884
506.2222 2902 0.1744
530.3333 2902 0.1827
537.4444 2902 0.1852
517.4444 2902 0.1783
522.3333 2902 0.18
616.6667 2902 0.2125
598.4444 2902 0.2062
530.1111 2902 0.1827
562 2902 0.1937
610.6667 2902 0.2104
660.2222 2902 0.2275
748 2902 0.2578
760.5556 2902 0.2621
755.4444 2902 0.2603
721.5556 2902 0.2486
769.3333 2902 0.2651
818.3333 2902 0.282
793.4444 2902 0.2734
875.6667 2902 0.3017
943.8889 2902 0.3253
808.1111 2902 0.2785
876.8889 2902 0.3022
957.2222 2902 0.3298
793.1111 2902 0.2733
754.7778 2902 0.2601
738.3333 2902 0.2544
720.1111 2902 0.2481
781.2222 2902 0.2692
803.5556 2902 0.2769
825.2222 2902 0.2844
864.2222 2902 0.2978
824 2902 0.2839
834.7778 2902 0.2877
896.5556 2902 0.3089
857.5556 2902 0.2955
889.1111 2902 0.3064
811.4444 2902 0.2796
880.1111 2902 0.3033
983.4444 2902 0.3389
895.8889 2902 0.3087
801.6667 2902 0.2762
787.1111 2902 0.2712
783 2902 0.2698
717 2902 0.2471
705.6667 2902 0.2432
731 2902 0.2519
692.1111 2902 0.2385