858.4444 2902 0.2958
735.4444 2902 0.2534
634.7778 2902 0.2187
648.2222 2902 0.2234
677.5556 2902 0.2335
644 2902 0.2219
745.5556 2902 0.2569
788.3333 2902 0.2717
785.4444 2902 0.2707
793.1111 2902 0.2733
787.7778 2902 0.2715
840.5556 2902 0.2896
867.7778 2902 0.299
888.7778 2902 0.3063
882.3333 2902 0.304
882.1111 2902 0.304
935.7778 2902 0.3225
996.8889 2902 0.3435
1076.4444 2902 0.3709
1095.2222 2902 0.3774
1104.8889 2902 0.3807
1113.2222 2902 0.3836
1100.5556 2902 0.3792
1017.5556 2902 0.3506
951.3333 2902 0.3278
895.6667 2902 0.3086
775 2902 0.2671
740.6667 2902 0.2552
751.2222 2902 0.2589
819.2222 2902 0.2823
904.4444 2902 0.3117
989.8889 2902 0.3411
1061.5556 2902 0.3658
1098.8889 2902 0.3787
1081.7778 2902 0.3728
1049.4444 2902 0.3616
961.8889 2902 0.3315
889.2222 2902 0.3064
892 2902 0.3074
863.3333 2902 0.2975
875.1111 2902 0.3016
908 2902 0.3129
974.6667 2902 0.3359
1001 2902 0.3449
1031.8889 2902 0.3556
1055.6667 2902 0.3638
1005.5556 2902 0.3465
1030.8889 2902 0.3552
991.2222 2902 0.3416
958.6667 2902 0.3303
916 2902 0.3156
980.3333 2902 0.3378
989.5556 2902 0.341
1097.3333 2902 0.3781
1154.1111 2902 0.3977
1189.8889 2902 0.41
1192.2222 2902 0.4108
1182.6667 2902 0.4075
1176.7778 2902 0.4055
1179.2222 2902 0.4063
1179.3333 2902 0.4064
1179.7778 2902 0.4065
1125.7778 2902 0.3879
1083.7778 2902 0.3735
1047.7778 2902 0.3611
1099.1111 2902 0.3787
1124.3333 2902 0.3874
1105 2902 0.3808
1112.3333 2902 0.3833
1098.1111 2902 0.3784
1080.1111 2902 0.3722
1044.7778 2902 0.36
1020.3333 2902 0.3516
1007.3333 2902 0.3471
923.4444 2902 0.3182
874.4444 2902 0.3013
875.4444 2902 0.3017
884.2222 2902 0.3047
904.5556 2902 0.3117
940.6667 2902 0.3241
894.3333 2902 0.3082
874 2902 0.3012
860.7778 2902 0.2966
820.1111 2902 0.2826
784.2222 2902 0.2702
784.1111 2902 0.2702
803.3333 2902 0.2768
801.6667 2902 0.2762
852.3333 2902 0.2937
1023.1111 2902 0.3526
1111.6667 2902 0.3831
1141.7778 2902 0.3934
1106.2222 2902 0.3812
1056.8889 2902 0.3642
898.8889 2902 0.3097
759.3333 2902 0.2617
696.7778 2902 0.2401
617.8889 2902 0.2129
658.3333 2902 0.2269
659.6667 2902 0.2273
673.6667 2902 0.2321
736.3333 2902 0.2537
806.3333 2902 0.2779
921.3333 2902 0.3175
960 2902 0.3308
886.2222 2902 0.3054
862.5556 2902 0.2972
789.5556 2902 0.2721
843.2222 2902 0.2906
850.2222 2902 0.293
868.5556 2902 0.2993
913.7778 2902 0.3149
980.3333 2902 0.3378
1141.2222 2902 0.3933
1251.1111 2902 0.4311
1337.3333 2902 0.4608
1421.5556 2902 0.4899
1410.2222 2902 0.4859
1266.6667 2902 0.4365
1135.2222 2902 0.3912
1051.2222 2902 0.3622
949.3333 2902 0.3271
1011.7778 2902 0.3486
1041 2902 0.3587
1069 2902 0.3684
1139.3333 2902 0.3926
1274.7778 2902 0.4393
1508.7778 2902 0.5199
1507.3333 2902 0.5194
1348.8889 2902 0.4648
1227.8889 2902 0.4231
1198.1111 2902 0.4129
1142 2902 0.3935
1110.1111 2902 0.3825
1115.3333 2902 0.3843
1162.1111 2902 0.4005
1215.3333 2902 0.4188
1275.4444 2902 0.4395
1219.2222 2902 0.4201
1198.5556 2902 0.413
1152.3333 2902 0.3971
1061.5556 2902 0.3658
922.4444 2902 0.3179
810 2902 0.2791
728 2902 0.2509
643.1111 2902 0.2216
681.7778 2902 0.2349
679.6667 2902 0.2342
643.8889 2902 0.2219
680.1111 2902 0.2344
781.1111 2902 0.2692
855.5556 2902 0.2948
880.2222 2902 0.3033
879 2902 0.3029
907.4444 2902 0.3127
908.6667 2902 0.3131
852.3333 2902 0.2937
866 2902 0.2984
798.2222 2902 0.2751
796.2222 2902 0.2744
831.2222 2902 0.2864
831 2902 0.2864
845.5556 2902 0.2914
954.1111 2902 0.3288
1045.2222 2902 0.3602
1088 2902 0.3749
1076.5556 2902 0.371
1071.7778 2902 0.3693
1094.7778 2902 0.3772
1120.2222 2902 0.386
1116.5556 2902 0.3848
1058.1111 2902 0.3646
1057.3333 2902 0.3643
1091.3333 2902 0.3761
1177.7778 2902 0.4059
1277.3333 2902 0.4402
1334.7778 2902 0.46
1309.4444 2902 0.4512
1267.4444 2902 0.4367
1242.5556 2902 0.4282
1206 2902 0.4156
1213.4444 2902 0.4181
1230.2222 2902 0.4239
1224.5556 2902 0.422
1191.1111 2902 0.4104
1273.8889 2902 0.439
1252 2902 0.4314
1270.8889 2902 0.4379
1265.6667 2902 0.4361
1223.6667 2902 0.4217
1154.4444 2902 0.3978
1083.8889 2902 0.3735
953.1111 2902 0.3284
793.4444 2902 0.2734
757 2902 0.2609
707.4444 2902 0.2438
736.3333 2902 0.2537
869.1111 2902 0.2995
904.4444 2902 0.3117
1001.5556 2902 0.3451
1052.4444 2902 0.3627
1098.3333 2902 0.3785
1123.2222 2902 0.3871
1138.3333 2902 0.3923
1118.3333 2902 0.3854
1142.6667 2902 0.3938
1083.6667 2902 0.3734
1142 2902 0.3935
1116.4444 2902 0.3847
1140.4444 2902 0.393
1135.3333 2902 0.3912
1220.1111 2902 0.4204
1269.2222 2902 0.4374
1224.5556 2902 0.422
1145.5556 2902 0.3947
1066.7778 2902 0.3676
965.8889 2902 0.3328
871.6667 2902 0.3004
857.5556 2902 0.2955
841 2902 0.2898
767.2222 2902 0.2644
799.8889 2902 0.2756
875.1111 2902 0.3016
998.4444 2902 0.3441
1048.6667 2902 0.3614
1138 2902 0.3921
1193.4444 2902 0.4112
1299.1111 2902 0.4477
1299.6667 2902 0.4479
1297 2902 0.4469
1335.5556 2902 0.4602
1320.8889 2902 0.4552
1289.8889 2902 0.4445
1361.4444 2902 0.4691
1340.5556 2902 0.4619
1339.7778 2902 0.4617
1335 2902 0.46
1307.8889 2902 0.4507
1248.3333 2902 0.4302
1112.4444 2902 0.3833
1105.1111 2902 0.3808
1168 2902 0.4025
1116.3333 2902 0.3847
1121.3333 2902 0.3864
1072.4444 2902 0.3696
1097.5556 2902 0.3782
1164.8889 2902 0.4014
1261.8889 2902 0.4348
1175 2902 0.4049
1145.5556 2902 0.3947
1129.4444 2902 0.3892
1161.8889 2902 0.4004
1171.8889 2902 0.4038
1214.8889 2902 0.4186
1178.3333 2902 0.406
1136.5556 2902 0.3916
1020.8889 2902 0.3518
996.1111 2902 0.3432
952.3333 2902 0.3282
969.6667 2902 0.3341
963.8889 2902 0.3321
915.6667 2902 0.3155
831.8889 2902 0.2867
726.7778 2902 0.2504
664.5556 2902 0.229
629.1111 2902 0.2168
602.4444 2902 0.2076
563.2222 2902 0.1941
562.1111 2902 0.1937
565.4444 2902 0.1948
678.5556 2902 0.2338
791.7778 2902 0.2728
889.5556 2902 0.3065
916.8889 2902 0.316
951.4444 2902 0.3279
1009.1111 2902 0.3477
1115.7778 2902 0.3845
1134.2222 2902 0.3908
1153.5556 2902 0.3975
1208.7778 2902 0.4165
1269 2902 0.4373
1359.5556 2902 0.4685
1412.2222 2902 0.4866
1427.2222 2902 0.4918
1366.6667 2902 0.4709
1288.7778 2902 0.4441
1204.7778 2902 0.4152
1126.5556 2902 0.3882
1019.5556 2902 0.3513
1002.6667 2902 0.3455
998.1111 2902 0.3439
895.7778 2902 0.3087
828.8889 2902 0.2856
824 2902 0.2839
869.5556 2902 0.2996
884 2902 0.3046
848.6667 2902 0.2924
841.3333 2902 0.2899
837.6667 2902 0.2887
868.5556 2902 0.2993
855 2902 0.2946
840.6667 2902 0.2897
790.1111 2902 0.2723
792.4444 2902 0.2731
803.8889 2902 0.277
857.3333 2902 0.2954
886.3333 2902 0.3054
911.7778 2902 0.3142
887.8889 2902 0.306
917.6667 2902 0.3162
960.5556 2902 0.331
1007.8889 2902 0.3473
1004.8889 2902 0.3463
970.4444 2902 0.3344
962.7778 2902 0.3318
868.4444 2902 0.2993
913 2902 0.3146
855.8889 2902 0.2949
914.7778 2902 0.3152
1031.5556 2902 0.3555
1126.6667 2902 0.3882
1075 2902 0.3704
1020.7778 2902 0.3517
1049.4444 2902 0.3616
1097.8889 2902 0.3783
1044.2222 2902 0.3598
1072.2222 2902 0.3695
1020.7778 2902 0.3517
1019.7778 2902 0.3514
1118.5556 2902 0.3854
1181.5556 2902 0.4072
1197.7778 2902 0.4127
1198.1111 2902 0.4129
1192.8889 2902 0.4111
1200.2222 2902 0.4136
1137.8889 2902 0.3921
1069.2222 2902 0.3684
1028.5556 2902 0.3544
959.7778 2902 0.3307
1014 2902 0.3494
1030.6667 2902 0.3552
1129.2222 2902 0.3891
1173.8889 2902 0.4045
1203.8889 2902 0.4148
1224.6667 2902 0.422
1196.7778 2902 0.4124
1179.4444 2902 0.4064
1241.6667 2902 0.4279
1258.5556 2902 0.4337
1243.5556 2902 0.4285
1290 2902 0.4445
1364.2222 2902 0.4701
1391 2902 0.4793
1414.6667 2902 0.4875
1465.8889 2902 0.5051
1511.8889 2902 0.521
1517.6667 2902 0.523
1455.8889 2902 0.5017
1388.8889 2902 0.4786
1305.4444 2902 0.4498
1210.7778 2902 0.4172
1157.4444 2902 0.3988
1196.1111 2902 0.4122
1120.1111 2902 0.386
1086.5556 2902 0.3744
1033.7778 2902 0.3562
998.1111 2902 0.3439
964.6667 2902 0.3324
883.2222 2902 0.3043
782.5556 2902 0.2697
759.8889 2902 0.2619
739.2222 2902 0.2547
749.1111 2902 0.2581
747.8889 2902 0.2577
749.1111 2902 0.2581
826.1111 2902 0.2847
918.8889 2902 0.3166
982.3333 2902 0.3385
1050.4444 2902 0.362
1100.1111 2902 0.3791
1083.6667 2902 0.3734
1149.3333 2902 0.396
1153.2222 2902 0.3974
1133.1111 2902 0.3905
1102 2902 0.3797
1138.2222 2902 0.3922
1118.4444 2902 0.3854
1096.1111 2902 0.3777
1114.4444 2902 0.384
1034.2222 2902 0.3564
1090.4444 2902 0.3758
1147.1111 2902 0.3953
1132.5556 2902 0.3903
1134.8889 2902 0.3911
1151.7778 2902 0.3969
1135.2222 2902 0.3912
1069.4444 2902 0.3685
1088.6667 2902 0.3751
1063.4444 2902 0.3665
1011 2902 0.3484
992.8889 2902 0.3421
1080.4444 2902 0.3723
1107.7778 2902 0.3817
1144.1111 2902 0.3942
1124.3333 2902 0.3874
1067.2222 2902 0.3678
1055.6667 2902 0.3638
1020.6667 2902 0.3517
1034.7778 2902 0.3566
947.6667 2902 0.3266
975.5556 2902 0.3362
899.5556 2902 0.31
829 2902 0.2857
855.7778 2902 0.2949
803 2902 0.2767
789.2222 2902 0.272
780.2222 2902 0.2689
746.4444 2902 0.2572
702.5556 2902 0.2421
713.5556 2902 0.2459
707.2222 2902 0.2437
695.4444 2902 0.2396
735.3333 2902 0.2534
774.1111 2902 0.2668
807.3333 2902 0.2782
894.8889 2902 0.3084
946.1111 2902 0.326
1020.8889 2902 0.3518
1063.6667 2902 0.3665
1149.5556 2902 0.3961
1143.4444 2902 0.394
1071.5556 2902 0.3692
1056.1111 2902 0.3639
1085.4444 2902 0.374
1068.6667 2902 0.3683
1040.6667 2902 0.3586
1049.1111 2902 0.3615
1171.5556 2902 0.4037
1314.7778 2902 0.4531
1476.4444 2902 0.5088
1506.5556 2902 0.5191
1510.1111 2902 0.5204
1457.5556 2902 0.5023
1424 2902 0.4907
1348.4444 2902 0.4647
1323.5556 2902 0.4561
1265.4444 2902 0.4361
1182.4444 2902 0.4075
1112.7778 2902 0.3835
1134 2902 0.3908
1204.4444 2902 0.415
1230.5556 2902 0.424
1264.4444 2902 0.4357
1256.2222 2902 0.4329
1128.3333 2902 0.3888
962.1111 2902 0.3315
819.3333 2902 0.2823
692.1111 2902 0.2385
608.8889 2902 0.2098
546.2222 2902 0.1882
576.1111 2902 0.1985
683.2222 2902 0.2354
688.5556 2902 0.2373
729.6667 2902 0.2514
701.4444 2902 0.2417
706.2222 2902 0.2434
713.5556 2902 0.2459
652.6667 2902 0.2249
646.4444 2902 0.2228
651.8889 2902 0.2246
637.1111 2902 0.2195
652.1111 2902 0.2247
716.6667 2902 0.247
812.7778 2902 0.2801
843.1111 2902 0.2905
891.6667 2902 0.3073
947.4444 2902 0.3265
917.5556 2902 0.3162
909.1111 2902 0.3133
850.1111 2902 0.2929
804.4444 2902 0.2772
872.5556 2902 0.3007
893.4444 2902 0.3079
925.3333 2902 0.3189
949.8889 2902 0.3273
975.8889 2902 0.3363
976.1111 2902 0.3364
1058.6667 2902 0.3648
1095 2902 0.3773
1129.1111 2902 0.3891
1146.2222 2902 0.395
1171.4444 2902 0.4037
1267.3333 2902 0.4367
1278.8889 2902 0.4407
1303.3333 2902 0.4491
1326.5556 2902 0.4571
1346.2222 2902 0.4639
1403 2902 0.4835
1448.6667 2902 0.4992
1441.4444 2902 0.4967
1502.8889 2902 0.5179
1530.2222 2902 0.5273
1525.4444 2902 0.5257
1397.4444 2902 0.4815
1223 2902 0.4214
1059.5556 2902 0.3651
996.7778 2902 0.3435
931.8889 2902 0.3211
936.4444 2902 0.3227
990.5556 2902 0.3413
1043 2902 0.3594
1007.1111 2902 0.347
971.1111 2902 0.3346
909 2902 0.3132
864.5556 2902 0.2979
803 2902 0.2767
755.4444 2902 0.2603
764 2902 0.2633
806.6667 2902 0.278
808.7778 2902 0.2787
807.4444 2902 0.2782
799.1111 2902 0.2754
775 2902 0.2671
728.8889 2902 0.2512
703.4444 2902 0.2424
694.6667 2902 0.2394
747.2222 2902 0.2575
787.2222 2902 0.2713
848 2902 0.2922
893.8889 2902 0.308
818.6667 2902 0.2821
795.7778 2902 0.2742
816 2902 0.2812
902.7778 2902 0.3111
945.4444 2902 0.3258
945.1111 2902 0.3257
987.4444 2902 0.3403
990.4444 2902 0.3413
1067.2222 2902 0.3678
1047 2902 0.3608
999.8889 2902 0.3446
984.2222 2902 0.3392
879.4444 2902 0.303
869.1111 2902 0.2995
822.4444 2902 0.2834
917.4444 2902 0.3161
949.3333 2902 0.3271
987.8889 2902 0.3404
1044.7778 2902 0.36
1055.2222 2902 0.3636
1028.6667 2902 0.3545
955.1111 2902 0.3291
925.8889 2902 0.3191
836.2222 2902 0.2882
797.7778 2902 0.2749
737.5556 2902 0.2542
760.5556 2902 0.2621
896.5556 2902 0.3089
982.1111 2902 0.3384
1124.2222 2902 0.3874
1171.2222 2902 0.4036
1105.5556 2902 0.381
1044 2902 0.3598
1026.5556 2902 0.3537
927.6667 2902 0.3197
925.7778 2902 0.319
953 2902 0.3284
982.5556 2902 0.3386
928.6667 2902 0.32
947.3333 2902 0.3264
899.8889 2902 0.3101
889.2222 2902 0.3064
900.2222 2902 0.3102
850.6667 2902 0.2931
833.1111 2902 0.2871
853.6667 2902 0.2942
821 2902 0.2829
617.6667 2902 0.2128
485.8889 2902 0.1674
447.1111 2902 0.1541
470.4444 2902 0.1621
498.8889 2902 0.1719
512.5556 2902 0.1766
669.7778 2902 0.2308
833.7778 2902 0.2873
870.6667 2902 0.3
780.3333 2902 0.2689
803.6667 2902 0.2769
833.8889 2902 0.2873
778.4444 2902 0.2682
731.4444 2902 0.252
723.1111 2902 0.2492
777.5556 2902 0.2679
835 2902 0.2877
776.3333 2902 0.2675
765.8889 2902 0.2639
841.8889 2902 0.2901
894.8889 2902 0.3084
853 2902 0.2939
731 2902 0.2519
597.7778 2902 0.206
586.5556 2902 0.2021
535 2902 0.1844
514.6667 2902 0.1773
535.4444 2902 0.1845
654.3333 2902 0.2255
762.6667 2902 0.2628
870.5556 2902 0.3
944.2222 2902 0.3254
973.3333 2902 0.3354
882.4444 2902 0.3041
894.6667 2902 0.3083
902.1111 2902 0.3109
915.5556 2902 0.3155
945.2222 2902 0.3257
986.7778 2902 0.34
1033.8889 2902 0.3563
1134.1111 2902 0.3908
1255.3333 2902 0.4326
1265.7778 2902 0.4362
1201.4444 2902 0.414
1150 2902 0.3963
1098.8889 2902 0.3787
1013.2222 2902 0.3491
998 2902 0.3439
966.6667 2902 0.3331
949.3333 2902 0.3271
847.6667 2902 0.2921
878.6667 2902 0.3028
940.6667 2902 0.3241
1059.1111 2902 0.365
1252.4444 2902 0.4316
1336.3333 2902 0.4605
1403.2222 2902 0.4835
1445.5556 2902 0.4981
1548.1111 2902 0.5335
1496 2902 0.5155
1580.6667 2902 0.5447
1482.6667 2902 0.5109
1468.1111 2902 0.5059
1546.1111 2902 0.5328
1666 2902 0.5741
1667.5556 2902 0.5746
1609.4444 2902 0.5546
1520.2222 2902 0.5239
1562.7778 2902 0.5385
1542.7778 2902 0.5316
1485.8889 2902 0.512
1326.5556 2902 0.4571
1163.2222 2902 0.4008
1046.8889 2902 0.3607
1074.5556 2902 0.3703
1047.2222 2902 0.3609
1043 2902 0.3594
1084.8889 2902 0.3738
1144.4444 2902 0.3944
1169.4444 2902 0.403
1183.8889 2902 0.408
1290.3333 2902 0.4446
1325.4444 2902 0.4567
1285.2222 2902 0.4429
1307.2222 2902 0.4505
1271 2902 0.438
1200.4444 2902 0.4137
1211.3333 2902 0.4174
1353.6667 2902 0.4665
1373.8889 2902 0.4734
1400.7778 2902 0.4827
1373.4444 2902 0.4733
1391.3333 2902 0.4794
1218.2222 2902 0.4198
1167.3333 2902 0.4023
1061 2902 0.3656
919.6667 2902 0.3169
830.6667 2902 0.2862
777.3333 2902 0.2679
778.5556 2902 0.2683
804.3333 2902 0.2772
800.4444 2902 0.2758
797.8889 2902 0.2749
780.4444 2902 0.2689
742 2902 0.2557
732.5556 2902 0.2524
724.1111 2902 0.2495
730.4444 2902 0.2517
704.7778 2902 0.2429
665.4444 2902 0.2293
679.2222 2902 0.2341
687 2902 0.2367
790.4444 2902 0.2724
944.5556 2902 0.3255
1018 2902 0.3508
1033.6667 2902 0.3562
978.1111 2902 0.337
934.3333 2902 0.322
891.8889 2902 0.3073
813.3333 2902 0.2803
761.1111 2902 0.2623
710.1111 2902 0.2447
726.4444 2902 0.2503
742.7778 2902 0.256
828.4444 2902 0.2855
878.5556 2902 0.3027
882.8889 2902 0.3042
894.8889 2902 0.3084
850.1111 2902 0.2929
880.3333 2902 0.3034
956.6667 2902 0.3297
1033.7778 2902 0.3562
1089.7778 2902 0.3755
1084.5556 2902 0.3737
1010.7778 2902 0.3483
1026.7778 2902 0.3538
1143.8889 2902 0.3942
1238.5556 2902 0.4268
1272.7778 2902 0.4386
1267.7778 2902 0.4369
1281.3333 2902 0.4415
1237.4444 2902 0.4264
1126.8889 2902 0.3883
1038.5556 2902 0.3579
950 2902 0.3274
859.6667 2902 0.2962
760.7778 2902 0.2622
774.2222 2902 0.2668
799.1111 2902 0.2754
902.8889 2902 0.3111
876.2222 2902 0.3019
1001.5556 2902 0.3451
1063.4444 2902 0.3665
1135.1111 2902 0.3911
1134.4444 2902 0.3909
1161.8889 2902 0.4004
1141.5556 2902 0.3934
1193.1111 2902 0.4111
1198.7778 2902 0.4131
1281 2902 0.4414
1312 2902 0.4521
1281.8889 2902 0.4417
1329.1111 2902 0.458
1364 2902 0.47
1263.5556 2902 0.4354
1289.6667 2902 0.4444
1222.8889 2902 0.4214