521.1111 2902 0.1796
560.7778 2902 0.1932
563.5556 2902 0.1942
540.1111 2902 0.1861
550.2222 2902 0.1896
569.6667 2902 0.1963
493.8889 2902 0.1702
490.6667 2902 0.1691
434.4444 2902 0.1497
448.6667 2902 0.1546
510.2222 2902 0.1758
585.8889 2902 0.2019
581.8889 2902 0.2005
624.8889 2902 0.2153
661.4444 2902 0.2279
702.2222 2902 0.242
685.5556 2902 0.2362
633.3333 2902 0.2182
569.5556 2902 0.1963
577.3333 2902 0.1989
592.1111 2902 0.204
624.6667 2902 0.2153
594.8889 2902 0.205
594 2902 0.2047
681.8889 2902 0.235
599.4444 2902 0.2066
582.2222 2902 0.2006
556.3333 2902 0.1917
517.6667 2902 0.1784
511.5556 2902 0.1763
444.2222 2902 0.1531
403.5556 2902 0.1391
416 2902 0.1433
366.3333 2902 0.1262
411.8889 2902 0.1419
488.7778 2902 0.1684
513.3333 2902 0.1769
585.5556 2902 0.2018
620.7778 2902 0.2139
673 2902 0.2319
643.5556 2902 0.2218
620.5556 2902 0.2138
556.1111 2902 0.1916
523.5556 2902 0.1804
570.3333 2902 0.1965
613.2222 2902 0.2113
618.7778 2902 0.2132
595.8889 2902 0.2053
575.4444 2902 0.1983
580.3333 2902 0.2
500.1111 2902 0.1723
503.8889 2902 0.1736
507.3333 2902 0.1748
486.2222 2902 0.1675
422.3333 2902 0.1455
392.7778 2902 0.1353
366 2902 0.1261
387.3333 2902 0.1335
446 2902 0.1537
454.2222 2902 0.1565
484.6667 2902 0.167
551.5556 2902 0.1901
615 2902 0.2119
511.1111 2902 0.1761
471.4444 2902 0.1625
417.3333 2902 0.1438
397.2222 2902 0.1369
408.6667 2902 0.1408
459.2222 2902 0.1582
481.8889 2902 0.1661
516.5556 2902 0.178
447.6667 2902 0.1543
488.8889 2902 0.1685
527.3333 2902 0.1817
506 2902 0.1744
482 2902 0.1661
461.6667 2902 0.1591
609.3333 2902 0.21
554.1111 2902 0.1909
560 2902 0.193
546.8889 2902 0.1885
599.3333 2902 0.2065
665.3333 2902 0.2293
687.5556 2902 0.2369
703.5556 2902 0.2424
719.6667 2902 0.248
744.2222 2902 0.2565
793.2222 2902 0.2733
711.2222 2902 0.2451
674.6667 2902 0.2325
644.6667 2902 0.2221
694 2902 0.2391
733.1111 2902 0.2526
748.5556 2902 0.2579
672.2222 2902 0.2316
627 2902 0.2161
621.6667 2902 0.2142
608.7778 2902 0.2098
566.8889 2902 0.1953
573.5556 2902 0.1976
530.4444 2902 0.1828
525.2222 2902 0.181
496.3333 2902 0.171
474.5556 2902 0.1635
402.7778 2902 0.1388
451.8889 2902 0.1557
491.1111 2902 0.1692
615.1111 2902 0.212
661.2222 2902 0.2279
746.8889 2902 0.2574
786.6667 2902 0.2711
754.7778 2902 0.2601
685.1111 2902 0.2361
600.5556 2902 0.2069
535.8889 2902 0.1847
520.1111 2902 0.1792
474.6667 2902 0.1636
424.6667 2902 0.1463
389.6667 2902 0.1343
309.1111 2902 0.1065
289.4444 2902 0.0997
291.7778 2902 0.1005
342.3333 2902 0.118
344.7778 2902 0.1188
322.8889 2902 0.1113
270.7778 2902 0.0933
257.8889 2902 0.0889
250 2902 0.0861
263.7778 2902 0.0909
273.4444 2902 0.0942
295.1111 2902 0.1017
330.3333 2902 0.1138
348.2222 2902 0.12
387.7778 2902 0.1336
408.4444 2902 0.1407
398 2902 0.1371
386.7778 2902 0.1333
358.5556 2902 0.1236
324.1111 2902 0.1117
386.2222 2902 0.1331
446.5556 2902 0.1539
493.6667 2902 0.1701
541.1111 2902 0.1865
593.8889 2902 0.2046
516.6667 2902 0.178
522.6667 2902 0.1801
532.8889 2902 0.1836
543 2902 0.1871
536.2222 2902 0.1848
589 2902 0.203
589.7778 2902 0.2032
506.8889 2902 0.1747
441.7778 2902 0.1522
455.8889 2902 0.1571
485.8889 2902 0.1674
438.6667 2902 0.1512
462 2902 0.1592
525.7778 2902 0.1812
558.1111 2902 0.1923
633.5556 2902 0.2183
655 2902 0.2257
621.4444 2902 0.2141
574.1111 2902 0.1978
591.4444 2902 0.2038
561.8889 2902 0.1936
542.8889 2902 0.1871
501 2902 0.1726
508.1111 2902 0.1751
507.1111 2902 0.1747
478 2902 0.1647
472 2902 0.1626
487.6667 2902 0.168
462.2222 2902 0.1593
496 2902 0.1709
545 2902 0.1878
541.8889 2902 0.1867
527.7778 2902 0.1819
513.5556 2902 0.177
548.7778 2902 0.1891
543.6667 2902 0.1873
518.4444 2902 0.1787
529.6667 2902 0.1825
598.6667 2902 0.2063
606.2222 2902 0.2089
642.2222 2902 0.2213
563.5556 2902 0.1942
571.3333 2902 0.1969
614.7778 2902 0.2118
707.2222 2902 0.2437
783.5556 2902 0.27
803.4444 2902 0.2769
722.4444 2902 0.2489
657.4444 2902 0.2265
609.2222 2902 0.2099
615.1111 2902 0.212
678.2222 2902 0.2337
615.7778 2902 0.2122
638.1111 2902 0.2199
633.2222 2902 0.2182
678.4444 2902 0.2338
670.2222 2902 0.231
651.6667 2902 0.2246
658.4444 2902 0.2269
642.2222 2902 0.2213
664.6667 2902 0.229
687.6667 2902 0.237
726.2222 2902 0.2502
801.5556 2902 0.2762
797 2902 0.2746
643.7778 2902 0.2218
600.6667 2902 0.207
642.3333 2902 0.2213
614.1111 2902 0.2116
665.6667 2902 0.2294
649.8889 2902 0.2239
573.1111 2902 0.1975
570.5556 2902 0.1966
555 2902 0.1912
517.7778 2902 0.1784
529.7778 2902 0.1826
547.4444 2902 0.1886
629.7778 2902 0.217
649.2222 2902 0.2237
585.4444 2902 0.2017
485.2222 2902 0.1672
455.1111 2902 0.1568
441 2902 0.152
421 2902 0.1451
428.2222 2902 0.1476
414.3333 2902 0.1428
481.5556 2902 0.1659
506 2902 0.1744
515 2902 0.1775
486.4444 2902 0.1676
468.1111 2902 0.1613
472.4444 2902 0.1628
493.1111 2902 0.1699
520.7778 2902 0.1795
515.4444 2902 0.1776
517.5556 2902 0.1783
484 2902 0.1668
521.6667 2902 0.1798
508.3333 2902 0.1752
492.4444 2902 0.1697
483.7778 2902 0.1667
488.1111 2902 0.1682
498.5556 2902 0.1718
488.2222 2902 0.1682
483.1111 2902 0.1665
526.7778 2902 0.1815
543.2222 2902 0.1872
543.2222 2902 0.1872
597.6667 2902 0.2059
623.4444 2902 0.2148
637.3333 2902 0.2196
548.5556 2902 0.189
511 2902 0.1761
488.1111 2902 0.1682
438.8889 2902 0.1512
446.7778 2902 0.154
496.7778 2902 0.1712
527.3333 2902 0.1817
552.4444 2902 0.1904
499.3333 2902 0.1721
509.4444 2902 0.1755
428.2222 2902 0.1476
390 2902 0.1344
362.8889 2902 0.125
403.7778 2902 0.1391
368.4444 2902 0.127
410.2222 2902 0.1414
399.3333 2902 0.1376
368.7778 2902 0.1271
358.1111 2902 0.1234
391.7778 2902 0.135
412.1111 2902 0.142
464.8889 2902 0.1602
495 2902 0.1706
514.3333 2902 0.1772
566.2222 2902 0.1951
576 2902 0.1985
526.6667 2902 0.1815
543.7778 2902 0.1874
575.1111 2902 0.1982
541.6667 2902 0.1867
525.2222 2902 0.181
561.1111 2902 0.1934
556.5556 2902 0.1918
544.4444 2902 0.1876
566.2222 2902 0.1951
576.7778 2902 0.1988
573.7778 2902 0.1977
555.1111 2902 0.1913
550 2902 0.1895
581.4444 2902 0.2004
538.8889 2902 0.1857
552.2222 2902 0.1903
618.4444 2902 0.2131
635.1111 2902 0.2189
654.7778 2902 0.2256
667.3333 2902 0.23
690 2902 0.2378
680.6667 2902 0.2346
668.4444 2902 0.2303
600.3333 2902 0.2069
477.5556 2902 0.1646
388.7778 2902 0.134
413.3333 2902 0.1424
481.7778 2902 0.166
464.1111 2902 0.1599
440.4444 2902 0.1518
386.4444 2902 0.1332
370.8889 2902 0.1278
360.6667 2902 0.1243
332.1111 2902 0.1144
320.2222 2902 0.1103
346.4444 2902 0.1194
361.8889 2902 0.1247
377.7778 2902 0.1302
357.1111 2902 0.1231
264.7778 2902 0.0912
296.3333 2902 0.1021
342 2902 0.1178
419.2222 2902 0.1445
448.3333 2902 0.1545
504.4444 2902 0.1738
511.2222 2902 0.1762
597.4444 2902 0.2059
564.4444 2902 0.1945
478.2222 2902 0.1648
443.4444 2902 0.1528
484.1111 2902 0.1668
523.4444 2902 0.1804
521.5556 2902 0.1797
549 2902 0.1892
532.7778 2902 0.1836
465.2222 2902 0.1603
435 2902 0.1499
421.4444 2902 0.1452
385.8889 2902 0.133
349.8889 2902 0.1206
377 2902 0.1299
388.3333 2902 0.1338
337.1111 2902 0.1162
286.2222 2902 0.0986
311.5556 2902 0.1074
346.7778 2902 0.1195
361.5556 2902 0.1246
376.2222 2902 0.1296
415.7778 2902 0.1433
418.7778 2902 0.1443
427 2902 0.1471
386 2902 0.133
328.3333 2902 0.1131
306.7778 2902 0.1057
347.4444 2902 0.1197
342.3333 2902 0.118
353.8889 2902 0.1219
339.5556 2902 0.117
292 2902 0.1006
354.7778 2902 0.1223
352.2222 2902 0.1214
331.3333 2902 0.1142
343.7778 2902 0.1185
362.5556 2902 0.1249
367.4444 2902 0.1266
342.6667 2902 0.1181
332.1111 2902 0.1144
253.7778 2902 0.0874
244.3333 2902 0.0842
262 2902 0.0903
266.5556 2902 0.0919
294.3333 2902 0.1014
312.2222 2902 0.1076
302.5556 2902 0.1043
284.6667 2902 0.0981
265.3333 2902 0.0914
245.3333 2902 0.0845
264.7778 2902 0.0912
348.8889 2902 0.1202
411.5556 2902 0.1418
484.5556 2902 0.167
471.1111 2902 0.1623
411 2902 0.1416
446.3333 2902 0.1538
421.7778 2902 0.1453
419.7778 2902 0.1447
376.4444 2902 0.1297
350.5556 2902 0.1208
402 2902 0.1385
416 2902 0.1433
290.3333 2902 0.1
243.7778 2902 0.084
225.5556 2902 0.0777
247.3333 2902 0.0852
298.2222 2902 0.1028
354.2222 2902 0.1221
412.4444 2902 0.1421
400.3333 2902 0.138
365.6667 2902 0.126
365.3333 2902 0.1259
293.4444 2902 0.1011
342.7778 2902 0.1181
473 2902 0.163
529.1111 2902 0.1823
669 2902 0.2305
717.7778 2902 0.2473
784.8889 2902 0.2705
711.3333 2902 0.2451
635.7778 2902 0.2191
520.3333 2902 0.1793
498.7778 2902 0.1719
456.5556 2902 0.1573
475.5556 2902 0.1639
524.2222 2902 0.1806
507.4444 2902 0.1749
494.2222 2902 0.1703
539.1111 2902 0.1858
572.6667 2902 0.1973
552.8889 2902 0.1905
522.6667 2902 0.1801
459.2222 2902 0.1582
430.6667 2902 0.1484
389.7778 2902 0.1343
367.3333 2902 0.1266
335.5556 2902 0.1156
347.3333 2902 0.1197
429.2222 2902 0.1479
478.4444 2902 0.1649
513.3333 2902 0.1769
526.3333 2902 0.1814
505.8889 2902 0.1743
503.3333 2902 0.1734
493.1111 2902 0.1699
517 2902 0.1782
535.3333 2902 0.1845
554.7778 2902 0.1912
592.8889 2902 0.2043
609.7778 2902 0.2101
577.4444 2902 0.199
551 2902 0.1899
557.5556 2902 0.1921
588.8889 2902 0.2029
564.2222 2902 0.1944
651.4444 2902 0.2245
711.3333 2902 0.2451
696.3333 2902 0.2399
653.4444 2902 0.2252
623.8889 2902 0.215
572.7778 2902 0.1974
518.5556 2902 0.1787
495.7778 2902 0.1708
517.8889 2902 0.1785
515 2902 0.1775
505.7778 2902 0.1743
494.2222 2902 0.1703
616.6667 2902 0.2125
631.4444 2902 0.2176
602.2222 2902 0.2075
633.4444 2902 0.2183
640.6667 2902 0.2208
605.2222 2902 0.2086
633.2222 2902 0.2182
589.3333 2902 0.2031
547.1111 2902 0.1885
532.4444 2902 0.1835
561.5556 2902 0.1935
598 2902 0.2061
585.7778 2902 0.2019
613.3333 2902 0.2113
621.8889 2902 0.2143
622.1111 2902 0.2144
655.4444 2902 0.2259
714.1111 2902 0.2461
786.5556 2902 0.271
888.2222 2902 0.3061
948.1111 2902 0.3267
1013.3333 2902 0.3492
1013.5556 2902 0.3493
936.4444 2902 0.3227
785.3333 2902 0.2706
731.6667 2902 0.2521
757.8889 2902 0.2612
727.4444 2902 0.2507
799.8889 2902 0.2756
999 2902 0.3442
1098.8889 2902 0.3787
1122.5556 2902 0.3868
1037.6667 2902 0.3576
1080.3333 2902 0.3723
1120 2902 0.3859
1090.5556 2902 0.3758
1084.3333 2902 0.3737
1080.2222 2902 0.3722
1057.7778 2902 0.3645
1025.3333 2902 0.3533
950.5556 2902 0.3276
808.7778 2902 0.2787
863.7778 2902 0.2976
1058.6667 2902 0.3648
1074.8889 2902 0.3704
1037.1111 2902 0.3574
820.6667 2902 0.2828
701.4444 2902 0.2417
645.6667 2902 0.2225
597.3333 2902 0.2058
534.5556 2902 0.1842
462.3333 2902 0.1593
406.5556 2902 0.1401
432.8889 2902 0.1492
443.3333 2902 0.1528
411.1111 2902 0.1417
352.4444 2902 0.1214
285 2902 0.0982
251.5556 2902 0.0867
275.3333 2902 0.0949
255.8889 2902 0.0882
275.3333 2902 0.0949
250 2902 0.0861
271 2902 0.0934
232.8889 2902 0.0803
161.3333 2902 0.0556
162.7778 2902 0.0561
177.6667 2902 0.0612
216.1111 2902 0.0745
209.8889 2902 0.0723
210.6667 2902 0.0726
220.4444 2902 0.076
223.8889 2902 0.0771
203.1111 2902 0.07
227.3333 2902 0.0783
249.6667 2902 0.086
237.2222 2902 0.0817
275.6667 2902 0.095
282.5556 2902 0.0974
284.6667 2902 0.0981
238.5556 2902 0.0822
238 2902 0.082
249.7778 2902 0.0861
268.6667 2902 0.0926
306 2902 0.1054
321.2222 2902 0.1107
302.4444 2902 0.1042
288.1111 2902 0.0993
293.8889 2902 0.1013
295.6667 2902 0.1019
356.5556 2902 0.1229
423.5556 2902 0.146
450.4444 2902 0.1552
457 2902 0.1575
473.1111 2902 0.163
438.3333 2902 0.151
396.6667 2902 0.1367
356.5556 2902 0.1229
325.6667 2902 0.1122
373.3333 2902 0.1286
422 2902 0.1454
496.2222 2902 0.171
616.1111 2902 0.2123
611.7778 2902 0.2108
557.4444 2902 0.1921
573.7778 2902 0.1977
574.1111 2902 0.1978
608.5556 2902 0.2097
567 2902 0.1954
571.8889 2902 0.1971
574 2902 0.1978
656.1111 2902 0.2261
692.4444 2902 0.2386
658.3333 2902 0.2269
743.6667 2902 0.2563
810.6667 2902 0.2793
853.2222 2902 0.294
866 2902 0.2984
790.5556 2902 0.2724
665.6667 2902 0.2294
646.4444 2902 0.2228
608.1111 2902 0.2095
583.3333 2902 0.201
560.4444 2902 0.1931
561.1111 2902 0.1934
690.3333 2902 0.2379
772.6667 2902 0.2663
679.2222 2902 0.2341
583.8889 2902 0.2012
601.6667 2902 0.2073
586.7778 2902 0.2022
583 2902 0.2009
570.2222 2902 0.1965
551.4444 2902 0.19
596.6667 2902 0.2056
574.1111 2902 0.1978
564.6667 2902 0.1946
558.6667 2902 0.1925
595.2222 2902 0.2051
678 2902 0.2336
727 2902 0.2505
769.4444 2902 0.2651
731.6667 2902 0.2521
618 2902 0.213
607.6667 2902 0.2094
621.8889 2902 0.2143
614.3333 2902 0.2117
609.1111 2902 0.2099
648 2902 0.2233
706.2222 2902 0.2434
710.8889 2902 0.245
684.5556 2902 0.2359
595.6667 2902 0.2053
581.6667 2902 0.2004
578.7778 2902 0.1994
585.6667 2902 0.2018
578.2222 2902 0.1992
565.2222 2902 0.1948
496.5556 2902 0.1711
579.5556 2902 0.1997
562.5556 2902 0.1939
483.1111 2902 0.1665
515.1111 2902 0.1775
595.8889 2902 0.2053
675.3333 2902 0.2327
652.7778 2902 0.2249
625 2902 0.2154
622.5556 2902 0.2145
568.2222 2902 0.1958
546.7778 2902 0.1884
497 2902 0.1713
498.2222 2902 0.1717
515.3333 2902 0.1776
558.3333 2902 0.1924
613.1111 2902 0.2113
590.5556 2902 0.2035
539.1111 2902 0.1858
439.7778 2902 0.1515
432 2902 0.1489
496 2902 0.1709
544.5556 2902 0.1876
546.6667 2902 0.1884
611.8889 2902 0.2109
629.4444 2902 0.2169
558.2222 2902 0.1924
546 2902 0.1881
620.8889 2902 0.214
725.8889 2902 0.2501
745.7778 2902 0.257
693.7778 2902 0.2391
620 2902 0.2136
582.8889 2902 0.2009
649.7778 2902 0.2239
662.5556 2902 0.2283
600.6667 2902 0.207
607.6667 2902 0.2094
611 2902 0.2105
703.7778 2902 0.2425
830 2902 0.286
711.5556 2902 0.2452
656.1111 2902 0.2261
687.3333 2902 0.2368
711.6667 2902 0.2452
686 2902 0.2364
705.7778 2902 0.2432
664.5556 2902 0.229
651.2222 2902 0.2244
592 2902 0.204
566 2902 0.195
484.4444 2902 0.1669
450.2222 2902 0.1551
465 2902 0.1602
490.2222 2902 0.1689
481.4444 2902 0.1659
472.4444 2902 0.1628
449.6667 2902 0.155
405.3333 2902 0.1397
438.8889 2902 0.1512
381.2222 2902 0.1314
430 2902 0.1482
418.3333 2902 0.1442
521.3333 2902 0.1796
534.8889 2902 0.1843
505.4444 2902 0.1742
502.2222 2902 0.1731
467.2222 2902 0.161
492.8889 2902 0.1698
529.3333 2902 0.1824
565.1111 2902 0.1947
680.6667 2902 0.2346
674.7778 2902 0.2325
694.1111 2902 0.2392
753.7778 2902 0.2597
724.6667 2902 0.2497
803.1111 2902 0.2767
802.5556 2902 0.2766
798.7778 2902 0.2753
801.2222 2902 0.2761
664.1111 2902 0.2288
611.5556 2902 0.2107
576.3333 2902 0.1986
530.5556 2902 0.1828
513.7778 2902 0.177
528.1111 2902 0.182
561.1111 2902 0.1934
650.2222 2902 0.2241
768.2222 2902 0.2647
756.6667 2902 0.2607
699.8889 2902 0.2412
652.2222 2902 0.2247
616 2902 0.2123
703.3333 2902 0.2424
666.5556 2902 0.2297
673.1111 2902 0.2319
675.4444 2902 0.2328
715.5556 2902 0.2466
718.3333 2902 0.2475
673.6667 2902 0.2321
678.7778 2902 0.2339
722.3333 2902 0.2489
765.6667 2902 0.2638
734.6667 2902 0.2532
633.1111 2902 0.2182
634.2222 2902 0.2185