772.3333 2902 0.2661
668 2902 0.2302
601.3333 2902 0.2072
654.2222 2902 0.2254
759.5556 2902 0.2617
892.4444 2902 0.3075
882.3333 2902 0.304
1021.8889 2902 0.3521
1063.8889 2902 0.3666
952.3333 2902 0.3282
932.4444 2902 0.3213
984.3333 2902 0.3392
1079.7778 2902 0.3721
1062.3333 2902 0.3661
1074 2902 0.3701
1153 2902 0.3973
1211.2222 2902 0.4174
1245.6667 2902 0.4292
1274.8889 2902 0.4393
1306.8889 2902 0.4503
1394.8889 2902 0.4807
1330.3333 2902 0.4584
1231.4444 2902 0.4243
1116.3333 2902 0.3847
995.3333 2902 0.343
832 2902 0.2867
793.7778 2902 0.2735
853.2222 2902 0.294
884.6667 2902 0.3048
887.3333 2902 0.3058
997.8889 2902 0.3439
1024.8889 2902 0.3532
1077.5556 2902 0.3713
1069.7778 2902 0.3686
1061.3333 2902 0.3657
983.3333 2902 0.3388
946.7778 2902 0.3263
988.1111 2902 0.3405
1011 2902 0.3484
930.6667 2902 0.3207
882.6667 2902 0.3042
860.2222 2902 0.2964
838.4444 2902 0.2889
800.3333 2902 0.2758
781 2902 0.2691
733.8889 2902 0.2529
688 2902 0.2371
656.8889 2902 0.2264
681 2902 0.2347
676.2222 2902 0.233
663.7778 2902 0.2287
573.2222 2902 0.1975
537.3333 2902 0.1852
564.1111 2902 0.1944
645.2222 2902 0.2223
749.8889 2902 0.2584
740.6667 2902 0.2552
762.1111 2902 0.2626
803.3333 2902 0.2768
723.6667 2902 0.2494
632.1111 2902 0.2178
705.1111 2902 0.243
729.7778 2902 0.2515
719.5556 2902 0.248
675.3333 2902 0.2327
748.6667 2902 0.258
837.7778 2902 0.2887
861.5556 2902 0.2969
861.1111 2902 0.2967
864.7778 2902 0.298
847.3333 2902 0.292
803.5556 2902 0.2769
816.8889 2902 0.2815
758 2902 0.2612
825 2902 0.2843
775.3333 2902 0.2672
721.4444 2902 0.2486
672.8889 2902 0.2319
702.1111 2902 0.2419
674.6667 2902 0.2325
607.7778 2902 0.2094
541.1111 2902 0.1865
499 2902 0.172
533.5556 2902 0.1839
532 2902 0.1833
576.7778 2902 0.1988
594.6667 2902 0.2049
588.4444 2902 0.2028
623.5556 2902 0.2149
673.7778 2902 0.2322
710.2222 2902 0.2447
769.3333 2902 0.2651
809.8889 2902 0.2791
854.1111 2902 0.2943
832.3333 2902 0.2868
867.2222 2902 0.2988
867.4444 2902 0.2989
802.2222 2902 0.2764
748 2902 0.2578
678.1111 2902 0.2337
620 2902 0.2136
566.7778 2902 0.1953
640.8889 2902 0.2208
559.5556 2902 0.1928
434.4444 2902 0.1497
443.5556 2902 0.1528
514.7778 2902 0.1774
506.5556 2902 0.1746
530.4444 2902 0.1828
557.1111 2902 0.192
596.4444 2902 0.2055
600.7778 2902 0.207
601.4444 2902 0.2073
611.4444 2902 0.2107
647.8889 2902 0.2233
709 2902 0.2443
720.3333 2902 0.2482
773 2902 0.2664
798.3333 2902 0.2751
786 2902 0.2708
828.2222 2902 0.2854
859.6667 2902 0.2962
820 2902 0.2826
852 2902 0.2936
836.1111 2902 0.2881
775.8889 2902 0.2674
817.2222 2902 0.2816
889.1111 2902 0.3064
912.3333 2902 0.3144
869.3333 2902 0.2996
885.8889 2902 0.3053
895.4444 2902 0.3086
874.7778 2902 0.3014
837.3333 2902 0.2885
843.7778 2902 0.2908
895.2222 2902 0.3085
924.7778 2902 0.3187
913.8889 2902 0.3149
962 2902 0.3315
997.1111 2902 0.3436
1021.5556 2902 0.352
1008.7778 2902 0.3476
1008.8889 2902 0.3477
911.3333 2902 0.314
809.2222 2902 0.2788
701.1111 2902 0.2416
670 2902 0.2309
672.8889 2902 0.2319
666.3333 2902 0.2296
704.1111 2902 0.2426
758 2902 0.2612
862.5556 2902 0.2972
891 2902 0.307
857.7778 2902 0.2956
888.3333 2902 0.3061
923.7778 2902 0.3183
986.8889 2902 0.3401
1031.5556 2902 0.3555
1046.2222 2902 0.3605
1118.1111 2902 0.3853
1155.8889 2902 0.3983
1191.6667 2902 0.4106
1190.1111 2902 0.4101
1200.2222 2902 0.4136
1227.5556 2902 0.423
1208.1111 2902 0.4163
1192.4444 2902 0.4109
1058.7778 2902 0.3648
963.1111 2902 0.3319
922.8889 2902 0.318
817.5556 2902 0.2817
799.5556 2902 0.2755
856.8889 2902 0.2953
920.2222 2902 0.3171
1229.3333 2902 0.4236
1276.7778 2902 0.44
1225.7778 2902 0.4224
1159.2222 2902 0.3995
1058.3333 2902 0.3647
993.5556 2902 0.3424
919.2222 2902 0.3168
943.4444 2902 0.3251
921.4444 2902 0.3175
883.6667 2902 0.3045
926.5556 2902 0.3193
976.8889 2902 0.3366
1168.7778 2902 0.4027
1217.7778 2902 0.4196
1246.3333 2902 0.4295
1223.7778 2902 0.4217
1167.7778 2902 0.4024
1014 2902 0.3494
918.5556 2902 0.3165
844.2222 2902 0.2909
851.8889 2902 0.2936
874.3333 2902 0.3013
848.3333 2902 0.2923
873 2902 0.3008
1001.6667 2902 0.3452
1041.1111 2902 0.3588
1003.2222 2902 0.3457
933.5556 2902 0.3217
926.1111 2902 0.3191
903.4444 2902 0.3113
915.1111 2902 0.3153
976.7778 2902 0.3366
1019.6667 2902 0.3514
1087.2222 2902 0.3746
1084.6667 2902 0.3738
1075.3333 2902 0.3705
1136 2902 0.3915
1177.6667 2902 0.4058
1155.1111 2902 0.398
1137.4444 2902 0.392
1032.6667 2902 0.3558
912.2222 2902 0.3143
923.2222 2902 0.3181
918.7778 2902 0.3166
955.1111 2902 0.3291
948.3333 2902 0.3268
972.3333 2902 0.3351
1036.3333 2902 0.3571
992.3333 2902 0.3419
1066.8889 2902 0.3676
1042.8889 2902 0.3594
1060.5556 2902 0.3655
1127 2902 0.3884
1101.1111 2902 0.3794
1122 2902 0.3866
1182.4444 2902 0.4075
1233.6667 2902 0.4251
1297.7778 2902 0.4472
1319.5556 2902 0.4547
1369.3333 2902 0.4719
1304.8889 2902 0.4497
1286.4444 2902 0.4433
1284.5556 2902 0.4426
1258.3333 2902 0.4336
1169.2222 2902 0.4029
1119.8889 2902 0.3859
1131.6667 2902 0.39
1045.4444 2902 0.3602
963.8889 2902 0.3321
915.8889 2902 0.3156
869.4444 2902 0.2996
865 2902 0.2981
839 2902 0.2891
807.7778 2902 0.2784
792.1111 2902 0.273
778 2902 0.2681
800.5556 2902 0.2759
839.6667 2902 0.2893
895.5556 2902 0.3086
920.6667 2902 0.3173
979.4444 2902 0.3375
970.7778 2902 0.3345
949.3333 2902 0.3271
923.7778 2902 0.3183
861.3333 2902 0.2968
852.4444 2902 0.2937
879.2222 2902 0.303
945.3333 2902 0.3258
1032.6667 2902 0.3558
1017.8889 2902 0.3508
915.7778 2902 0.3156
902.2222 2902 0.3109
837.5556 2902 0.2886
802.1111 2902 0.2764
762.3333 2902 0.2627
736.3333 2902 0.2537
679.7778 2902 0.2342
661.8889 2902 0.2281
594.5556 2902 0.2049
584.6667 2902 0.2015
586.8889 2902 0.2022
594 2902 0.2047
600.7778 2902 0.207
633.7778 2902 0.2184
666 2902 0.2295
686.4444 2902 0.2365
676.4444 2902 0.2331
650.5556 2902 0.2242
644.4444 2902 0.2221
665 2902 0.2292
671.7778 2902 0.2315
712.4444 2902 0.2455
754.5556 2902 0.26
762.3333 2902 0.2627
760.3333 2902 0.262
769.3333 2902 0.2651
760.3333 2902 0.262
759.5556 2902 0.2617
795.2222 2902 0.274
771.3333 2902 0.2658
771.8889 2902 0.266
813.7778 2902 0.2804
801.7778 2902 0.2763
792.1111 2902 0.273
757 2902 0.2609
733.8889 2902 0.2529
775.6667 2902 0.2673
852.8889 2902 0.2939
895.8889 2902 0.3087
968 2902 0.3336
1042 2902 0.3591
1124 2902 0.3873
1151.3333 2902 0.3967
1203.7778 2902 0.4148
1236.1111 2902 0.426
1242.8889 2902 0.4283
1177.7778 2902 0.4059
1179.5556 2902 0.4065
1221.3333 2902 0.4209
1147 2902 0.3952
1213.8889 2902 0.4183
1186.8889 2902 0.409
1187.4444 2902 0.4092
1391.5556 2902 0.4795
1489.7778 2902 0.5134
1466.4444 2902 0.5053
1380.7778 2902 0.4758
1398.7778 2902 0.482
1383.5556 2902 0.4768
1409.4444 2902 0.4857
1374.6667 2902 0.4737
1406.3333 2902 0.4846
1423.1111 2902 0.4904
1417.1111 2902 0.4883
1360.8889 2902 0.4689
1315 2902 0.4531
1284.4444 2902 0.4426
1309.7778 2902 0.4513
1301.5556 2902 0.4485
1262.1111 2902 0.4349
1234.3333 2902 0.4253
1117.7778 2902 0.3852
1131.8889 2902 0.39
1109 2902 0.3822
1039.1111 2902 0.3581
998.6667 2902 0.3441
1037.6667 2902 0.3576
1198.6667 2902 0.413
1300 2902 0.448
1297.8889 2902 0.4472
1355.7778 2902 0.4672
1332.3333 2902 0.4591
1248.8889 2902 0.4304
1223.2222 2902 0.4215
1263.7778 2902 0.4355
1268.2222 2902 0.437
1220 2902 0.4204
1156.4444 2902 0.3985
1049.8889 2902 0.3618
1025.1111 2902 0.3532
1041.6667 2902 0.3589
1083 2902 0.3732
1161.6667 2902 0.4003
1204.4444 2902 0.415
1149.1111 2902 0.396
1139.2222 2902 0.3926
1072 2902 0.3694
1031.6667 2902 0.3555
1037.4444 2902 0.3575
1009.6667 2902 0.3479
1003.7778 2902 0.3459
1081.5556 2902 0.3727
1080.3333 2902 0.3723
1027.6667 2902 0.3541
952.5556 2902 0.3282
827.5556 2902 0.2852
732.4444 2902 0.2524
621.5556 2902 0.2142
630.6667 2902 0.2173
612.4444 2902 0.211
649.1111 2902 0.2237
586.1111 2902 0.202
657.7778 2902 0.2267
686.7778 2902 0.2367
638.6667 2902 0.2201
652 2902 0.2247
618.7778 2902 0.2132
589 2902 0.203
663.6667 2902 0.2287
635.8889 2902 0.2191
596.8889 2902 0.2057
605.6667 2902 0.2087
640.4444 2902 0.2207
751.5556 2902 0.259
762.6667 2902 0.2628
865.1111 2902 0.2981
940.2222 2902 0.324
870.6667 2902 0.3
810.6667 2902 0.2793
787.7778 2902 0.2715
776.7778 2902 0.2677
790.3333 2902 0.2723
765.8889 2902 0.2639
741.3333 2902 0.2555
735.7778 2902 0.2535
708 2902 0.244
769.2222 2902 0.2651
838 2902 0.2888
838.1111 2902 0.2888
881.2222 2902 0.3037
872.8889 2902 0.3008
820.2222 2902 0.2826
792.5556 2902 0.2731
756.4444 2902 0.2607
757.6667 2902 0.2611
721.5556 2902 0.2486
687.2222 2902 0.2368
690.1111 2902 0.2378
714.8889 2902 0.2463
797.4444 2902 0.2748
866.5556 2902 0.2986
847.8889 2902 0.2922
692.2222 2902 0.2385
603.5556 2902 0.208
655.6667 2902 0.2259
695.2222 2902 0.2396
750.2222 2902 0.2585
760.2222 2902 0.262
801.6667 2902 0.2762
745.4444 2902 0.2569
758.1111 2902 0.2612
712.2222 2902 0.2454
747.2222 2902 0.2575
776 2902 0.2674
870.6667 2902 0.3
898.4444 2902 0.3096
800.7778 2902 0.2759
739.4444 2902 0.2548
668 2902 0.2302
610.1111 2902 0.2102
605.8889 2902 0.2088
675.4444 2902 0.2328
713 2902 0.2457
709.4444 2902 0.2445
695.7778 2902 0.2398
667.8889 2902 0.2301
666.1111 2902 0.2295
605.2222 2902 0.2086
547.4444 2902 0.1886
578.1111 2902 0.1992
629.4444 2902 0.2169
614 2902 0.2116
614.2222 2902 0.2117
617.4444 2902 0.2128
662.6667 2902 0.2283
684 2902 0.2357
757.8889 2902 0.2612
879.5556 2902 0.3031
900.3333 2902 0.3102
921.6667 2902 0.3176
943.1111 2902 0.325
887.7778 2902 0.3059
879 2902 0.3029
866.8889 2902 0.2987
853.6667 2902 0.2942
872 2902 0.3005
800.2222 2902 0.2757
880.3333 2902 0.3034
919.5556 2902 0.3169
904.5556 2902 0.3117
851.1111 2902 0.2933
804.8889 2902 0.2774
767.2222 2902 0.2644
791.7778 2902 0.2728
777.8889 2902 0.2681
754.2222 2902 0.2599
731.7778 2902 0.2522
705.3333 2902 0.2431
791.4444 2902 0.2727
823.6667 2902 0.2838
856.5556 2902 0.2952
878.5556 2902 0.3027
925.7778 2902 0.319
942.8889 2902 0.3249
935.7778 2902 0.3225
857 2902 0.2953
918.1111 2902 0.3164
908.4444 2902 0.313
803.2222 2902 0.2768
815.5556 2902 0.281
791.5556 2902 0.2728
794.7778 2902 0.2739
804.5556 2902 0.2772
766.2222 2902 0.264
676.7778 2902 0.2332
589.8889 2902 0.2033
674.6667 2902 0.2325
743.6667 2902 0.2563
759.2222 2902 0.2616
800.5556 2902 0.2759
867 2902 0.2988
908.2222 2902 0.313
953.4444 2902 0.3285
940.4444 2902 0.3241
993.4444 2902 0.3423
1051 2902 0.3622
1102.1111 2902 0.3798
1051.3333 2902 0.3623
1039.7778 2902 0.3583
988.4444 2902 0.3406
967.2222 2902 0.3333
897.4444 2902 0.3093
838.4444 2902 0.2889
866.5556 2902 0.2986
943.7778 2902 0.3252
959.4444 2902 0.3306
936.1111 2902 0.3226
878.1111 2902 0.3026
727.2222 2902 0.2506
760.5556 2902 0.2621
728.2222 2902 0.2509
741.5556 2902 0.2555
703.2222 2902 0.2423
746.5556 2902 0.2573
757.1111 2902 0.2609
787.5556 2902 0.2714
769.5556 2902 0.2652
639.8889 2902 0.2205
553.5556 2902 0.1907
526.7778 2902 0.1815
557.7778 2902 0.1922
605.7778 2902 0.2087
632.2222 2902 0.2179
614.8889 2902 0.2119
615.6667 2902 0.2122
600.8889 2902 0.2071
578.2222 2902 0.1992
553.5556 2902 0.1907
509 2902 0.1754
508.6667 2902 0.1753
564.2222 2902 0.1944
551.6667 2902 0.1901
498 2902 0.1716
468.6667 2902 0.1615
523.7778 2902 0.1805
510.5556 2902 0.1759
594.6667 2902 0.2049
615.6667 2902 0.2122
607.6667 2902 0.2094
702.8889 2902 0.2422
700.1111 2902 0.2413
626.2222 2902 0.2158
647.1111 2902 0.223
649.3333 2902 0.2238
649.3333 2902 0.2238
705 2902 0.2429
734.3333 2902 0.253
701.3333 2902 0.2417
653.6667 2902 0.2252
613 2902 0.2112
609.2222 2902 0.2099
601.4444 2902 0.2073
591.4444 2902 0.2038
720.8889 2902 0.2484
736.2222 2902 0.2537
738.3333 2902 0.2544
700.6667 2902 0.2414
701.2222 2902 0.2416
749.7778 2902 0.2584
764.7778 2902 0.2635
807.3333 2902 0.2782
835.3333 2902 0.2878
875.6667 2902 0.3017
864.1111 2902 0.2978
935.4444 2902 0.3223
968.7778 2902 0.3338
1046.2222 2902 0.3605
1026.6667 2902 0.3538
1029.8889 2902 0.3549
1033.8889 2902 0.3563
1076.5556 2902 0.371
958.3333 2902 0.3302
968.7778 2902 0.3338
961.7778 2902 0.3314
929.4444 2902 0.3203
957.1111 2902 0.3298
1040.4444 2902 0.3585
1104.8889 2902 0.3807
1149 2902 0.3959
1184.3333 2902 0.4081
1108.7778 2902 0.3821
1069.2222 2902 0.3684
1140.6667 2902 0.3931
1115.1111 2902 0.3843
1098.1111 2902 0.3784
1024.1111 2902 0.3529
1034.8889 2902 0.3566
1042.8889 2902 0.3594
1109.2222 2902 0.3822
1185.8889 2902 0.4086
1163.6667 2902 0.401
1188.4444 2902 0.4095
1242.1111 2902 0.428
1156.8889 2902 0.3987
1158.2222 2902 0.3991
1027.3333 2902 0.354
957.2222 2902 0.3298
909.5556 2902 0.3134
910.2222 2902 0.3137
890.5556 2902 0.3069
823 2902 0.2836
894.5556 2902 0.3083
877.7778 2902 0.3025
863.8889 2902 0.2977
831.8889 2902 0.2867
761.5556 2902 0.2624
757.4444 2902 0.261
805.3333 2902 0.2775
730.8889 2902 0.2519
658.3333 2902 0.2269
636 2902 0.2192
627.8889 2902 0.2164
673.5556 2902 0.2321
641.7778 2902 0.2212
715.2222 2902 0.2465
786.8889 2902 0.2712
864.5556 2902 0.2979
873.7778 2902 0.3011
858.4444 2902 0.2958
875.2222 2902 0.3016
830.8889 2902 0.2863
829.8889 2902 0.286
831.3333 2902 0.2865
801.3333 2902 0.2761
822.1111 2902 0.2833
869.2222 2902 0.2995
926.7778 2902 0.3194
942 2902 0.3246
933.1111 2902 0.3215
938.2222 2902 0.3233
933.6667 2902 0.3217
966.3333 2902 0.333
985.3333 2902 0.3395
932.8889 2902 0.3215
965.6667 2902 0.3328
1031.2222 2902 0.3553
994.8889 2902 0.3428
918.7778 2902 0.3166
845.2222 2902 0.2913
798 2902 0.275
782.6667 2902 0.2697
790.2222 2902 0.2723
789.2222 2902 0.272
743.3333 2902 0.2561
667.8889 2902 0.2301
669.7778 2902 0.2308
631.4444 2902 0.2176
601.1111 2902 0.2071
625.3333 2902 0.2155
643.8889 2902 0.2219
639.3333 2902 0.2203
583.8889 2902 0.2012
599.6667 2902 0.2066
617.2222 2902 0.2127
655.1111 2902 0.2257
684.6667 2902 0.2359
676 2902 0.2329
648.8889 2902 0.2236
645.7778 2902 0.2225
663.5556 2902 0.2287
688.1111 2902 0.2371
595.5556 2902 0.2052
569.7778 2902 0.1963
644 2902 0.2219
573.2222 2902 0.1975
524.3333 2902 0.1807
478.6667 2902 0.1649
505.8889 2902 0.1743
478.2222 2902 0.1648
520.3333 2902 0.1793
536.4444 2902 0.1849
578.2222 2902 0.1992
598.2222 2902 0.2061
621.4444 2902 0.2141
687.8889 2902 0.237
659.5556 2902 0.2273
619.1111 2902 0.2133
658.7778 2902 0.227
690.4444 2902 0.2379
736.5556 2902 0.2538
906.7778 2902 0.3125
912.3333 2902 0.3144
878.3333 2902 0.3027
1028 2902 0.3542
1153.1111 2902 0.3974
1116.7778 2902 0.3848
1157.2222 2902 0.3988
1108 2902 0.3818
1121 2902 0.3863
1146.8889 2902 0.3952
992.1111 2902 0.3419
894.6667 2902 0.3083
935.1111 2902 0.3222
935.1111 2902 0.3222
921.6667 2902 0.3176
926.8889 2902 0.3194
965.4444 2902 0.3327
1119 2902 0.3856
1151.3333 2902 0.3967
1118 2902 0.3853
1017 2902 0.3504
1007.3333 2902 0.3471
953.7778 2902 0.3287
1039.1111 2902 0.3581
1010.4444 2902 0.3482
972.2222 2902 0.335
929.5556 2902 0.3203
914.2222 2902 0.315
837.7778 2902 0.2887
733 2902 0.2526
674.1111 2902 0.2323
679.1111 2902 0.234
653.8889 2902 0.2253
680.3333 2902 0.2344
717.8889 2902 0.2474
730.2222 2902 0.2516
688.2222 2902 0.2372
752.5556 2902 0.2593
796.4444 2902 0.2744
768.1111 2902 0.2647
784.4444 2902 0.2703
860 2902 0.2963
891.6667 2902 0.3073
801.7778 2902 0.2763
710 2902 0.2447
660 2902 0.2274
670.5556 2902 0.2311
694 2902 0.2391
742.1111 2902 0.2557
843.5556 2902 0.2907
973.6667 2902 0.3355
1059 2902 0.3649
1049.8889 2902 0.3618
948 2902 0.3267
950 2902 0.3274
1044.8889 2902 0.3601
1051.8889 2902 0.3625
962.3333 2902 0.3316
891.5556 2902 0.3072
866.1111 2902 0.2985